YYYY,MM,DD,YYYYMM,ID_01,ID_02,ID_03,ID_04,ID_05,ID_06,ID_07,ID_08,ID_09,ID_10,ID_11,ID_12,ID_13,ID_14,ID_15,ID_16,ID_17,ID_18,ID_19,ID_20,ID_21,ID_22,ID_23,ID_24,ID_25,ID_26,ID_27
2005,1,1,200501,1.67,3.32,2.35,7.13,5.75,6.11,7.66,-2.18,-7.01,-11.23,4.25,11.67,10.58,9.56,14.34,12.6,18.72,14.45,13.77,15.76,15.17,-0.31,-7.72,5.85,1.36,3.02,-1.18
2005,1,2,200501,-8.27,-1.53,-2.42,3.3,2.51,9.86,10.16,0.49,-2.39,-9.63,3.41,13.4,9.74,8.83,14.64,13.64,18.55,15.29,13.73,16.69,16.26,-1.94,-8.4,4.86,1.01,2.54,-2.61
2005,1,3,200501,-0.55,4.22,3.14,7.68,6.88,7.96,11.26,-1.65,-9.5,-13.76,0.4,11.03,11.7,10.95,15.8,14.48,18.47,15.98,14.89,17.27,17.39,-1.51,-7.68,6.12,1.82,3.71,-4.19
2005,1,4,200501,-1.48,5,2.28,10.02,8.45,4.33,8.34,-2.86,-8.81,-13.36,-3.78,5.88,14.16,13.15,16.25,15.31,18.29,16.03,15.69,15.65,17.77,-1.62,-8.88,4.93,2.26,2.78,-5.18
2005,1,5,200501,-5.8,0.63,-1.92,6.29,3.58,2.72,5.12,-5.18,-9.8,-17.57,-10.31,3.54,14.07,11.31,15.86,15.56,19.21,16.17,15.14,11.82,14.85,-8.37,-11.94,1.53,-0.93,2.06,-6.74
2005,1,6,200501,-10.12,-2.19,-4.3,4.87,0.89,-2.51,1.59,-5.66,-9.64,-17.68,-12.48,-5.1,12.21,9.84,16.18,15.32,20.01,13.71,11.58,2.17,5.31,-9.02,-11.05,0.31,-3.22,2.67,-5.25
2005,1,7,200501,-4.56,-0.05,-2.54,4.59,-0.45,-5.47,-2.76,-5.99,-13,-15.38,-9.19,-4.8,7.91,3.91,15.56,14.22,20.6,9.42,4.18,3.04,6.41,-8.51,-9.17,0.21,-3.79,2.94,-1.92
2005,1,8,200501,-6.17,-2.38,-3.04,3.37,0.24,-1.42,0.85,-5.05,-11.11,-14.2,-8.47,-2.41,8.79,5.86,17.22,15.42,20.41,12.65,9.29,4.11,7.82,-5.35,-7.62,3.82,0.06,3.77,-2.04
2005,1,9,200501,-5.76,-2.27,-4.2,1.58,-1.56,-1.73,-0.65,-3.83,-9.65,-12.79,-2.72,0.57,4.68,2.68,14.36,11.49,19.77,8.74,6.07,6.79,11.34,-0.31,-7.09,6.43,2.19,5.37,-2.57
2005,1,10,200501,-4.66,-1.5,-2.14,2.26,0.42,-1.24,1.21,-3.31,-9.95,-13.69,-4.59,1.48,5.92,4.55,12.99,10.8,18.99,11.24,8.36,12.26,15.62,1.54,-5.97,8.55,4.01,6.45,-3.15
2005,1,11,200501,-7.07,-2.6,-4.01,2.05,-0.07,3.1,4.21,-3.74,-7.26,-11.98,-4.64,6.58,7.61,6.11,13.97,11.15,18.54,15.06,13.24,15.28,15.5,0.15,-5.42,8.15,3.25,5.05,-4.11
2005,1,12,200501,-9.64,-1.07,-1.84,5.62,4.82,8.29,10.45,-0.19,-2.29,-7.33,-2.1,10.61,11.53,11.26,15.9,14,19.54,16.79,15.85,16.27,15.39,-2.07,-7.59,3.44,-0.47,2.04,-3.6
2005,1,13,200501,-1.5,2.46,3.93,8.43,9.05,6.74,12.96,2.13,-6.38,-14.37,-4.91,5.79,14.06,12.63,17.96,16.77,20.86,16.64,15.42,11.62,9.35,-7.32,-11.96,1.27,-3.55,2.27,-3.26
2005,1,14,200501,4.53,7.85,3.57,10.93,5.38,-8.31,-2.19,-9.85,-19.88,-23.81,-13.55,-7.47,11.35,7.76,14.94,15.63,20.09,6.05,3.9,2.14,4.04,-7.65,-13.86,2.94,-2.37,4.01,-4.9
2005,1,15,200501,-6.88,-2.26,-6.19,-0.72,-5.25,-11.36,-7.28,-13.05,-20.6,-23.83,-14.83,-9.44,0.17,-1.89,6.41,3.69,14.74,1.83,0.31,0.3,4.74,-8.28,-14.14,3.94,-0.49,5.08,-5.28
2005,1,16,200501,-7.19,-3.65,-6.51,-1,-4.89,-11.09,-6.73,-12.62,-19.87,-23.49,-13.94,-9.93,-0.37,-2.01,5.83,3.25,13.45,1.58,-0.75,-1.22,3.08,-6.32,-9.7,4.89,0.55,6.24,-1.58
2005,1,17,200501,-8.89,-4.57,-7.9,-2.61,-7.31,-14.99,-11.79,-12.58,-20.14,-22.16,-10.72,-12.12,-4.55,-7.08,0.2,-1.17,7.84,-4.15,-6.78,-3.28,1.93,-3.02,-4.78,5.94,1.1,7.02,0.28
2005,1,18,200501,-15.84,-12.34,-15.44,-8.6,-11.96,-14.1,-12.57,-13.53,-18.17,-12.61,-6.35,-8.37,-9.48,-11.01,-1.79,-5.64,6.7,-4.62,-7.26,-1.64,4.17,-2.33,-1.12,6.44,1.06,7.93,4.67
2005,1,19,200501,-16.81,-11.9,-13.16,-8.98,-10.47,-4.15,-6.4,-7.05,-8.77,-6.73,1.14,-1.17,-8.01,-7.92,-1.58,-5.29,9.05,-0.76,-2.66,3.2,8.76,0.56,1.07,7.53,2.39,8.64,5.59
2005,1,20,200501,-8.36,-4.79,-8.39,-3.44,-5.69,-3.47,-3.89,-10.11,-9.63,-6.75,3.33,0.47,-2.81,-3.28,3.64,0.13,10.81,4.26,0.4,9.02,12.16,1.82,1.89,8.1,3.56,8.86,5.51
2005,1,21,200501,-18.31,-13.33,-17.09,-7.91,-11.53,-2.67,-5.65,-11.93,-8.45,-6.42,3.19,1.3,-1.81,-4.71,8.41,3.5,14.06,8.41,4.53,11.34,13.21,2.45,1.09,8.96,4.14,8.69,5.13
2005,1,22,200501,-19.9,-14.71,-17.46,-9.35,-13.65,-3.84,-6.23,-10.09,-7.83,-13.1,-2.21,-1.83,-4.72,-5.76,12.32,2.84,16.75,9.45,5.36,9.11,12.78,-0.88,-2.93,8.37,3.18,7.92,4.03
2005,1,23,200501,-15.7,-7.9,-14.22,-5.01,-11.81,-8.38,-10.93,-14.16,-14.67,-11.81,-6.55,-7.9,-7.42,-9.28,1.41,-0.8,11.53,-3.35,-6.08,-2.64,2.51,-0.78,-0.07,8.86,1.97,8.21,4.7
2005,1,24,200501,-17.88,-14.68,-16.63,-13.31,-15.71,-4.99,-10.42,-9.01,-9.18,-4.85,1.38,-2.49,-9.38,-11.07,-2.87,-4.9,3.8,-2.91,-4.46,0.29,4.56,1.56,0.78,8.59,2.78,8.46,4.31
2005,1,25,200501,-12.32,-8.56,-8.73,-5.82,-6.51,-2.16,-3.98,-4.89,-6.02,-2.23,5.1,1.92,-2.4,-3.65,1.35,0.1,7.59,2,0.5,6.44,10.66,0.85,0.01,8.18,3.74,9.12,3.92
2005,1,26,200501,-14.56,-7.09,-8.24,-1.05,-2.45,-0.42,-1.19,-5.67,-5.53,-6.19,3.23,3.63,0.88,0.4,8.92,4.21,12.94,9.55,6.26,10.83,12.81,-0.3,-0.83,8.34,3.95,8.3,4.51
2005,1,27,200501,-17.92,-10.62,-16.61,-7.03,-11.87,-4.48,-7.67,-14.43,-13.35,-9.58,-0.87,-0.69,-1.69,-4.92,9.95,4.84,16.33,5.33,1.91,6.35,10.8,0.58,-0.91,6.95,3.54,6.04,4.17
2005,1,28,200501,-18.62,-16.02,-18.51,-13.26,-15.2,-6.84,-9.69,-12.9,-12.28,-5.63,-0.5,-1.82,-6.77,-8.41,2.42,-2.94,14.89,2.74,-0.22,4.21,8.12,-0.46,-0.47,5.57,1.66,5.57,2.94
2005,1,29,200501,-13.93,-11.75,-11.71,-9.4,-9.85,-2.02,-4.25,-7.95,-5.94,-4.44,0.58,0.15,-5.3,-5.26,2,-1.85,15.42,3.44,-0.07,5.59,9.04,-1.12,-1.07,5.31,1.2,3.84,2.58
2005,1,30,200501,-8.22,-5.24,-6.06,-2.94,-3.41,-1.45,-1.41,-4.21,-5.9,-5.08,0.01,0.35,-0.51,-0.49,4.87,3.81,16.31,4.48,1.42,4.77,9.56,-2.16,-1.92,3.49,-0.58,3.26,1.67
2005,1,31,200501,-10.49,-6.12,-8.72,-3.8,-6.25,-2.19,-4.04,-5.32,-4.04,-3.7,0.81,0.01,-1.95,-2.56,4.17,1.96,12.93,4.09,1.98,5.35,7.78,-3.08,-2.92,3.75,-1.51,4.25,2.97
2005,2,1,200502,-9.11,-7.07,-8.6,-4.54,-5.59,-0.97,-2.67,-3.59,-2.13,-3.61,0.39,0.43,-1.04,-1.48,5.7,2.08,13.2,5.95,4.28,5.07,5.6,-5,-3.14,3.75,-1.53,4.71,1.61
2005,2,2,200502,-7.91,-6.12,-7.54,-4.15,-4.89,-0.85,-3.29,-2.57,-1.6,-2.73,0.74,1.14,-1.23,-1.32,5.47,2.12,15.43,6.65,5.19,5.76,4.71,-5.46,-3.42,2.67,-2.39,4.83,2.9
2005,2,3,200502,-6.72,-4.35,-5.89,-3.09,-3.56,-0.42,-1.35,-2.52,-2.57,-1.74,1.69,1.92,-0.31,-0.23,7.49,4.06,16.73,6.98,3.93,5.73,5.33,-3.99,-1.5,2.44,-1.92,5.37,4.28
2005,2,4,200502,-2.5,-0.06,-2.95,0.14,-2.05,0.94,-1.94,-2.5,-2.35,-0.57,3.54,3.69,0.2,-0.53,5.38,2.78,13.58,4.8,2.86,6.26,6.32,-2.25,-0.68,3.83,-0.92,5.75,4.36
2005,2,5,200502,-2.7,-1.19,-3.34,-0.27,-1.58,3.08,0.2,-1.76,-0.98,-0.23,4.4,5.43,1.49,0.64,5.43,3.88,11.21,5.49,4.44,6.55,7.3,-1.52,-1.38,5.87,0.67,6.13,1.09
2005,2,6,200502,-2.5,0.01,-1.41,1.36,0.52,4.72,1.73,0.05,1.27,-3.65,4.32,6.38,2.85,2.59,6.91,4.72,13.84,7.45,6.33,9.15,10.9,-2.15,-5.86,5.83,1.04,5.47,-0.95
2005,2,7,200502,-2.01,-0.1,-0.14,1.56,1.8,7.12,4.82,0.8,-2.88,-10.94,-0.88,7.77,4.41,4.35,9.18,6.13,16.31,10.85,8.07,12.03,11.96,-3.7,-6.38,5.79,1.16,5.21,-0.48
2005,2,8,200502,0.06,0.99,1.03,1.52,2.37,3.21,5.67,-1.94,-5.19,-12.05,-4.06,2.3,6.8,5.83,11.9,9.11,16.53,13.01,10.89,9.22,11.4,-4.57,-7.27,5.1,0.17,4.8,-1.32
2005,2,9,200502,0.62,2.06,0.46,4.04,3.61,1.16,3.03,-4.18,-5.64,-9.05,-4.25,1.01,9.56,7.49,14.76,12.16,17.98,13.45,11.76,8.32,11.29,-6.66,-6.87,4.86,-0.94,5.22,-1.67
2005,2,10,200502,-0.52,2.59,-1.23,4.54,0.5,-2.21,-1.79,-4.71,-6.65,-8.17,-2.12,-2.37,6.05,2.64,9.86,10.01,16.54,5.09,2.6,4.44,6.75,-4.67,-5.31,5.75,-0.04,5.91,-1.43
2005,2,11,200502,-5.12,-2.11,-5.37,-0.85,-4.14,-1.62,-2.94,-3.89,-4.21,-4.59,0.64,-0.14,-1.49,-2.92,2.03,0.89,7.1,1.97,0.38,5.88,8.25,-1.41,-3.58,7.73,2.11,6.45,-0.44
2005,2,12,200502,-6.86,-3.67,-3.88,-0.96,-2.03,0.81,0.23,-0.96,-2.33,-2.62,3.84,3.3,0.66,-0.19,4.22,2.33,7.8,5.35,3.71,8.63,10.77,2.27,-0.64,8.14,4.26,7.04,1.56
2005,2,13,200502,-5.3,-1.71,-4.26,0.29,-1.93,4.38,1.88,-2.63,-2.08,-0.9,7.6,8.36,3,1.82,8.58,5.49,12.03,9.69,7.06,12.73,14.39,1.97,-0.37,6.75,3.35,7.56,1.44
2005,2,14,200502,-9.13,-4.11,-5.43,0.22,-0.84,7.74,6.7,-0.54,-0.28,0.03,6.55,9.29,6.25,4.55,11.63,11,15.97,13.65,11.35,13.37,13.71,0.78,-1.45,8.41,4.3,7.99,-1.65
2005,2,15,200502,-0.36,3.06,1.52,7.44,4.24,7.2,6.2,-0.34,-2.33,-2.78,5.13,10.1,9.71,7.74,14.23,12.9,18.47,12.93,10.71,13.08,14.47,0.15,-5.47,8.94,3.8,7.35,-3.37
2005,2,16,200502,0.62,4.34,1.97,7.48,4.54,1.78,3.99,-3.16,-7.64,-6.3,0.13,3.88,10.01,7.53,16.24,14.13,19.18,13.45,10.82,10.77,13.95,-3.03,-7.92,9.39,3.43,7.92,-3.16
2005,2,17,200502,-2.14,0.64,-3.47,1.62,-1.63,-1.84,-2.04,-6.39,-11.16,-8.18,0.34,1.37,3.69,0.77,12.34,9.96,17.7,6.61,3.46,6.65,9.91,-3.26,-6.66,8.97,2.98,8.23,-2.18
2005,2,18,200502,-7.7,-2.84,-6.98,-2.48,-6.4,-3.3,-5.52,-9.54,-14.91,-9.12,0.89,2.42,-1.85,-4.23,3.69,1.73,12.36,2.82,1.31,6.23,8.6,-1.9,-5.42,9.13,3.22,8.28,-2.19
2005,2,19,200502,-11.15,-8.15,-10.99,-5.88,-7.88,-2.17,-4.63,-7.16,-8.82,-8.1,3.84,2.2,-2.48,-4.43,4.57,1.93,10.73,4.22,3.54,8.2,11.07,1.37,-3.59,7.67,4.24,7.35,-0.98
2005,2,20,200502,-11.16,-5.72,-7.27,-2.41,-3.52,2.84,-0.6,-5.22,-3.94,-5.59,7.29,8.26,0.19,-1.63,9.47,5.8,15.51,8.57,6.14,13.29,15.99,0.95,-2.15,6.42,3.8,6.64,0.17
2005,2,21,200502,-11.97,-4.01,-5.16,0.36,-0.64,5.2,4.34,-1.61,-3.47,-5.59,5.26,9.35,6.2,4.53,14.68,11.36,18.25,14.91,11.46,16.14,16,0.31,-2.22,6.91,3.32,7.16,-0.05
2005,2,22,200502,-6.52,-0.87,-2.82,1.33,-0.6,3.09,1.7,-3.35,-6.86,-5.37,4.39,6.24,8.51,5.2,17.87,13.77,19.58,15.49,11.08,14.43,15.88,0.45,-3.01,6.77,3.93,6.83,0.36
2005,2,23,200502,-5.34,-1.44,-4.2,1.24,-1.49,0.1,-0.67,-4.53,-7.21,-6.19,2.33,3.55,4.95,2.55,16.68,11.87,20,12.58,7.38,12.34,16.72,-0.63,-2.77,6.62,3.8,6.97,1.15
2005,2,24,200502,-9.82,-6.37,-8.93,-2.25,-4.57,0.05,-1.45,-4.88,-6.68,-5.16,1.55,2.05,2.01,0.05,16.19,8.96,19.83,10.95,6.91,8.73,12.65,-2.47,-2.03,6.15,2.12,6.48,2.38
2005,2,25,200502,-10.38,-5.62,-8.2,-3.36,-5.49,1.31,-2.32,-4.22,-3.75,-4,2.72,2.56,-0.7,-2.36,11.15,5.13,18.1,5.83,2.89,6.41,8.08,-2.2,-1.5,5.72,1.16,6.96,3.12
2005,2,26,200502,-10.48,-6.05,-6.68,-1.92,-3.57,1.73,0.1,-5.76,-5.07,-4.72,4.57,4.43,0.11,-1.43,8.6,4.35,16.31,6.02,4.3,8.17,8.64,-1.5,-0.89,6.03,1.5,6.78,3.3
2005,2,27,200502,-10.24,-5.76,-7.82,-2.5,-5.96,2.69,-1.71,-7.68,-4.52,-2.87,5.35,5.84,1.38,-0.8,9.79,5.22,17.77,8.09,5.58,9.24,9.68,-2.2,-1.51,6.21,1.74,7.04,3.96
2005,2,28,200502,-9.7,-5.44,-6.3,-1.43,-3.16,2.21,1.52,-3.64,-3.55,-5.94,0.22,2.84,0.52,0.5,9.39,5.62,17.77,9.1,7.04,8.01,10.19,-2.79,-2,6.49,2.21,6.94,4.51
2005,3,1,200503,-5.12,-1.93,-3.46,-0.45,-2.36,-3.28,-2.03,-4.37,-7.31,-7.8,-2.02,-2.96,-0.98,-1.56,5.94,3.5,13.98,3.17,-0.3,4.1,9.44,-2.44,-0.41,6.99,2.4,6.44,4.23
2005,3,2,200503,-6,-2.94,-4.9,-1.15,-4.43,-5.01,-4.74,-7.57,-9.91,-6.91,2.05,-1.48,-3.48,-4.33,1.28,-0.54,8.62,0.83,-0.86,4.83,10.4,-1.4,-0.2,7.5,3.06,6.79,4.81
2005,3,3,200503,-10.14,-7.16,-9.66,-3.69,-7.01,-4.85,-5.94,-8.06,-10.12,-5.66,5.81,1.98,-4.1,-5.17,4.06,0.22,8.25,3.98,2.11,8.43,12.09,-0.64,0.84,7.59,3.32,6.65,3.84
2005,3,4,200503,-10.55,-7.55,-8.49,-3.63,-6.9,-0.48,-4.06,-6.69,-6.68,-0.96,7.05,7.58,-1.97,-3.7,6.44,2.54,11.08,6.27,5.32,10.37,12.33,0.15,1.26,7.82,3.62,7.42,4.57
2005,3,5,200503,-7.17,-3.84,-5.97,-0.92,-3.25,2.52,0.7,-2.72,-3.39,0.1,6.91,6.75,2.95,1.02,8.69,6.42,12.93,9.42,8.48,11.93,13.88,1.41,1.81,8.25,4.39,7.31,4.8
2005,3,6,200503,-4.43,-2.17,-4.11,-0.59,-2.47,4.54,2.23,-0.77,-0.37,3.08,8.28,6.76,2.48,1.04,8.35,6.44,13.6,8.23,6.11,11.39,13.72,2.67,2.11,7.11,4.31,8.57,5.93
2005,3,7,200503,-3.22,1.38,-0.16,5.2,3.34,8.54,7.16,-0.4,-0.86,-0.19,7.75,10.14,6.83,5.92,10.05,8.64,15.65,10.43,8.22,13.54,14.59,1.57,1.72,7.43,4.54,9.76,7.94
2005,3,8,200503,-0.65,2.62,-2.2,5.78,0.34,-0.82,-1.03,-8.92,-10.23,-5.27,2.71,1.87,6.16,3.31,11.52,10.03,17.27,8.47,5.5,8.13,11.44,1.04,2.73,8.67,5.69,10.77,8.23
2005,3,9,200503,-12,-10.03,-13.14,-6.36,-8.99,-2.05,-4.22,-8.88,-11.44,-4.31,3.84,2,-2.61,-5,3.95,1.6,10.34,3.28,1.87,7.57,10.75,1.05,3.79,9.51,6.12,12.01,8.76
2005,3,10,200503,-12.74,-8.01,-9.67,-4.78,-6.83,-1.73,-3.92,-6.85,-7.01,-0.01,5.21,1.96,-1.05,-3.32,6.22,3.52,11.23,4.84,3.07,7.2,11.32,2.9,4.11,11.25,7.4,12.6,8.59
2005,3,11,200503,-8.21,-4.69,-5.82,-0.45,-2.89,1.42,-0.04,-3.49,-3.41,-0.59,4.87,4.03,2.34,0.33,7.57,5.76,12.78,6.72,4.49,9.43,12.34,2.14,3.18,11.12,6.73,12.54,8.69
2005,3,12,200503,-3.64,-0.42,-2.7,1.85,-1.47,0.73,-0.95,-4.8,-9.05,-3.74,8.81,7.23,2.46,0.14,7.55,6.22,13.67,7.02,5.97,10.68,12.69,3.65,3.6,11.58,7.08,12.65,7.88
2005,3,13,200503,-4.9,-1.49,-3.79,1.08,-2.31,-2.69,-2.47,-7.43,-11.54,-5.93,3.36,2.46,4.37,0.9,13.19,10.5,16.43,11.18,8.89,11.95,15,0.17,-1.41,10.62,5.67,10.58,4.01
2005,3,14,200503,-5.08,-2.9,-4.6,0.14,-3.54,-1.61,-3.01,-5.37,-6.42,-6.36,0.84,0.35,4.06,0.23,16.21,10.26,19.43,9.37,5.43,6.6,8.9,-5.1,-4.03,8.47,2.25,7.97,3.05
2005,3,15,200503,-2.32,-2.15,-3.83,-0.34,-2.96,-0.55,-0.53,-3.19,-5.97,-5.26,1.53,1.9,1.75,-0.83,12.08,6.09,20.06,6.09,2.35,6.46,7.9,-6.76,-4.34,3.4,-0.12,6.25,4.26
2005,3,16,200503,-2.64,-2.72,-3.65,-0.04,-1.44,1.65,-0.26,-2.73,-4.43,-3.86,2.59,3.35,2.39,0.45,12.18,6.83,21.15,7.7,3.64,5.52,6.43,-5.77,-1.65,2.73,-0.29,7.28,4.58
2005,3,17,200503,-3.96,-2.21,-3.3,0.53,-0.68,2.75,1.65,-2.59,-4.4,-3.32,3.76,4.31,1.98,1.18,8.2,4.4,18.93,6.66,3.94,5.82,6.1,-2.23,-0.25,5.57,1.77,7.8,2.77
2005,3,18,200503,-3.07,-0.85,-2.09,2.32,0.5,4.22,3.54,-2.78,-4.42,-3.17,4.33,4.8,2.63,2.9,6.64,4.55,14.84,6.82,4.21,7.46,9.61,-1.56,-2.52,7.53,3.33,7.92,2.38
2005,3,19,200503,-1.9,-1.03,-2.51,2.52,1.74,6.42,5.42,-1.79,-2.99,-4.56,0.34,5.06,5.42,4.97,8.35,7.66,12.38,8.96,7.41,9.97,13.33,-1.96,-0.96,7.11,4.43,7.82,4.5
2005,3,20,200503,-2.1,0.04,-0.21,3.92,4.2,3.57,5.04,-0.56,-2.9,-3.82,3.47,4.35,8.44,6.65,11.5,10.57,14.38,10.89,7.67,11.1,15.1,1.76,0.9,7.67,4.46,6.75,5.27
2005,3,21,200503,-2.61,1.54,0.02,5.57,2.34,3.01,2.46,-0.96,-3.6,-2.31,6.15,6.85,5.74,4.52,13.03,10.01,17.7,11.13,7.69,13.6,15.6,0.43,0.89,6.43,3.43,6.57,3.03
2005,3,22,200503,-1.34,0.74,-1.23,3.52,1.37,3.4,2.52,-1.55,-2.44,-1.07,3.79,6.95,4.98,3.86,15.02,10.4,21.14,12.52,9.62,13.71,13.31,-0.71,0.5,6.95,3.3,7.82,2.9
2005,3,23,200503,-1.46,1.11,-1.14,4.01,2.78,3.73,4.22,-2.25,-1.94,-0.47,2.8,5.38,9.47,6.96,17.88,15.57,22.31,13.59,12.33,9.77,11.41,0.9,0.57,8.39,4.56,6.24,2.89
2005,3,24,200503,-1.49,0.3,-0.6,1.79,1.84,4.14,2.9,-1.51,-0.53,-0.24,5.64,6.04,8.44,5.61,13.3,13.19,19.26,11,9.39,11.03,14.25,0.95,-2.29,6.66,3.85,4.81,0.79
2005,3,25,200503,-1.1,0.73,-0.18,3.79,2.63,7.8,5.57,-0.61,-1.68,-3.27,3.53,9.78,8,5.55,15.48,13.15,21.73,14.06,12.75,13.97,15,-1.57,-3.15,6.38,2.22,4.93,0.77
2005,3,26,200503,-5.32,-0.63,-2.82,3.56,0.88,5.74,5.55,-1.89,-2.25,-1.22,2.63,7.39,9.16,7.02,18.53,15.14,22.61,16.33,14.46,13.16,13.98,-2.33,-2.57,4.97,1.32,6.58,3.14
2005,3,27,200503,-2.55,0.24,-0.36,4.32,3.06,6.09,6.3,0.05,0.06,2.29,4.98,6.77,8.89,7.52,19.21,15.41,23.19,16.22,12.85,10.67,9.52,-1.33,1.13,5.69,3.19,9,6.84
2005,3,28,200503,-0.31,2.71,2.72,6.84,5.11,6.46,6.71,2.08,3.87,6.18,8.66,7.51,11.51,9.35,14.36,15.32,19.87,11.47,9.94,9.29,10.96,3.88,4.52,9,6.08,8,5.05
2005,3,29,200503,3.12,6.89,4.84,10.08,8.19,9.94,7.77,4.71,7.48,8.86,12.44,11.43,11.08,9.65,12.33,11.97,16.17,11.11,9.95,13.15,14.76,3.83,1.81,7.23,4.16,5.48,2.51
2005,3,30,200503,2.06,5.3,4.61,8.6,7.44,13.7,11.2,7.8,10.41,7.83,10.65,14.79,10.85,9.98,14.74,14.06,17.2,14.48,13.22,16.02,15.7,-0.16,-0.38,5.79,1.94,5.4,1.17
2005,3,31,200503,2.59,5.27,7.34,7.19,9.91,11.86,13.9,8.82,7.24,5.33,6.61,10.09,13.72,12.68,17.46,15.14,21.69,18.18,15.94,15.04,15.61,-2.29,-2.04,4.38,0.24,7.61,2.53
2005,4,1,200504,2.85,5.26,7.02,8.78,8.93,8.13,8.64,4.51,3.89,3.51,6.06,8.78,13.15,10.75,18.43,16.82,23.07,15.48,12.02,12.39,12.07,-2.33,-0.25,4.99,1.93,8.54,5.3
2005,4,2,200504,3.03,5.03,5.48,9.06,8.73,6.55,6.46,4.06,3.7,4.24,7.04,5.57,11.5,9.05,13.75,14.81,19.11,9.77,7.79,9.2,9.76,2.08,3.12,8.94,5.25,8.98,3.94
2005,4,3,200504,5.58,8.08,4.79,6.69,3.31,7.38,4.3,2.78,5.53,7.15,10.89,8.9,5.2,3.74,8.16,7.5,11.97,7.92,6.81,11.67,12.26,5.5,5.09,10.68,7.15,8.15,4.79
2005,4,4,200504,4.1,4.62,2.71,5.5,2.74,11.55,7.86,4.41,7.54,10.34,13.61,13.58,7.32,5.92,11.53,10.34,14.01,11.79,10.93,14.15,15.9,5.97,5.45,9.87,6.37,6.25,3.06
2005,4,5,200504,3.54,5.19,3.15,6.1,5.26,14.36,12.08,8.33,10.64,11.56,14.76,15.47,10.72,9.54,14.75,14.17,17.14,15.17,14.03,17.25,17.62,3.76,2.71,6.47,4.32,6.76,2.74
2005,4,6,200504,4.99,7.92,8.35,10.84,11.93,16.44,15.13,11.01,12.15,10.75,11.93,16.81,14.14,13.73,15.88,15.75,19.19,16.28,14.43,16.81,15.08,2.48,3.87,8.46,6.03,10.15,7.27
2005,4,7,200504,6.29,10.23,10.93,14.04,13.83,14.54,14.22,9.49,8.27,9.88,10.57,15.01,14.99,14.54,18.54,17.03,21.32,17.15,15.88,14.98,13.66,4.22,7.53,12.53,8.35,10.43,9
2005,4,8,200504,6.17,10.42,7.86,13.67,11.49,10.73,11.55,6.57,8.43,11.01,11.09,12.17,15.63,14.42,16.99,17.05,20.48,15.65,15.16,15.05,14.7,6.81,7.72,11.65,6.94,5.92,3.87
2005,4,9,200504,3.46,5.98,5.18,8.56,7.55,11.89,9.76,6.84,8.41,12.21,13.35,14.79,11.94,10.96,16.73,15.17,18.72,16.27,16.21,17.07,17,4.06,3.72,7.28,4.85,5.56,3.86
2005,4,10,200504,4.24,6.77,6.85,8,9.09,15.5,13.26,9.07,10.84,12.13,13.49,17.99,9.93,11.16,16.22,11.86,19.61,17.85,17.51,18.2,17.68,1.91,1.92,5.94,3.47,6.51,3.31
2005,4,11,200504,-0.01,4.22,3.74,8.8,8.78,17.97,14.5,8.65,12.02,11.58,10.9,17.47,12.83,12.49,16.33,14.34,18.65,18.28,17.56,17.67,15.43,-0.69,2.18,7.15,4.16,8.74,5.35
2005,4,12,200504,-1.26,1.41,0.54,4.31,3.44,14.87,10.63,4.76,8.15,9.58,8.06,13.26,9.8,8.88,16.98,14.8,19.85,16.91,15.92,13.72,13.29,0.72,4.05,9.43,6.11,8.56,3.43
2005,4,13,200504,0.89,2.94,2.47,5.41,4.38,9.73,9.07,4.34,5.05,9.01,9.78,10.74,8.49,8.7,16.45,14.91,20.44,12.96,12.27,12.16,14.91,4.09,6.04,11.98,7.39,7.44,1.76
2005,4,14,200504,2.2,4.8,4.47,6.55,5.38,7.7,6.9,5.64,5.98,8.88,10.44,9.03,6.98,6.85,12.47,9.68,17.15,12.58,11.57,13.44,14.91,6.37,4.63,12.3,6.18,6.18,1.88
2005,4,15,200504,0.4,3.45,3.4,5.46,5.29,9.86,8.03,5.8,7.36,9.16,12.28,10.99,6.65,6.95,10.94,8.41,15.72,12.41,11.21,14.18,16.25,6.51,1.36,12.63,7.67,7.85,2.8
2005,4,16,200504,3.17,4.3,5.38,4.74,5.27,11.75,9.6,8.39,9.47,9.66,13.58,13.46,4.81,5.66,9.29,6.83,15.04,12.92,11.81,15.61,17.21,7.39,4.45,13.13,9.77,11.19,7.35
2005,4,17,200504,6.49,6.98,7.77,7.31,7.8,15.61,12.23,10.86,11.16,12.61,15.76,15.31,7.19,8.39,10.46,8.18,14.48,14.08,13.69,16.74,17.97,9.57,8.04,13.36,11.27,11.7,5.78
2005,4,18,200504,7.16,9.69,9.81,11.64,12.05,16.76,15.62,12.67,14.96,16.51,16.68,16.45,12.03,12.95,13.33,12.37,16.27,15.38,15.28,17.03,18.64,8.74,7.02,12.51,9.53,8.95,3.22
2005,4,19,200504,7.07,9.95,11.15,13.16,14.1,17.02,16.66,16.09,16.26,15.13,17.65,16.92,15.02,15.04,14.84,15.51,17.56,15.86,16.05,17.74,19.5,8.04,4.4,10.51,6.99,7.13,3.89
2005,4,20,200504,11.63,14.52,14.44,17,16,17.88,16.48,12.48,13.05,11.08,17.17,17.98,16.81,16.36,16.23,16.73,18.57,16.79,15.77,19.53,19.95,6.42,3.22,8.69,5.96,7,6.03
2005,4,21,200504,4.25,10.13,7.5,14.4,12.09,15.97,14.06,5.81,7.01,10.23,16.4,20.07,15.63,14.58,16.83,16.84,19.39,18.8,17.42,21.03,20.25,3.87,3.34,8.95,6.54,8.5,7.46
2005,4,22,200504,2.49,5.96,4.91,8.63,7.6,15.05,12.82,5.89,7.83,8.29,10.89,16.45,14.29,12.78,18.38,17.26,20.19,20.21,19,18.67,19.69,3.63,4.82,11.58,8.09,10.73,8.89
2005,4,23,200504,5.15,9.51,8.29,11.94,10.75,5.83,7.87,2.54,1.2,3.34,6.24,7.65,14.5,12,17.22,17.14,19.77,13.74,11.07,11.81,14.62,5.4,6.62,13.98,9.61,10.08,10.1
2005,4,24,200504,9.8,12.22,9.01,10.79,5,3.24,2.21,0.82,1.1,4.35,6.15,4.67,4.78,4.07,8.03,6.67,15.29,7,4.64,8.26,11.34,6.05,7.66,11.56,8.18,9.02,8.65
2005,4,25,200504,7.25,6.07,3.2,6.11,2.56,6.58,5.55,3.42,4.45,6.72,7.99,6.57,5.71,4.78,7.53,6.86,12.89,8.46,6.25,10.63,13.4,4.33,6.86,9.41,6.55,9.01,9.69
2005,4,26,200504,6.36,7.9,6.87,9.43,7.77,9.12,8.98,5.91,5.22,5.17,7.12,8.86,8.97,8.63,11.42,10.57,18.31,11.69,10.05,13.55,15.27,3.98,6.46,10.86,8.22,10.64,10.99
2005,4,27,200504,8.1,9.47,9.41,12.67,10.41,7.5,7.92,5.54,4.39,3.37,7.49,7.63,12.1,10.46,15.82,14.84,21.86,12.14,9.55,12.61,15.52,5.43,4.84,12.21,9.87,11.17,11.44
2005,4,28,200504,6.44,9.71,7.2,11.25,7.64,7.78,7.8,4.3,2.48,1.63,5.99,9.02,8.65,8.27,11.96,10.57,18.29,11.99,8.59,15.2,18.28,4.26,0.77,10.18,8.28,8.95,7.84
2005,4,29,200504,4.97,7.23,5.42,8.74,7.29,9.33,9.71,4.58,4,2.43,4.12,9.81,11.07,9.62,16.01,14.25,19.28,16.62,14.76,16.28,18.94,0.83,-0.63,8.74,7.36,9.3,6.67
2005,4,30,200504,6.86,9.44,7.92,11.93,10.92,8.7,9.45,5.24,4.17,2.66,4.41,8.04,15.43,13.71,18.73,18,21.75,17.65,15.61,13.01,13.98,0.4,0.62,10.17,7.2,10.76,7.45
2005,5,1,200505,9.41,11.79,7.76,13.6,8.65,7.07,7,4.52,3.76,1.51,4.43,7.32,12.93,10.07,17.16,16.87,22.15,11.51,9.79,10.65,12.76,2.03,0.98,11.86,8.59,11.07,8.52
2005,5,2,200505,6.21,7.97,5.12,8.77,5.86,5.02,5.81,3.32,1.35,0.62,3.98,5.52,8.68,7.11,13.93,13.17,20.53,10.52,8.96,10.41,13.63,1.85,2.27,11.99,8.63,11.36,9.46
2005,5,3,200505,5.58,7.34,3.96,7.79,4.17,6.12,5.02,2.08,1.82,2.23,6.48,7.17,7.17,5.42,12.87,12.28,19.92,9.9,8.25,10.11,13.01,3.92,4.76,12.98,8.7,12.57,9.29
2005,5,4,200505,5.12,7.24,4.16,8.38,5.46,8.39,7.4,4.34,4.99,6.51,9.46,10.13,8.63,6.96,14.37,13.6,20.86,10.12,8.59,10.92,13.21,5.75,7.2,13.83,10,13.07,10.1
2005,5,5,200505,5.84,7.13,4.92,8.37,6.75,10.9,9.01,7.53,8.95,11.78,12.8,12.05,9.37,8.02,16.23,13.52,20.84,12.73,11.07,13.21,15.65,8.03,9.36,14.82,11.88,12.14,10.09
2005,5,6,200505,7.13,7.71,7.5,8.19,9,13.37,11.29,9.36,11.84,12.77,16.22,14.45,9.61,10.1,14.65,12,19.66,14.64,13.47,15.76,18.25,9.98,10.25,12.6,10.81,9.81,10.37
2005,5,7,200505,6.37,6.9,7.62,9.3,8.74,16.93,14.07,11.24,12.74,15.96,17.83,17.03,10.12,10.5,15.77,12.95,19.13,16.56,14.8,17.51,18.94,7.71,8.88,10.06,8.82,9.71,8.51
2005,5,8,200505,5.92,6.8,7.83,9.75,9.2,18.08,15.29,12.8,14.99,17.03,16.29,17.95,12.84,11.77,17.4,15.77,20.3,18.19,16.53,19.01,19.17,6.38,7.94,11.15,9.38,10.67,9.49
2005,5,9,200505,8.41,9.01,10.12,11.75,10.66,19.58,16.78,16.3,17.71,15.15,15.04,18.59,12.62,12.3,18.81,16.67,20.51,19.24,18.73,19.9,19.78,8.12,8.39,12.59,10.02,9.78,9.36
2005,5,10,200505,12.07,12.44,14.22,13.06,14.14,19.41,18.55,17.37,16.14,13.23,17.4,19.7,14.49,14.59,20.1,17.73,21.35,20.45,19.2,21.91,21.9,9.67,7.91,12.76,8.63,7.84,7.73
2005,5,11,200505,13.25,14.31,16.27,13.55,16.67,21.11,20.05,12.77,12.05,9.19,18.46,22.79,17.12,16.71,20.74,19.26,22.18,22.19,21.2,22.71,22.54,8.79,5.37,9.78,8.38,8.89,8.47
2005,5,12,200505,8.41,11.86,8.44,16.18,13.26,15.16,14.91,3.96,3.27,5.32,16.7,20.59,19.45,17.79,21.14,20.98,22.45,22.78,22.48,22.1,21.99,5.45,3.84,10.13,8.88,11.56,10.55
2005,5,13,200505,0.95,4.47,3.86,8.67,7.46,19.54,15,5.79,6.08,7.56,16.12,21.1,14.8,14.08,21.76,19.62,22.05,22.05,21.85,21.65,21.77,6.46,6.18,12.81,10.79,13.97,11.84
2005,5,14,200505,4.58,8.89,11.09,12.4,14.68,17.38,19.13,11.2,9.28,6.87,12.25,17.46,16.75,16.88,21.14,19.88,21.82,21,20.5,20.59,21.24,7.67,8.31,14.95,12.28,15.08,12.5
2005,5,15,200505,8.24,13.36,14.37,18.35,16,9.92,11.73,7.17,6.22,6.55,10.04,9.97,18.38,16.52,20.78,20.62,22.16,18.84,16.79,17.09,19.7,9.42,9.88,15.7,13.48,15.73,12.88
2005,5,16,200505,8.54,11.61,10,16.16,10.37,10.46,9.4,5.86,7.58,10.57,14,10.94,14.94,11.73,20.08,19.15,23.19,14.4,11.82,14.81,17.97,10.87,11.95,16.27,13.17,13.76,9.08
2005,5,17,200505,8.13,10.53,7.25,12.04,8.69,12.68,10.81,7.95,10.09,14.48,17.29,13.35,13.32,10.79,19.97,19.45,23.23,15.37,13.77,16.89,19.87,11.21,9.79,14.53,10.25,10.29,6.42
2005,5,18,200505,8.11,9.66,7.19,12.18,9.92,14.98,12.15,10.81,12.75,15.73,17.74,16.57,14.68,12.64,20.93,18.87,23.62,18.81,17.21,20.13,21.7,8.61,8.01,14.43,11.82,11.53,7.98
2005,5,19,200505,8.34,9.97,8.68,12.12,10.04,19.79,15.48,11.23,13.56,15.98,19.06,21.32,16.46,13.99,21.2,19.12,23.26,21.28,20.39,22.69,23.11,12.3,11.28,16.84,14.31,13.54,8.62
2005,5,20,200505,9.43,11,10.61,11.09,11.46,18.84,16.47,11.46,12.47,17.74,21.12,20.79,17.26,14.99,22.34,20.45,23.31,22.36,21.23,23.97,23.95,14.87,12.1,18.79,15.5,14.82,8.52
2005,5,21,200505,8.96,9.92,10.18,11.32,10.63,16.84,14.55,13.18,13.75,18.16,21.73,18.69,12.99,11.89,21.1,17.19,24.07,21.12,18.92,23.41,24.64,15.6,11.39,19.57,15.25,14.38,7.65
2005,5,22,200505,7.27,8.26,8.86,11.71,11.21,18.69,15.22,13.23,15.31,15.05,20.04,20.64,13.92,12.79,19.18,16.22,23.13,20.37,19.02,23.43,24.63,14.73,10.86,19.73,16.54,15.87,8.87
2005,5,23,200505,8.52,9.06,8.28,11.94,10.67,17.26,15.5,12.79,14.01,15.21,19.74,20.06,15.93,13.99,22.7,20.28,24.33,22.45,20.72,24.98,24.32,15.38,11.29,19.5,16.46,15.55,7.15
2005,5,24,200505,7.88,8.58,8.94,11.55,10.56,15.31,12.85,11.93,13.96,15.14,21.16,18.01,13.76,11.76,22.11,18.37,25.12,21.33,17.66,24.35,24.13,15.35,9.66,19.5,15.88,15.63,7.97
2005,5,25,200505,7.75,7.44,9.66,9.87,9.74,14.78,12.65,13.22,14.36,13.89,18.28,16.04,10.85,10.08,16.08,13.41,24.02,17.34,13.62,22.11,24.37,13.39,7.83,19.06,15.3,16.58,9.98
2005,5,26,200505,8.72,9.22,10.51,11.24,12.08,15.72,14.5,13.4,13.79,11.75,13.84,16.59,13.65,12.74,16.71,15.87,21.99,16.44,15.23,19.59,23.13,9.73,8,19.16,15.11,17.53,12.61
2005,5,27,200505,10.62,11.39,11.94,15.18,14.12,15.12,15.65,12.65,10.84,10.47,13.88,15.9,16.18,15.51,18.67,18.32,23.24,19.05,18.42,19.53,21.77,9.36,8.97,18.82,15.73,17.95,15.16
2005,5,28,200505,12.59,14.03,13.14,16.45,13.8,15.23,15.09,11.17,9.92,10.23,14.8,16.37,16.32,15.03,21.05,20.02,24.66,20.59,18.77,20.81,22.61,10.81,10.98,18.27,15.88,16.79,16
2005,5,29,200505,13.09,14.64,12.7,15.31,12.53,15.46,14.69,11.25,11.51,11.01,15.44,17.71,15.16,14.07,21.79,19.4,25.04,20.54,17.42,21.24,22.57,11.5,10.54,17.98,14.7,13.56,14.55
2005,5,30,200505,12.14,14.34,12.51,14.93,12.75,17.5,15.53,12.97,13.47,12.47,12.4,18.16,16.34,14.45,20.95,18.43,25.61,20.34,17.98,21.71,22.68,10.24,8.89,16.7,13.75,13.64,13.56
2005,5,31,200505,12.19,13.33,13.08,15.51,13.68,17.18,16.31,14.39,15.15,14.4,14.65,18.56,17.42,15.65,21.64,19.2,25.72,20.4,19.38,21.69,22.77,9.31,8.54,15.76,14.06,15.87,12.28
2005,6,1,200506,13.35,13.98,15.54,15.82,16.36,18.03,16.98,16.17,16.24,15.33,17.7,19.04,16.16,15.96,20.97,18.12,25.33,19.78,18.85,21.66,23.28,10.52,9.62,17,13.93,16.17,8.57
2005,6,2,200506,15.24,15.42,16.64,14.51,15.24,18.4,16.54,16.83,17.12,17.44,18.84,19.67,14.49,14.14,21.66,18.9,25.14,20.39,19.03,22.26,24.26,12.01,8.04,17.11,13.18,14.66,8.25
2005,6,3,200506,16.85,15.69,16.14,13.57,14.43,19.28,18.02,16.96,17.52,17.35,19.73,20.42,15.66,15.2,22.83,20.44,25.65,22.46,20.42,23.84,24.33,11.05,8.09,15.85,12.41,13.84,9.65
2005,6,4,200506,18.17,17.83,17.03,16.31,16.68,22.4,21.04,18.78,18.98,18.5,19.33,23.63,18.75,18.17,23.53,22.49,25.32,24.04,23.04,24.46,23.97,8.46,9.34,15.24,12.15,14.45,9.98
2005,6,5,200506,19,19.92,19.35,19.94,20.62,25.31,24,22.12,21.13,18.44,17.77,23.84,22.14,21.07,24.28,24.01,25.73,24.94,24.68,24.47,23.98,9.19,11.2,16.06,13.34,13.66,9.29
2005,6,6,200506,15.67,19.34,21.76,23.58,22.8,22.54,24.15,20.87,19.81,18.26,20.27,22.58,23.75,22.81,25.43,24.98,26.28,25.65,25.54,25.38,25.23,12.28,11.38,15.89,12.36,10.76,6.31
2005,6,7,200506,17.72,20.7,20.51,23.06,21.85,24.54,22.85,19.03,20.7,19.83,22.83,24.51,23.73,22.42,25.08,24.89,26.32,24.68,23.82,25.69,25.64,11.74,8.89,15.02,10.45,9.85,6.91
2005,6,8,200506,17.26,19.7,19.79,22.77,21.62,24.89,23.65,20.77,21.76,18.69,21.92,25.07,23.5,22.43,25.39,24.79,26.53,25.19,24.35,26.4,26.01,10.32,7.24,14.57,11.02,11.14,8.19
2005,6,9,200506,17.48,21.87,22.1,23.01,22.59,24.6,24.25,22.2,21.29,16.24,20.55,25.41,23.1,22.47,24.99,23.75,25.9,24.92,23.82,26.07,25.83,10.65,8.04,14.88,12.25,13.12,10.57
2005,6,10,200506,20.78,21.56,22.69,22.45,23.09,25.22,25.16,23.2,22.01,16.94,20.49,24.25,22.91,22.6,24.32,23.53,25.4,25,24.01,25.54,25.3,10.66,8.66,15.57,12.83,14.6,11
2005,6,11,200506,22.29,22.31,23.13,22.72,23.63,24.49,23.94,23.35,22.9,17.57,19.59,23.43,22.3,22.55,22.67,22.9,24.79,22.77,22.33,24.81,24.68,9.49,9.15,16.45,12.61,15.8,10.16
2005,6,12,200506,21.89,23.1,23.38,23.35,23.54,23.14,23.04,22.89,22.39,17.88,19.13,22.95,22.22,22.17,21.65,22.89,25.45,21.77,20.61,24.46,24.92,10.54,10.05,16.59,13.22,14.84,8.16
2005,6,13,200506,22.75,23.6,23.4,24.28,23.16,23.44,22.37,21.72,21.69,18.28,18.33,24.18,23.03,22.14,23.75,23.87,26.03,24.49,22.96,25.52,24.62,8.57,8.68,17.57,13.5,16.45,9.86
2005,6,14,200506,19.49,23.18,21.98,25.23,23.29,23.25,24.13,21.51,19.88,16.43,16.48,21.79,24.25,23.75,26.17,25.62,26.43,26.42,25.31,24.91,25.57,10.5,10.67,18.97,15.52,17.68,10.97
2005,6,15,200506,12.69,17.09,20.16,24.17,20.99,19.85,20.17,17.17,16.02,16.29,18.6,19.92,23.86,22.35,26.98,26.63,27.21,24.96,22.96,23.95,25.69,14.09,13.69,19.5,17.26,16.61,10.09
2005,6,16,200506,10.44,14.76,15.97,20.24,16.84,18.69,17.97,14.28,14.49,17.53,21.71,20.06,20.93,19.1,25.17,24.29,27.46,22.96,21.05,24.53,26.07,15.26,14.77,18.53,16.97,15.25,12.38
2005,6,17,200506,11.87,15.41,13.14,16.91,13.18,16.83,15.41,13.05,14.14,18.91,21.98,19.75,16.77,15.15,23.23,20.75,26.85,21.1,18.95,24.77,26.06,14.99,15.24,17.25,15.11,12.42,10.97
2005,6,18,200506,11.38,14.45,12.9,16.12,14.2,16.47,15.99,14.32,16.07,20.15,21.61,18.48,17.18,15.78,22.58,21.07,26.29,21.25,18.98,23.8,26.04,15.42,13.46,16.89,13.25,11.69,10.06
2005,6,19,200506,12.51,14.36,13.94,17.45,15.2,18,17.25,16.35,17.01,21.56,22.61,18.56,18.01,17.1,22.68,21.16,25.73,20.36,19.01,23.08,26.28,16.57,13.42,18.01,14.63,12.84,11.62
2005,6,20,200506,14.95,14.4,16.15,16.79,16.33,19.17,17.88,17.79,18.8,22.68,24.12,19.76,17.09,16.73,21.32,19.73,25.25,21.55,20.59,22.55,25.38,17.24,15.77,20.11,16.66,14.69,14.38
2005,6,21,200506,17.07,17.08,17.53,18.36,17.65,20.76,19.3,19.48,21.6,22.91,24.71,21.05,17.61,17.72,21.93,19.76,24.79,22.73,21.26,23.43,24.4,18.28,18.13,22.41,18.4,16.48,15.96
2005,6,22,200506,16.44,18.24,17.49,19.71,18.56,22.9,21.46,17.35,19.12,23.13,24.37,23.21,20.22,19.77,23.38,22.16,25.6,23.36,22.18,23.7,24.08,18.03,18.92,22.42,17.99,16.99,14.39
2005,6,23,200506,12.13,14.94,13.44,18.16,15.9,23.66,19.57,17.73,21.67,25.25,23.85,24.4,20.76,19.27,24.13,23.53,25.4,24.22,23.17,24.68,24.23,17.26,17.02,21.73,17.6,16.82,12.31
2005,6,24,200506,15.57,16.83,16.99,18.67,18.15,25.18,21.86,22.62,23.71,21.15,23.35,24.45,20.69,19.84,24.33,22.97,25.11,24.51,23.44,25.03,24.16,16.42,14.72,20.77,17.06,16.25,14.07
2005,6,25,200506,21.43,21.33,21.49,21.73,21.15,25.19,23.99,22.59,21.43,18.98,23.72,24.62,21.52,21.66,22.92,22.61,24.56,24.44,24.01,25.07,24.73,16.21,15.37,20.32,17.03,15.91,14.5
2005,6,26,200506,22.89,23.83,23.54,23.28,23.91,25.49,25.01,21,22,22.39,23.85,25.08,21.77,22.44,22.9,22.68,25.92,23.89,23.21,25.34,24.85,15.55,14.8,18.54,16.19,15.27,13.73
2005,6,27,200506,21.68,23.16,23.22,21.86,23.23,25.4,24.62,23.83,24.48,22.95,23.71,24.85,22.45,22.12,25.19,24.58,26.81,24.05,22.7,25,24.73,14.98,13.61,17.93,16.4,15.86,12.68
2005,6,28,200506,21.65,21.38,22.58,22.51,22.71,25.56,24.63,24.12,24.46,21.32,24.28,25.12,24.32,23.39,25.03,24.49,26.13,25.09,24.21,25.44,25.21,15.29,13.98,20.09,17.16,16.11,11.75
2005,6,29,200506,22.18,22.51,22.95,24.32,23.22,26.66,24.29,21.68,23.17,21.56,24.24,25.9,23.28,23.12,24.62,23.77,25.93,25.12,24.46,26.03,25.56,15.21,12.66,18.81,17.04,17.19,13.57
2005,6,30,200506,20.06,21.33,22,22.88,22.99,26.46,25.24,22.46,22.23,18.08,21.79,25.18,23.74,23.18,25.3,24.47,26.26,25.82,25.51,26.42,26.48,14.31,12.94,19.49,17.63,19.16,16.04
2005,7,1,200507,18.33,19.97,21.68,23.25,22.5,22.31,23.82,18.04,16.44,16.88,21.14,23.83,24.36,23.37,26.22,26.32,26.66,26.23,25.69,26.45,27.16,15.39,15.36,20.14,18.48,20.4,15.27
2005,7,2,200507,18.13,20.4,17.7,23.32,19.1,19.02,18.92,14.07,15.97,19.32,21.8,20.39,24.22,22.38,26.71,26.37,26.84,25.49,24.14,25.18,27.15,16.35,15.55,20.48,18.49,19.92,12.99
2005,7,3,200507,15.07,16.46,15.43,18.96,17.03,19.65,18.94,17.02,18.58,21.04,23.3,22.29,22.62,20.81,26.58,25.78,27.25,25.26,23.92,25.76,27.35,15.76,13.19,20.07,17.61,18.81,12.5
2005,7,4,200507,17.11,17.18,19.06,19.16,20.56,23.52,23.27,20.18,21.12,18.64,22.63,24.5,22.24,21.6,26.47,24.57,27.68,26.1,24.66,26.53,27.59,14.97,13.46,20.05,17.36,18.65,13.89
2005,7,5,200507,18.84,19.29,22.11,21.78,22.65,22.71,24.01,20.33,18.1,17.83,21.36,22.56,23.69,22.73,26.46,25.69,27.52,25.99,25.08,25.76,27.06,15.7,15.54,20.28,18.38,18.94,15.79
2005,7,6,200507,18.76,20.74,20.16,23.44,21.26,21.5,21.57,17.48,18.04,19.77,21.58,21.52,23.25,22.05,25.57,25.9,27.35,24.55,23.9,24.92,26.31,16.41,17.29,20.26,18.9,18.86,15.94
2005,7,7,200507,15.81,16.53,17.89,21.53,20.06,21.97,21.4,17.65,19.34,21.55,22.33,21.97,23.07,21.82,25.11,25.7,27.35,23.77,23.03,24.75,26.48,16.95,17.73,19.93,19.04,18.85,14.18
2005,7,8,200507,15.8,15.95,17.3,18.54,18.17,22.58,21.23,18.54,19.74,22.95,23.29,23.1,20.88,19.13,25.34,24.35,27.5,24.32,23.26,24.95,26.32,17.33,18.25,20.81,19.08,18.69,14.81
2005,7,9,200507,14.48,14.87,16.17,18.57,18.5,22.07,21.1,19.4,21.15,24.3,24.12,23.32,21.22,19.95,26.43,25.42,27.69,24.98,23.57,25.03,26.13,17.39,18.4,20.43,18.95,18.16,13.46
2005,7,10,200507,17.38,19.39,19.11,21.32,19.39,22.43,21.38,21.12,22.69,24.93,23.72,23.43,22.53,21.01,25.56,25.32,26.65,24.68,24.15,25.47,25.77,16.53,16.18,20.13,18.22,17.58,12.39
2005,7,11,200507,21.18,21.46,20.57,21.59,19.65,22.13,21.14,22.24,22.36,23.5,23.64,24.04,23.39,21.82,24.67,25.05,27.05,23.04,22.1,25.3,26.13,16.62,15.57,20.29,18.78,19.25,14.51
2005,7,12,200507,19.65,21.86,22.63,23.5,22.37,22.03,22.95,22.84,21.88,22.98,24.49,22.57,24.44,23.53,25.66,25.7,27.28,24.45,22.17,25.83,26.31,17.72,17.96,21.41,20.07,20.82,15.96
2005,7,13,200507,19.01,19.25,23.24,22.39,23.79,22.07,22.59,23.48,23.41,22.88,24.24,22.92,24.55,23.68,26.74,26.12,27.44,25.3,22.89,26.44,26.48,18.53,20.08,22.65,20.27,21.35,15.44
2005,7,14,200507,19.88,21.25,23.41,23.79,23.44,23.75,22.01,23.29,22.89,23.53,23.24,24.42,23.59,22.3,26.07,25.24,27.05,24.74,22.75,25.9,26.54,18.35,18.61,22.91,20.17,21.32,14.81
2005,7,15,200507,20.6,23.23,23.33,24.23,23.03,24.35,22.35,22.47,22.86,22.47,24.01,25.19,23.91,22.1,25.71,25.41,27.02,24.25,23.67,25.74,26.22,18.78,18.12,23.43,20.92,22.3,17.76
2005,7,16,200507,20.04,22.64,23.46,24.33,23.49,24.98,23.14,23.58,24.41,23.86,24.74,25.19,24.85,23.4,25.7,25.96,27.17,24.94,24.14,26.02,25.46,18.85,19.48,23.97,21.2,22.56,16.8
2005,7,17,200507,21.31,21.53,22.56,23.87,23.1,25.93,24.22,24.2,24.71,24.24,24.45,25.1,24.78,23.35,26.44,26.2,27.61,25.65,24.53,26.42,25.59,18.93,16.13,24.35,21.16,22.88,15.72
2005,7,18,200507,22.53,22.88,23.06,25.32,23.44,26.2,24.82,24.52,23.37,19.53,22.87,25.45,24.77,23.69,26.85,26.6,27.59,26.51,25.21,26.85,26.31,16.41,15.15,24.24,21.17,23.34,18.35
2005,7,19,200507,23.1,24.08,23.58,26.5,24.05,24.3,24.95,20.35,18.71,19.4,23.88,25.17,25.2,24.1,26.9,26.54,27.19,26.78,25.45,27.21,26.67,17.8,17.37,24.36,21.17,23.11,17.52
2005,7,20,200507,22.42,23.61,21.54,25.75,22.65,25.78,24.42,20.66,21.64,23.62,26.66,26.85,24.9,23.76,26.85,26.8,27.42,26.64,25.23,27.49,26.35,19.36,18.24,24.2,21.16,22.48,16.23
2005,7,21,200507,19.58,21.63,19.61,23.01,21.51,27.84,25.75,23.44,23.83,21.69,26.63,27.06,24.59,23.55,27.32,26.92,27.53,27.05,25.95,27.43,25.75,19.97,18.54,24.58,21.2,22.85,17.27
2005,7,22,200507,20.61,21.83,21.25,24.53,23.05,27.55,25.9,21.06,21.22,22.91,26.82,27.6,25.41,24.42,27.36,27.04,28.18,27.14,26.3,27.81,26.23,19.78,19.29,24.18,21.04,22.5,19.53
2005,7,23,200507,18.3,20.83,19.08,24.12,21.21,26.33,23.52,19.75,21.57,24.45,26.69,28.34,25.24,23.58,27.45,27.01,28.44,27.84,27.38,28.38,26.8,19.58,19.24,23.17,20.85,22.2,15.67
2005,7,24,200507,15.49,18.08,17.99,20.2,18.37,28.18,24.41,22.64,25.8,25.22,26.35,28.03,22.53,20.96,27.37,25.93,28.42,27.69,26.38,28.19,26.65,18.81,17.49,23.09,20.34,21.86,15.23
2005,7,25,200507,16.88,20.57,21.39,22.8,22.87,28.21,27.35,24.25,23.77,22.56,25.97,27.28,24.58,24.14,27.1,26.36,27.73,27.69,26.9,27.83,26.61,18.12,16.15,23.26,19.66,20.9,14.6
2005,7,26,200507,20.92,22.82,21.7,25.75,24.31,27.1,26.79,22.15,20.81,16.04,20.99,26.38,26.93,26.15,27.48,27.97,27.38,27.8,27.77,27.59,26.54,15.87,13.14,23.17,18.61,20.41,15.38
2005,7,27,200507,21.79,24.75,22.74,27.57,24.78,20.31,22.39,16.54,15.07,14.95,15.34,20.29,26.85,25.59,28.42,28.85,28.1,26.93,26.96,24.1,24.82,13.57,14.23,22.96,17.86,21.3,17.4
2005,7,28,200507,17.19,19.71,16.71,22.89,18.74,19.45,19.38,16.39,16.53,17,18.45,19.11,24.17,21.41,27.96,28.32,28.17,25.13,23.65,22.6,22.7,15.28,16.1,23.34,18.48,21.4,18.34
2005,7,29,200507,16.75,19.21,17.47,22.37,19.06,19.51,19.64,17.06,17.46,18.41,21,20.44,23.6,21.49,27.02,26.79,27.94,24.9,23.24,23.53,23.71,16.46,17.98,23.25,19.6,21.6,17.43
2005,7,30,200507,16.58,19.75,18.15,23.03,20.58,22.12,20.12,17.55,18.7,22.12,22.33,21.88,23.5,21.97,26.06,25.06,27.46,24.5,23.27,23.69,25.19,17.57,18.57,23.21,19.88,21.81,17.69
2005,7,31,200507,15.85,20.16,19.41,22.31,21.4,22.77,20.83,20.46,22.97,23.8,23.75,22.96,22.76,22.26,25.25,24.4,26.76,24.63,24,24.38,25.29,18.25,18.86,22.18,20.32,21.84,18.1
2005,8,1,200508,17.16,19.44,20.84,21.85,21.84,24.04,22.66,22.76,23.3,23.66,24.37,24.2,22.76,22.62,24.86,23.72,26.86,25,24.27,25.5,25.35,18.24,19.28,22.77,20.02,21.17,17.38
2005,8,2,200508,19.54,22.22,22.42,24.25,22.56,25.62,23.98,23.36,24.39,24.72,24.94,25.37,23.25,22.91,24.81,24.47,26.75,25.26,24.66,26.01,25.48,18.03,18.46,23.11,19.27,19.79,15.13
2005,8,3,200508,19.37,22.47,22.94,25.49,23.65,26.25,24.6,24.23,25.1,25.17,25.28,26,24.7,23.99,25.59,25.44,26.97,25.38,25.09,26.34,25.84,17.64,16.81,22.81,18.67,19.8,14.68
2005,8,4,200508,18.09,22.31,23.55,25.74,23.98,26.08,24.16,23.73,23.92,19.94,22.91,25.53,24.91,24.21,25.79,26.06,26.98,25.53,25.34,26.52,25.87,15.9,15.76,22.29,19.19,20.9,16.72
2005,8,5,200508,20.16,22.74,22.13,25.53,22.83,22.91,23.84,19.54,17.42,17.95,19.03,23.62,24.68,23.96,26.33,26.27,26.96,25.81,25.85,26.07,25.38,14.02,16.8,22.57,19.08,21.69,18.59
2005,8,6,200508,18.24,20.77,18.11,23.73,20.22,22.06,22.28,18.99,18.55,20.02,20.54,22.83,24.84,23.12,25.38,25.37,26.9,25.23,25.59,25.53,25.01,15.7,18.24,22.53,19.13,22.2,18.47
2005,8,7,200508,17.84,20.18,18.59,23.05,20.62,23.16,22.69,20.65,19.88,22.46,23.81,24.17,23.78,22.91,24.27,23.68,26.61,24.79,24.02,26.15,25.38,16.68,18.8,22.72,19.76,22.4,17.84
2005,8,8,200508,20.08,22.14,20.8,24.22,21.93,24.54,23.65,22.26,23.18,24.23,24.85,25.09,22.69,22.17,24.19,23.87,26.2,24.36,22.42,26.21,25.61,17.05,18.8,22.61,19.81,22.06,17.76
2005,8,9,200508,21.24,22.83,21.65,24.29,21.5,25.85,22.96,23.24,24.31,22.83,24.94,25.45,22,21.15,24.74,23.96,26.75,24.8,23.45,26.22,25.5,17.67,17.88,22.35,19.86,21.53,17.28
2005,8,10,200508,21.62,22.69,21.82,23.41,22.14,26.32,23.73,22.62,22.35,20.15,24.66,25.94,22.53,22.09,25.53,24.75,27.11,25.52,24.69,26.03,25.48,17.86,17.62,21.89,19.91,20.95,16.19
2005,8,11,200508,21.27,23.24,21.96,25.38,22.82,25.93,24.65,19.71,17.8,19.22,24.41,26.19,24.62,23.83,26.06,25.89,27.4,26.12,25.54,26.12,25.46,17.22,16.38,21.87,19.35,20.35,14.45
2005,8,12,200508,18.09,22.4,20.94,25.91,23.53,26.34,25.32,20.99,19.9,19.08,23.84,25.91,25.36,24.66,26.58,26.22,27.72,26.51,25.74,26.33,25.41,15.82,14.77,22.16,18.73,20.3,14.9
2005,8,13,200508,20.86,24.86,23.45,27.36,24.91,24.28,25.57,19.89,17.34,15.18,20.18,25.04,26.15,25.37,26.77,26.6,27.83,26.48,25.88,26.05,25.46,14.1,11.83,21.37,17.46,19.15,15.17
2005,8,14,200508,20.32,25.37,21.85,27.72,24.85,21.36,23.85,18.56,16.27,15.27,17.18,22.32,26.09,25.32,26.46,26.58,28.1,26.52,25.71,25.77,25.11,13.48,12.24,21.12,16.68,18.89,15.44
2005,8,15,200508,18.42,20.93,19.24,25.65,21.43,21.32,22.17,18.77,17.47,17.53,17.81,21.36,25.6,24.41,27.14,27.13,27.8,27.32,26.84,25.29,24.46,13.99,14.71,20.38,16.65,19.43,16.6
2005,8,16,200508,17.56,18.91,19.01,22.47,19.67,22.22,21.76,19.57,19,19.82,20.81,22.39,24.83,22.45,27.38,27.5,28.23,26.92,26.46,25.56,25.03,15.49,15.96,20.88,17.74,19.04,16.68
2005,8,17,200508,17.15,19.6,18.26,21.64,19.39,22.84,22.03,18.82,20.27,20.82,22.23,22.97,23.31,20.94,27.22,26.54,28.54,26.36,25.69,26.06,26.15,15.26,15.77,20.53,18.02,18.84,14.79
2005,8,18,200508,13.11,16.99,15.9,20.79,18.93,24.5,21.9,19.93,21.24,21.73,23.91,25.22,21.73,20.83,27.22,25.11,28.57,26.49,25.29,27.24,26.45,14.86,14.24,20.32,17.89,18.17,14.38
2005,8,19,200508,14.44,17.65,17.45,21.42,20.15,26.44,25.01,21.95,21.04,20.09,24.42,27.02,22.35,21.97,27.27,25.58,28.62,27.15,26.43,27.22,26.45,15.37,13.31,20.71,17.82,17.8,15.21
2005,8,20,200508,16.61,19.39,19.88,23.16,22.27,26.6,25.13,21.01,21.48,18.62,24.28,26.66,24.88,24.26,27.46,27.33,28.48,27.76,27.02,27.58,26.41,15.51,14.75,21.17,18.14,18.64,16.6
2005,8,21,200508,19.49,21.76,21.52,25.94,23.72,23.77,23.71,18.16,15.56,17.33,23.75,25.28,25.81,24.71,28.3,28.38,28.24,27.42,27.23,27.47,25.89,15.48,16.72,21.96,18.54,19.46,17.86
2005,8,22,200508,18.55,20.52,17.7,23.48,18.56,20.99,19.15,15.44,14.55,16.28,22.91,24.21,22.09,20.12,27.93,26.68,28.26,26.57,25.93,27.04,25.94,15.39,17.54,22.23,18.69,19.75,17.27
2005,8,23,200508,15.5,16.82,15.43,20.11,16.96,18.89,17.72,15.45,14.82,17.18,21.56,22.07,21.35,19.14,27.35,25.61,27.72,25.64,24.07,26.68,26.31,15.22,16.71,21.84,18.51,19.57,13.99
2005,8,24,200508,15.4,17.44,15.39,19.89,15.9,18.43,17.37,16.77,16.76,19.36,22.16,21.34,21.45,18.59,26.91,25.29,27.55,25.33,23.8,26.92,26.71,15.7,14.39,21.4,17.84,18.71,12.1
2005,8,25,200508,15.35,16.82,16,18.96,16.61,20.88,18.52,17.53,18.25,20.19,24.12,24.31,20.72,19.43,25.78,24.17,27.34,25.87,24.95,27.78,26.81,16.41,12.74,22.16,17.97,18.77,13.79
2005,8,26,200508,16.88,18.89,17.91,20.92,18.32,24.02,21.27,19.79,19.98,19.74,24.27,25.62,20.05,19.74,23.98,22.48,26.75,25.64,24.56,27.87,26.99,16.18,13.61,22.62,18.87,19.87,15.76
2005,8,27,200508,17.73,18.83,18.05,21.36,17.29,24.81,21.68,20.45,19.6,18.02,23.29,25.51,20.33,18.22,23.98,23.21,27.06,25.22,24.61,27.9,27.25,15.78,15.25,22.92,18.99,20.65,15.38
2005,8,28,200508,17.94,19.85,19.66,22.58,18.99,22.39,21.49,18.43,17.15,18.42,23.03,24.15,22.65,21.4,25.81,24.73,27.66,26.07,25.29,26.15,26.76,15.23,15.53,22.6,18.78,20.99,15.69
2005,8,29,200508,19.32,21.3,20.3,23.97,20.82,22.92,21.53,18.61,17.67,18.84,22.05,23.69,23.33,21.91,25.98,25.09,27.95,25.5,25.06,25.38,25.57,14.91,16.08,22.32,17.87,19.57,13.93
2005,8,30,200508,20.21,21.43,21.51,24.36,21.98,21.75,21.29,19.13,18.04,19.62,22.39,22.33,23.71,22.53,25.31,25.4,28.04,23.68,21.97,24.45,24.63,15.58,14,21.69,16,17.25,10.38
2005,8,31,200508,19.99,22.38,20.77,25.47,21.09,20.49,20.4,18.47,17.54,17.87,20.14,21.37,23.61,20.72,25.55,25.67,27.62,23.88,21.65,24.22,25.23,13.22,9.82,20.72,15.39,17.48,12.47
2005,9,1,200509,19.82,21.2,19,22.32,19.17,21.27,20.22,18.44,17.65,15.25,18.49,22.16,20.64,20.01,24.52,23.89,27.19,23.87,22.15,24.86,25.27,12.5,12.03,21.03,16.41,17.9,13.95
2005,9,2,200509,18.08,19.52,18.34,21.02,19.13,19.39,19.77,16.63,15.45,16.14,20.77,21.86,21,20.25,23.75,24.16,26.89,23.32,22.86,24.71,24.74,14.49,14.14,21.07,17.3,18.38,15.13
2005,9,3,200509,16.96,18.26,16.41,19.99,16.74,19.58,17.55,16.72,15.77,18.35,22.59,22.31,20.08,18.1,24.22,22.81,26.54,22.55,20.7,24.59,24.63,15.4,16.07,20.73,16.96,18.04,13.99
2005,9,4,200509,14.95,17.1,15.82,19.12,16.52,19.24,17.57,16.29,18.17,21.8,22.56,21.27,18.74,18.05,23.71,20.93,26.23,21.08,18.73,23.51,24.85,15.49,15.94,20.83,16.55,16.74,12.22
2005,9,5,200509,13.67,15.94,14.9,19.5,16.47,20.63,17.5,17.77,20.84,23.16,22.32,20.2,18.36,17.83,22.92,20.29,25.2,22.04,19.85,22.16,24.1,15.83,14.43,20.79,16.28,16.13,10.87
2005,9,6,200509,15.03,16.43,16.17,18.76,17.12,20.97,18.38,19.08,21.15,19.94,21.17,21.21,18.6,17.61,21.54,20.9,24.57,21.53,20.8,23.17,24.1,16.01,12.88,20.63,16.93,16.62,11.83
2005,9,7,200509,16.27,16.84,17.18,18.06,16.78,22.32,19.48,19.43,18.96,16.57,21.72,22.29,17.7,16.85,22.15,20.9,24.82,20.95,19.75,22.62,23.67,16.27,14.19,20.37,16.97,16.59,13.54
2005,9,8,200509,17.4,17.73,17.33,18.6,17.16,23,20.25,18.14,16.04,18.7,22.91,22.61,18.28,17.45,23.27,21.74,25.35,21.57,20.4,23.21,23.05,16.9,15.76,21.16,16.6,16.11,14.56
2005,9,9,200509,15.99,17.69,16.57,19.28,18.21,23.16,21.04,17.16,17.47,21.61,22.65,23,19.21,18.82,22.39,21.6,25.1,21.91,20.76,23.15,23.11,16.36,15.92,20.69,15.62,14.92,12.54
2005,9,10,200509,11.58,14.25,13.91,18.49,16.62,24.55,21.46,19.23,22.07,22.9,21.67,22.95,19.95,19.38,21.62,20.85,25.26,22.29,21.93,23.33,24.17,15.03,12.8,17.88,14.12,13.09,8.32
2005,9,11,200509,11.21,12.96,14.1,18.64,16.56,24.18,20.21,21.16,22.86,21.76,22.28,22.85,19.38,18.83,20.92,20.5,24.82,21.74,21.54,23.95,24.49,13.58,9.39,17.35,13.37,12.13,8.83
2005,9,12,200509,16.85,17.89,17.71,19.91,18,23.1,20.48,21.71,22.07,19.7,22.8,22.26,18.49,18.43,22.03,20.47,24.98,21.8,21.5,23.82,24.35,13.15,8.68,16.47,13.01,11.79,9.59
2005,9,13,200509,18.33,21.41,20.06,20.82,19.68,23,21.08,21.49,22.11,16.15,20.43,22.94,19.65,19.24,21.84,21.98,25.23,22.89,21.9,24.73,25.36,10.71,8.09,15.42,12.86,12.26,11.08
2005,9,14,200509,19.2,20.76,20.06,21.55,19.68,22.75,21.21,19.67,15.84,13.22,16.42,23.08,22.3,20.52,23.04,24.13,25.15,23.13,22.4,25.14,25.69,9.3,8.95,14.92,12.29,12.68,11.67
2005,9,15,200509,19.44,21.17,20.38,23.78,21.64,17.99,21.27,15.23,13.27,14.39,15.39,19.03,23.2,22.19,23.49,23.99,25.55,24.8,23.91,24.77,25.66,9.35,10.09,14.92,12.42,13.82,11.59
2005,9,16,200509,17.95,19.68,18.95,23.19,21.83,16.51,19.84,15.06,14.57,15.71,15.66,16.83,23.73,22.98,25.25,25.17,26.43,24.73,23.75,22.34,24.89,10.85,11.21,16.04,13.14,13.78,10.28
2005,9,17,200509,16.67,19.23,18.4,22.83,20.38,17.02,17.64,16.25,15.75,16.29,16.73,17.22,23.07,21.46,25.24,25.08,26.83,23.41,21.73,21.89,25.18,11.63,10.35,16.15,13.37,13.26,9.31
2005,9,18,200509,15.32,18.89,16.85,22.37,18.15,18.15,18.36,17.52,16.61,15.72,20.41,19.76,21.85,19.9,25.46,24.71,26.93,23.27,20.19,25.23,25.92,11.46,9.33,16.38,13.49,13.17,9.53
2005,9,19,200509,15.73,17.67,17.17,20.69,18.27,21.73,19.08,17.7,18.29,17.6,22.19,23.94,21.26,19.64,24.93,24.88,27.02,23.76,20.9,26.24,25.65,11.82,9.95,18.02,14.57,14.7,10.83
2005,9,20,200509,16.15,18.9,18.16,22.06,19.64,23.4,22.24,17.97,16.65,16.78,21.2,24.58,22.66,20.74,24.92,25.09,26.49,24.99,23.22,26.29,25.24,12.91,11.43,20.19,15.63,16.55,11.46
2005,9,21,200509,15.66,18.2,16.59,20.2,17.29,20.96,19.62,18.33,18.52,17.73,22.54,23.75,21.4,20.32,24.62,24.5,25.99,25,24.47,26.29,24.82,15.44,12.08,20.7,15.55,16.64,9.93
2005,9,22,200509,15.27,17.9,16.87,18.66,17.09,22.86,20.67,18.27,18.62,15.2,19.53,24.22,21.47,19.89,24.25,24.41,26.08,24.6,24.24,25.54,24.68,13.29,10.03,20.05,15.73,16.16,9.41
2005,9,23,200509,16.35,18.51,17.56,22.16,19.98,21.05,21.78,14.11,11.28,12.14,16.6,22.17,22.74,21.95,24.41,23.9,26.31,24.47,23.48,24.97,24.36,12.8,10.58,19.26,15.69,15.53,8.21
2005,9,24,200509,9.63,12.86,11.28,18.39,15.18,21.08,20.54,13.76,13.05,14.4,20.91,22.8,21.51,20.48,24.61,24.12,26.57,24.52,23.02,24.79,24.25,14.17,8.91,18.29,14.03,12.93,6.55
2005,9,25,200509,9.76,11.67,13.74,16.1,18.04,22.97,22.28,19.08,17.67,14.67,20.44,23.01,21.03,20.71,23.87,23.32,25.55,24.08,22.92,24.42,24.97,12.57,7.4,16.65,12.1,11.77,7.62
2005,9,26,200509,15.35,17.78,18.12,20.67,18.91,20.92,19.93,17.29,14.85,13.1,17.81,21.48,21,19.42,23.66,23.25,25.46,23.37,21.62,24.85,25.24,10.73,8.24,18.36,13.52,14.17,10.11
2005,9,27,200509,14.91,17.68,14.68,19.67,15.57,16.79,16.26,13.63,12.79,13.85,16.57,18.14,19.26,17.56,23.35,22.86,25.51,23.16,21.55,23.32,24.79,12.81,10.47,20.28,15.21,14.88,11.41
2005,9,28,200509,10.97,12.67,11.74,15.29,12.46,17.36,15.73,14.56,13.1,11.47,16.1,18.57,17.07,15.93,23.78,21.27,25.7,21.98,20.39,24.29,25.52,11.61,8.12,18.32,14.11,15.07,10.73
2005,9,29,200509,12.96,15.47,13.56,18.91,14.32,11.36,14.26,10.61,6.96,7.68,9.29,11.44,17.69,16.68,23.52,21.37,25.63,21,18.22,18.66,21.66,8.71,9.04,16.34,12.32,16.07,11.96
2005,9,30,200509,7.62,9.44,8.38,10.95,8.78,9.72,9.57,10.1,9.37,12.99,13.42,10.73,12.29,10.21,22.99,18.88,26.06,17.79,13.77,16.47,21,10.73,11.57,16.21,12.82,16.22,13.64
2005,10,1,200510,9.35,11.51,10.86,13.39,10.9,14.39,12.7,13.95,14.23,16.95,18.1,16.1,15.47,13.63,22.32,19.46,25.7,20.92,18.55,21.25,23.79,12.27,12.08,16.92,13.57,16.18,10.47
2005,10,2,200510,13.09,13.78,13.93,15.55,15.17,20.3,18.72,17.25,18.11,18.93,20.63,21.75,18.4,17.51,23.49,21.36,25.6,23.68,22.54,24.58,24.11,12.54,10.05,17.97,13.42,14.28,6.43
2005,10,3,200510,15.1,15.41,16.13,17.02,17.05,23.29,21.56,21.33,22.11,17.32,21.64,23.29,18.09,18.3,23.1,20.67,25.32,23.8,22.7,24.85,24.51,12.37,7.54,17.93,12.55,10.96,6.37
2005,10,4,200510,14.98,15.75,16.61,18.27,16.81,23.87,21.35,21.76,22.17,13.57,21.96,23.88,19,18.25,22.7,21.65,24.86,22.94,21.88,24.8,24.59,13.25,5.61,18.51,11.95,9.69,5.69
2005,10,5,200510,16.8,17.08,17.16,19.08,17.87,22.71,20.09,20.78,21.05,9.17,16.21,22.3,19.8,18.96,22.29,22.09,24.39,22.32,21.16,23.97,24.2,7.46,1.7,15.46,10.29,10.13,6.76
2005,10,6,200510,16.8,18.41,17.94,20.34,18.72,15.47,18.99,15.78,9.13,2.98,6.21,13.63,20.65,19.83,21.77,22.22,25.05,21.32,20.55,18.59,20.26,4.2,2.19,15.13,9.23,12.01,9.31
2005,10,7,200510,18.26,19.89,18.31,21.85,19.06,7.92,13.46,7.78,4.94,2.32,6.01,7.56,20.83,19.7,22.42,22.43,25.27,17.86,16.54,13.16,12.12,5.56,5.61,16.08,9.24,13.47,9.24
2005,10,8,200510,16.62,20.53,13.83,21.99,15.31,9.07,10.49,6.37,5.47,5.06,7.81,6.7,20.29,17.07,21.54,22.28,24.8,15.22,13.91,12.2,13.8,8.79,7.68,16.34,11.2,12.22,7.53
2005,10,9,200510,10.44,18.55,10.33,19.46,10.93,10.69,10.48,7.26,6.14,7.27,9.52,9.33,15.94,13.51,21.99,21.05,24.93,15.3,13.32,14.03,16.16,8.94,6.04,13.77,10,10.66,8.04
2005,10,10,200510,9.68,12.9,11.35,17.62,14.02,11.95,13.27,9.42,8.15,8.6,10.73,11.7,16.88,16.28,22.37,19.26,25.21,16.13,16.39,14.95,17.86,4.09,4.24,10.47,7.35,11.93,8.79
2005,10,11,200510,11.46,13.23,12.95,16.65,15.29,14.51,15.62,11.82,9.45,9.42,10.7,13.71,17.36,17.34,20.63,18.2,25.09,17.88,17.44,17.14,18.53,2.97,5.01,10.4,7.62,12.31,9.43
2005,10,12,200510,8.5,11.89,11.23,15.42,13.34,17.12,16.41,13.62,12.48,11.1,12.03,16.05,16.56,15.96,20.79,18.83,24.04,19.06,18.33,18.43,19.12,4.37,6.85,11.3,8.87,12.44,8.02
2005,10,13,200510,8.46,12.86,10.61,16.8,13.14,17.25,16.37,14.46,13.49,11.31,12.02,16.24,15.52,15.76,20.14,17.96,23.49,19.44,18.71,18.52,19.55,6.01,6.94,12.05,9.46,13.65,9.41
2005,10,14,200510,11.05,14.91,12.36,16.34,14.18,15.64,16.35,15.02,13.37,12.05,13.81,15.27,16.52,15.47,19.99,18.19,23.37,18.99,17.55,18.61,18.93,8.14,8.35,13.59,10.68,14.35,10.72
2005,10,15,200510,12.89,14.84,12.37,15.55,12.94,13.92,13.55,11.86,9.65,9.82,14.73,15.87,15.68,14.7,18.35,17.53,22.7,16.75,15.9,18.37,18.86,8.54,9.54,14.36,10.66,12.56,10.7
2005,10,16,200510,8.82,9.61,8.41,11.46,9,9.91,9.08,9.73,7.36,10.18,14.91,13.42,11.32,9.63,16.31,14.67,21.64,14.92,12.53,18.69,19.16,8.91,8.86,14.22,9.46,10.56,8.42
2005,10,17,200510,7.78,9.68,8.2,11.31,9.07,13.85,10.78,9.06,10.86,13.14,16.27,16.65,9.5,9.78,14.08,11.56,20.58,13.18,11.7,18.61,20.16,9.56,8.76,14.7,11.15,13.2,10.88
2005,10,18,200510,8.08,9.28,9,12.15,10.84,15.66,13.91,10.96,10.56,12.3,16.98,18.33,12.36,12.66,16.27,13.88,21.53,15.97,15.25,20.1,20.8,9.42,9.69,13.99,12.18,12.98,11.8
2005,10,19,200510,8.86,10.71,9.53,12.45,10.66,15.07,13.69,9.68,9.65,8.95,14.37,18.4,15.99,13.98,18.46,17.69,22.38,18.9,19.36,20.79,20.91,8.05,8.5,10.82,11.31,11.52,11.02
2005,10,20,200510,6.37,8.75,6.3,12.79,9.36,12.54,11.22,6.75,6.08,7.13,10.39,16.33,17.13,14.81,19.58,19.48,23.88,19.21,19.51,19.2,20.01,6.41,8.37,12.4,9.43,12.08,8.76
2005,10,21,200510,3.81,5.82,5.6,9.82,6.98,10.74,9.55,6.18,6,7.59,9.61,11.72,14.82,11.89,20.5,18.89,24.68,18.99,17.82,16.37,17.78,7.11,6.1,13.84,9.85,12.38,8.54
2005,10,22,200510,3.45,5.28,4.49,11.67,7.09,9.68,8.76,6.31,6.3,4.57,9.11,9.81,13.32,10.97,20.55,19.65,23.99,15.19,13.4,14.03,15.37,6.23,5.04,14.06,10.21,13.21,9.19
2005,10,23,200510,5.68,7.44,5.17,10.57,7.13,6.83,8.01,6.72,5.24,2.95,4.12,6.92,9.52,8.48,13.94,13.24,23.08,11.66,9.7,11.61,15,4.14,5.11,13.78,10.44,13.09,9.78
2005,10,24,200510,5.23,7.21,5.36,8.81,6.57,6.35,6.74,6.24,5.36,3.33,3.27,6.55,9.27,8.06,11.87,11.46,20.19,7.74,6.5,6.42,8.68,4.04,6.94,13.81,9.27,12.9,10.21
2005,10,25,200510,5.3,7.66,5.72,9.69,5.62,7,6.6,6.49,5.57,4.14,5.39,6.13,6.25,5.34,7.48,7.59,11.97,7.76,6.6,7.47,9.46,6.37,8.74,13.53,10.01,12.27,10.5
2005,10,26,200510,3.55,4.91,3.9,7.08,5.21,7.11,6.75,5.7,5.33,5.48,7.11,6.3,6.67,6.01,7.27,7.42,12.09,7.73,6.9,8.28,12.14,6.63,8.44,12,9.47,11.22,8.25
2005,10,27,200510,2.24,3.74,2.63,6.3,4.15,8.01,6.69,5.56,5.54,5.6,7.47,7.19,6.09,5.1,9.26,8.62,13.64,8.33,7.65,9.83,14.17,5.9,7.57,12.18,9.21,10.08,5.34
2005,10,28,200510,1.63,3.67,2.49,6.16,4.2,7.51,6.75,5.78,4.95,7.07,8.28,7.5,6.95,5.66,11.3,9.65,15.84,8.75,7.8,9.87,13.77,6.88,6.86,12.37,8.57,9.43,5.88
2005,10,29,200510,1.03,3.5,3.2,5.29,4.68,6.78,6.19,6.68,6.28,9.53,11.79,8.55,6.04,5.55,9.9,7.72,15.92,7.75,6.64,10.6,13.6,6.87,5.35,11.77,8.65,9.95,5.01
2005,10,30,200510,3.15,5.84,5.45,7.28,5.36,7.94,6.38,8.42,9.36,9.53,11.54,9.04,6.37,6.33,9.13,7.63,16.34,9.13,8.17,11.98,15.9,4.69,3.26,11.63,7.48,9.69,4.65
2005,10,31,200510,7.46,8.75,7.39,9.07,7.06,11.01,8.97,10.14,8.32,6.59,9.1,11.4,9.29,8.85,11.58,10.09,18.82,11.3,10.59,14.81,17.93,1.67,1.35,10.57,6.42,10.8,6.67
2005,11,1,200511,9.69,10.01,9.82,11,9.06,9.82,10.27,8.82,4.86,5.31,6.9,8.68,10.61,10.16,15.47,13.13,20.89,13.19,11.53,11.96,12.13,3.23,4.76,10.24,7.05,12.13,7.74
2005,11,2,200511,7.62,9.4,6.87,10.62,7.53,8.46,7.96,7.27,5.93,7.21,10.83,9.78,10.62,8.96,16.61,14.55,19.88,11.72,10.76,11.17,12.14,6.07,5.81,11.69,8.61,11.3,4.75
2005,11,3,200511,3.15,5.45,6.18,8.1,7.4,11.91,10.31,9.86,8.38,6.68,10.95,11.91,8.93,8.74,13.39,10.62,19.73,11.72,10.79,12.84,13.67,6.62,3.65,11.89,7.67,8.1,3.32
2005,11,4,200511,6.35,10.39,9.89,11.38,10.31,12.33,11.8,9.7,6.99,5,10.34,13.12,10.94,11.22,15.3,12.87,20.21,14.71,13,16.18,16.77,4.92,1.77,10.47,7.1,7.97,3.36
2005,11,5,200511,6.86,11.78,11.24,13.47,13.25,14.3,15.08,9.06,7.22,5.01,9.36,15.16,13.81,14.19,16.72,15.22,21.16,18.7,16.96,18.51,18.2,2.43,-0.15,9.89,5.66,8.35,2.42
2005,11,6,200511,8.28,12.75,12.48,14.26,13.56,13.82,14.92,8.65,6.79,4.36,7.09,13.36,15.38,14.91,18.01,16.97,21.91,19.48,18.23,17.03,17.71,1.42,0.75,10.14,6.55,10.08,4.32
2005,11,7,200511,8.11,10.99,8.21,12.32,8.73,9.79,8.7,6.17,5.26,5.41,9.46,10.69,13.34,10.73,19.06,17,22.44,17.8,13.81,17.18,19.12,5.73,3.18,11.82,8.41,10.63,3.24
2005,11,8,200511,3.16,7.36,6.56,9.46,7.81,14.57,12.03,8.12,6.28,6.72,12.68,17.48,11.29,9.99,19.58,16.26,22.47,19.07,17.3,20.21,20.1,6.98,3.9,12.01,9.13,10.24,1.12
2005,11,9,200511,0.5,4.23,4.01,11.52,10.18,15.22,16.1,9.23,6.58,4.59,8.87,15.81,15.39,15.18,19.39,17.95,21.82,19.69,19.4,19.53,19.81,5.71,0.47,12.84,9.19,10.8,1.47
2005,11,10,200511,4.63,9.3,5.52,11.92,7.74,4.09,5.71,3.63,1.33,2.07,4.95,5.04,12.31,9.85,16.75,16.04,20.74,14.19,11.08,13.04,16.24,6.38,3.77,13.48,9.33,10.94,3.91
2005,11,11,200511,-0.63,1.26,0.62,4.32,3,4.93,3.63,4.05,2.76,5.9,9.34,7.17,3.98,3.57,8.3,5.96,17.19,7.49,5.87,12.24,17.26,7.7,6.11,11.44,8.86,9.71,4.27
2005,11,12,200511,-0.64,1.27,2.7,5.52,3.88,9.22,6.93,7.32,7.27,8.14,12.88,12.57,5.51,5.47,9.49,7.09,18.38,9.55,8.02,16.96,19.63,5.16,3.21,8.99,6.2,8.27,2.11
2005,11,13,200511,2.73,5.79,6.07,8.28,6.33,12.42,10.82,9.49,7.96,4.72,7.32,13.2,8.27,8.39,16.34,12.06,21.07,15.41,13.19,17.43,17.72,1.2,-1.26,9.11,4.6,8.75,3.36
2005,11,14,200511,6.85,9.84,7.63,12.49,8.92,4.96,6.81,3.72,1.19,1.55,4.77,6.32,14.16,12.32,19.07,17.47,21.43,17.78,15.31,15.11,16.72,1.66,0.28,9.86,6.16,10.45,4.21
2005,11,15,200511,1.75,5.21,4.22,11.98,8.66,8.92,11.71,4.91,2.82,1.01,2.75,8.98,16,13.8,19.96,18.47,22.2,19.47,18.15,16.84,17.06,-3.46,-5.4,8.96,3.81,10.33,0.65
2005,11,16,200511,6.77,13.64,11.88,17.02,13.41,1.86,7.77,4.78,-1.51,-6.51,-3.02,0.41,16.85,14.02,19.66,19.85,22.3,11.92,9.86,4.55,5.15,-6.4,-4.73,5.72,-0.32,8.44,2.19
2005,11,17,200511,7.02,9.01,2.37,7.43,0.62,-4.77,-3.35,-3.11,-9.35,-8.5,-1.79,-3.58,4.75,1.48,7.63,10.3,17.7,1.03,-0.48,1.43,3.62,-3.01,-1.59,6.85,1.64,8.52,3.32
2005,11,18,200511,-1.46,-0.24,-2.42,0.26,-2.68,-1.97,-4.87,-4.65,-5.54,-1.92,1.21,0.45,-1.38,-2.48,3.19,1.37,14.59,0.16,-1.04,2.48,6.09,-3.32,-1.43,6.61,2.13,9.03,3.24
2005,11,19,200511,-3.26,-0.89,-1.07,1.14,-0.24,1.9,-0.68,0.9,-0.14,1.92,3.77,2.83,0.94,0.57,3.77,2.45,16.14,2.83,2.12,5.36,8.33,-1.38,-0.37,5.83,2.01,8.96,4.25
2005,11,20,200511,0.39,2.47,1.2,4.13,1.79,3.07,2.67,2.31,0.46,0.93,3.5,4.62,4.82,4.06,11.99,8.86,19.56,7.9,6.62,8.35,9.39,-2.8,0.14,5.91,1.9,9.15,3.73
2005,11,21,200511,2.98,4.88,3.33,6.65,4.08,4.88,4.46,2.92,0.24,1.9,4.58,5.16,8.17,6.42,14.73,13.98,20.77,9.25,7.85,8.15,8.03,0.08,0.74,6.52,3.12,8.97,3.17
2005,11,22,200511,4.3,7.61,2.85,7.73,3.64,2.65,3.01,0.1,-1.79,1.14,5.44,4.13,6.73,5.19,8.12,9.91,14.13,6.57,5.39,7.44,9.62,0.98,0.79,6.92,3.93,8.46,2.72
2005,11,23,200511,-1.38,-0.5,-4.07,0.35,-2.46,2.97,-0.22,-1.48,-1.06,3.22,7.09,5.49,1.04,-0.47,4.63,3.81,10.88,4.88,2.94,9.08,11.27,0.82,0.97,8.28,3.99,8.97,2.38
2005,11,24,200511,-3.06,-1.21,-3.54,2.96,-1.51,0.45,-0.31,-4.54,-8.33,-4.38,5.55,4.56,4.3,2.43,10.28,7.68,15.75,9.13,6,11.08,12.46,0.54,-0.02,9.71,4.91,9.45,2
2005,11,25,200511,-4.28,-3.43,-6.5,-3.15,-7.7,-7.06,-8.05,-5.36,-9.45,-6.14,1.12,-3.12,-1.67,-5.48,8.38,4.53,17.6,3.56,-1.07,7.3,12.98,-1.3,-0.7,8.24,4.65,9.6,3.32
2005,11,26,200511,-4.59,-2.79,-4.68,-1.88,-4.98,-1.13,-2.57,-4.47,-6.4,-4.38,4.46,3.58,-0.83,-1.73,7.81,3.2,17.3,6.9,2.95,11.93,15.68,-0.25,0.28,7.73,2.68,6.25,0.4
2005,11,27,200511,-1.85,1.2,-1.33,3.65,1.31,7.95,5.37,-0.23,-0.97,-1.08,7.68,13.11,3.96,5.45,13.58,8.63,20.14,13.86,11.01,16.36,14.47,-3.28,-4.31,3.26,-1.34,2.2,-2.1
2005,11,28,200511,0.1,4.33,3.86,10.6,7.32,12.1,11.93,5.81,4.82,-1.33,1,10.06,10.86,11.04,18.24,14.75,22.26,16.83,14.52,12.12,8.42,-7.57,-7.74,-2.89,-5.8,2.03,-3.34
2005,11,29,200511,6.17,9.81,11.25,13.92,13.54,2.11,8.44,6.22,0.99,-5.89,-2.71,-0.08,15.16,14.02,17.68,17.4,21.81,9.73,8.2,4.26,4.11,-8.48,-8,-0.75,-3.26,4.46,-1.19
2005,11,30,200511,9.45,12.68,8.96,14.56,6.89,-2.07,-0.2,-0.97,-5.66,-7.65,-3.42,-1.9,9.53,6.79,7.75,11.94,16.43,3,1.77,2.35,5.87,-4.6,-6.31,3,-0.33,5.52,-1.49
2005,12,1,200512,4.63,6.19,0.84,4.47,-0.1,-1.67,-0.96,-1.86,-5.8,-8.34,-4.43,-0.81,2.89,0.97,4.81,6.8,11.22,3.65,1.71,4.33,9.11,-6.06,-8.21,5.36,1.54,8.18,-1.69
2005,12,2,200512,1.87,2.49,-0.54,2.39,-1.32,-6.04,-3.99,-3.14,-9.11,-10.98,-4.84,-3.99,1.65,-0.73,4.06,4.54,10.75,1.45,-0.73,2.45,7.39,-0.84,-4.83,7.03,3.8,7.77,-1.33
2005,12,3,200512,-2.87,-1.5,-4.21,-1.2,-4.41,-3.68,-4.45,-5.18,-8.96,-10.35,-4.13,-1.04,-2.07,-3.68,4.38,2.11,11.72,5.34,0.42,9.55,14.9,-1.35,-6.85,7.63,2.08,4.06,-2.5
2005,12,4,200512,-4.58,-2.26,-4.55,0.03,-3.03,-2.42,-1.65,-4.44,-8.85,-10.91,-6.23,-2.3,4.36,1.15,13.63,10.35,17.19,12.43,6.74,7.79,11.29,-8.27,-10.18,2.36,-1.91,1.68,-3.27
2005,12,5,200512,-3.86,-2.31,-3.88,-1.86,-3.68,-6.77,-5.25,-7.53,-12.72,-13.37,-7.56,-5.78,3.49,-0.27,15.74,13.13,19.39,6.97,2.58,1.98,4.36,-11.62,-11.17,-0.9,-5.38,2.1,-3.35
2005,12,6,200512,-4.41,-2.06,-4.71,-0.7,-4.19,-7.31,-7.33,-8.47,-13.75,-14.87,-9.79,-5.71,-0.62,-2.28,7.47,6.29,16.75,0.54,-1.48,-0.11,2.4,-10.09,-11.46,-0.59,-5.09,2.29,-3.13
2005,12,7,200512,-6.68,-4.46,-6.89,-5.58,-6.85,-9.08,-6.68,-6.99,-11.62,-13.3,-12.95,-8.29,-2.71,-3.84,4.41,2.66,14.33,1.04,-1.05,-1.1,3.32,-14.05,-15.3,-0.1,-5.05,3.7,-4.39
2005,12,8,200512,-9.53,-7.11,-8.27,-5.85,-6.58,-7.36,-7.31,-7.14,-8.83,-12.49,-12.92,-6.49,-2.97,-4.31,7.8,2.13,18.01,3.93,0.72,-1.24,-2.18,-15.82,-14.48,-0.71,-6.16,4.8,-5.21
2005,12,9,200512,-6.61,-3.35,-5.84,-1.92,-4.75,-7.96,-4.62,-4.79,-8.84,-12.38,-11.4,-11.96,-1.12,-2.39,7.72,5.74,18.45,0.34,-2.27,-5.23,-2.39,-9.54,-9.55,1.18,-4.14,4.54,-4.54
2005,12,10,200512,-4.75,-3.24,-4.75,-4.21,-6.81,-7.29,-7.54,-6.14,-9.9,-4.87,-5.06,-7,-3.51,-4.2,4.05,2.1,15.63,-0.46,-2.45,-1.6,3.72,-6.78,-6.73,2.39,-2.33,5.08,-2.47
2005,12,11,200512,-2.6,-1.34,-3.87,-1.84,-4.77,-1.1,-2.36,-3.4,-5.71,-3.03,-1.08,-0.65,-0.41,-1.68,6.06,4.39,15.1,2.53,0.13,2.71,6.14,-5.07,-5.23,3.49,-1.91,5.52,-2.25
2005,12,12,200512,-3.32,-1.53,-3.84,-0.67,-2.76,-2.97,-3.26,-6.67,-8.33,-2.74,0.47,0.55,0.86,-1.18,4.69,3.33,11.5,3.47,1.97,4.81,7.66,-4,-4.8,4.17,-0.9,5.22,-3.24
2005,12,13,200512,-8.6,-5.54,-11.05,-7,-9.07,-0.68,-4.74,-4.78,-3.97,-3.82,0.85,0.58,-1.61,-4.77,4.06,3.24,10.43,3.22,2.23,5.94,10.12,-2.89,-4.69,5.37,0.68,4.74,-3.82
2005,12,14,200512,-12.53,-10.82,-13.38,-10.36,-11.16,0.32,-4.17,-3.14,-2.73,-1.48,1.42,4.19,-4.36,-6.39,3.19,-0.51,11.4,4.53,2.54,9.17,12.67,-6.44,-7.53,2.85,-2.48,4.16,-5.4
2005,12,15,200512,-11.56,-9.39,-11.21,-6.31,-8.09,1.82,0.05,-1.01,-1.76,-3.81,-1.72,2.11,-0.76,-2.16,8.25,4.21,18.1,8.41,4.52,5.72,5.5,-10.41,-10.1,0.07,-5.35,3.24,-5.92
2005,12,16,200512,-6.28,-0.84,-2.96,4.69,-0.82,-1.41,-1.34,-1.37,-4.64,-7.6,-4.48,-0.5,3.08,1.42,6.02,6.27,15.37,2.73,1.49,1.35,3.96,-10.24,-10.76,0.03,-4.6,2.3,-6.47
2005,12,17,200512,-2.41,-1.18,-2.92,0.46,-2.9,-2.91,-2.66,-3.34,-8.16,-10.96,-4.99,-1.86,0.6,-1.15,5.65,4.38,14.13,3.36,1.29,3.46,5.53,-10.66,-12.46,-0.63,-3.92,2.83,-6.81
2005,12,18,200512,-4.09,-3.16,-4,-0.67,-4.01,-4.29,-3.63,-6.56,-11.47,-12.63,-6.47,-2.06,1.08,-0.86,7.58,5.13,17.36,4.26,2.47,3.57,6.56,-9.55,-13.26,1.68,-2.15,5.24,-7.1
2005,12,19,200512,-5.18,-3.38,-5.16,-0.79,-4.59,-8.26,-7.94,-7.23,-13.55,-14.06,-7.46,-5.61,0.25,-1.88,6.51,3.58,15.82,2.09,0.19,1.24,6.32,-6.6,-9.05,4.36,0.75,7.37,-1.88
2005,12,20,200512,-6.36,-5.4,-7.48,-3.99,-9.19,-8.41,-10.37,-6.84,-12.09,-12.13,-5.82,-5.07,-3.38,-6.4,4.1,1.52,13.22,-1.23,-3.65,0.9,6.04,-3.47,-3.75,5.4,1.97,8.68,2.1
2005,12,21,200512,-10.25,-5.4,-7.1,-3.25,-6.15,-4.87,-6.3,-5.03,-11.48,-10.87,-4.19,-2.62,-4.02,-5.41,2.4,0.4,10.19,-0.76,-2.75,2.15,6.77,-1.3,-0.02,6.72,2.69,9.45,2.8
2005,12,22,200512,-9.38,-4.31,-5.16,-1.86,-4.9,-3.31,-5.26,-5.26,-8.96,-4.37,0.62,-1.11,-2.89,-3.42,1.19,-0.45,7.52,1.14,-0.29,3.66,7.75,0.91,1.63,8.16,4.2,10.26,4.02
2005,12,23,200512,-3.86,-0.89,-1.94,0.2,-2.39,1.6,-0.61,-0.18,-1.75,-0.67,4.12,3.46,-0.47,-0.55,2.11,0.94,9.15,2.61,1.02,6.27,10.03,1.39,1.57,8,4.93,10.64,3.79
2005,12,24,200512,-0.72,1.57,0.11,2.93,0.37,2.81,0.83,0.12,-1.3,-0.67,5.23,5.38,1.83,2.55,3.96,2.34,12.82,6.68,4.16,10.08,11.78,-1.38,0.11,7.5,4.09,10.61,5.71
2005,12,25,200512,-0.13,2.2,0.21,4.12,0.34,2.21,2.43,0.99,-2.37,-2.85,3.11,2.91,3.69,3.74,11.13,8.69,17.52,8.83,7.25,7.39,8.33,-0.05,1.78,7.25,3.25,9.52,5.52
2005,12,26,200512,1.12,5.16,1.38,7.38,1.8,-0.16,1.33,0.22,-3.52,-2.16,4.57,2.27,5.04,3.77,7.03,7.35,13.27,5.21,3.52,6.72,10.01,0.9,1.41,7.02,3.87,8.33,4.11
2005,12,27,200512,-4.88,-0.52,-2.39,2.27,-0.49,1.81,0.95,-0.66,-3.65,-1.4,5.3,5.44,2.57,1.49,5.26,4.37,9.87,6.61,4.63,10.6,13.13,0.59,0.55,6.19,2.6,7.08,2.7
2005,12,28,200512,-6.61,-1.26,-1.87,2.7,0.95,3.95,4.91,0.11,-2.61,-1.3,4.5,5.13,4.3,4.55,9.11,6.55,13.11,11.99,9.63,11.3,11.05,-0.83,-0.12,5.73,3.05,8.6,3.73
2005,12,29,200512,0.86,4.62,2.01,7.45,3.93,0.96,3.78,0.5,-3.34,-2.28,4.24,2.75,7.23,6.26,11.55,10.77,16.46,7.57,6.04,8.25,10.81,1.12,0.1,6.42,2.75,5.82,1.81
2005,12,30,200512,0.54,4.19,-0.92,5.22,1.35,2.05,1.51,-1.32,-2.48,-1.76,3.4,4.27,4.08,3.15,6.95,6.41,13.46,7.1,4.59,8.82,11.4,-4.36,-3.34,4.36,1,6.1,2.53
2005,12,31,200512,-8.3,-2.45,-4.76,1.59,-0.3,2.81,2.7,-0.08,-1.09,-3.08,1.15,3.31,4.9,3.62,10.52,7.89,16.5,10.01,6.94,8.25,10.28,-1.02,-0.49,4.79,3,8.21,4.25
2006,1,1,200601,-8.25,-1.03,-2.15,3.1,0.91,2.73,2.27,0.42,-1.79,-3.56,3.54,5.58,4.67,3.44,12.86,7.92,18.95,10.75,6.28,11.76,13.63,1.03,0.02,6.4,2.6,5.88,2.68
2006,1,2,200601,-4.48,0.27,-0.55,3.28,1.32,8.99,7.16,0.81,-0.78,-3.73,3.9,9.36,5.02,5.4,16.25,10.3,21.07,17.26,14.76,13.78,12.04,-1.22,-1.38,7.01,2.47,7.19,2.39
2006,1,3,200601,-5.46,0.82,0.06,5.33,2.88,5.42,6.63,1.04,-0.52,-2.9,4.15,4.87,8.14,7.6,14.53,13.36,19.74,10.91,9.87,9.67,12.03,1.45,-0.18,7.74,3.37,5.18,1.1
2006,1,4,200601,-6.9,-1.92,-1.78,1.96,1.87,5.05,6.37,1.79,-0.58,-2.38,4.96,6.04,5.98,5.75,9.95,9.48,14.55,9.73,8.28,10.46,12.84,-1.56,-1.96,5.95,2.16,6.44,1.54
2006,1,5,200601,-4.11,-0.2,0.24,3.19,2.69,0.94,2.37,0.59,-1.91,-4.59,3.3,2.46,6.36,4.96,10.91,9.76,14.95,7.75,5.17,7.95,9.44,-3.15,-2.98,5.59,1.37,8.33,3.97
2006,1,6,200601,-1.98,0.12,-2.84,2.67,-0.83,-0.43,-0.72,-3.56,-4.19,-4.75,0.75,-0.49,3.19,1.25,5.68,6.5,11.73,3.1,2.15,3.62,5.88,-1.16,-0.68,5.21,1.67,8.38,4.6
2006,1,7,200601,-6.24,-3.91,-6.12,-1.55,-3.81,0.82,-0.78,-1.46,-3.46,-2.19,4.26,1.42,-0.8,-1.99,2.31,2.27,6.91,1.69,0.46,4.32,7.57,1.56,0.67,5.84,2.72,7.55,4.32
2006,1,8,200601,-8.14,-2.58,-2.68,0.53,-0.53,3.03,1.68,-0.58,-2.99,-2.41,4.99,5.12,1.36,0.97,4.36,3.08,8.85,6.51,4.55,9.94,10.79,-0.56,-1.19,5.31,1.4,5.23,1.01
2006,1,9,200601,-4.05,0.29,-0.45,4.13,1.92,2.86,4.29,0.05,-2.41,-3.01,1.42,3.32,6.97,6.33,11.32,9.04,13.73,13.21,11.5,10.89,11.79,-4.29,-4.97,3.24,-1.57,4.66,1.29
2006,1,10,200601,-1.56,1.11,0.27,5.18,2.18,1.02,2.13,-1.82,-5.92,-3.33,-0.87,1.75,7.93,5.26,14.01,12.52,16.42,12.56,11.68,8.89,8.11,-4.92,-3.19,1.57,-2.42,5.02,4.39
2006,1,11,200601,-1.96,0.78,0.97,5.02,4.16,4.39,6.67,0.76,-3.26,-1.64,0.88,2.81,9.24,7.71,14.29,13.39,18.84,11.12,9.53,5.31,6.47,-2.19,-0.49,2.88,-0.09,5.99,3.77
2006,1,12,200601,2.36,4.82,3.61,8.95,5.4,4.41,4.06,1.7,-1.65,-0.46,3.15,4.81,9.39,6.82,14.59,13.6,19.11,9.18,6.58,8.02,11.12,-2.07,-2.71,3.23,0.11,5.95,1.23
2006,1,13,200601,1.04,3.49,3.16,6.7,4.85,5.51,6.89,2.73,-1.36,-2.4,1.65,5.04,9.25,6.96,14.09,13.77,19.2,11.9,9.77,10.01,9.98,-5.67,-3.94,3.97,-0.03,7.11,3.72
2006,1,14,200601,4.35,7.42,4.76,11.27,6.26,-1.28,1.99,-1.11,-4.81,-3.14,1.71,0.03,8,6.12,6.72,8.64,13.59,3.67,1.51,3.95,5.72,-1.04,0.07,5.48,1.67,6.65,3.67
2006,1,15,200601,-3.56,-1.42,-8.56,-0.94,-5.3,-0.47,-1.47,-3.44,-2.44,-1.33,4.65,2.51,-1,-2.73,2.72,1.69,7.3,2.22,0.64,6.68,9.74,-0.26,-0.58,5.77,1.64,3.37,-0.25
2006,1,16,200601,-13.85,-11.56,-13.25,-6.82,-6.62,2.23,1.01,-2.68,-1.9,-2.22,4.23,5.65,0.7,-1.03,8.64,5,11.83,8.37,6.48,11.33,13.26,-4.28,-5.58,0.98,-2.56,1.6,-1.18
2006,1,17,200601,-9.63,-5.96,-6.89,-2.17,-2,2.55,5.52,-1.27,-2.56,-4.64,-0.39,2.58,4.85,4.34,13.31,11.1,16.21,13.79,12.2,8,7.39,-7.71,-5.31,-1.49,-3.06,3.73,2.62
2006,1,18,200601,-1.14,3.99,1.72,7.22,3.22,-1.52,-0.06,-1.47,-6.22,-5.35,0.7,0.19,8.24,5.41,8.55,10.85,14,4.2,3.03,3.46,5.38,-2.71,-1.78,1.75,-0.58,4.83,1.33
2006,1,19,200601,-0.79,0.62,-1.45,1.58,-0.64,3.78,1.34,-2.9,-5.38,-4.39,3.64,5.67,1.9,1.45,4.88,3.77,9.92,6.15,5.26,9.43,10.58,-2.37,-3.83,3.23,-0.3,3.43,0.25
2006,1,20,200601,-0.68,3.05,2.14,4.71,3.52,6.78,7.63,0.36,-3.67,-4.99,1.48,7.89,5.18,5.22,8.44,7.29,16.54,10.26,9.07,12.91,12.85,-6.4,-5.93,0.46,-2.45,1.96,0.43
2006,1,21,200601,3.1,7.09,4.81,7.63,6.58,3.51,6.99,-1.4,-6.42,-5.64,-0.57,3.61,7.64,7.27,16.14,12,20.39,13.05,10,8.85,7.69,-8.73,-5.34,0.04,-2.89,3.07,0.12
2006,1,22,200601,-5.84,-0.3,-2.17,2.38,-0.5,0.36,0.59,-2.69,-4.2,-5.83,0.11,2,4.55,2.12,17.1,11.8,20.49,12.32,7.79,8.04,8.39,-7.21,-6.68,0.43,-2.69,2.85,-0.7
2006,1,23,200601,-4.76,-0.83,-1.68,3.52,0.22,0.69,1.87,-2.98,-7.04,-5.7,-0.27,2.05,6.6,4.94,17.12,11.91,20.69,13.93,10.97,8.01,7.88,-8.37,-5.77,0.55,-3.35,2.53,0.53
2006,1,24,200601,-2.09,-0.5,-2.16,2.38,-0.78,1.19,0.68,-1.59,-2.37,-1.06,1.88,2.87,7.53,3.16,15.38,14.26,20.32,9.41,6.3,7.48,8.35,-4.81,-3.26,2.09,-1.72,4.28,1.91
2006,1,25,200601,-2.21,0.03,-0.81,2.68,-0.29,-0.41,-0.28,-2.2,-4.16,-4.2,2.76,1.16,2.73,0.87,6.92,6.15,14.92,4.85,2.6,6.98,9.03,-3.04,-2.37,5.09,0.13,4.64,1.11
2006,1,26,200601,-3.65,-1.31,-5.16,-0.58,-3.79,-1.07,-1.8,-4.1,-5.11,-2.44,4.24,2.04,-1.35,-2.2,3.15,1.21,9.5,2.1,0.38,6.17,9.61,-1.11,-1.79,2.96,0.82,4.03,0.58
2006,1,27,200601,-9.06,-5.16,-7.12,-2.4,-5,1.36,-0.74,-1,-0.43,1.17,5.8,5.08,-1.92,-2.41,4.11,0.47,12.47,4.55,2.2,8.39,11.35,-3.19,-2.83,2.57,0.45,3.6,0.29
2006,1,28,200601,-2.74,-1.07,-1.43,0.62,-0.45,5.48,3.88,0.69,-0.95,-0.38,5.96,8.15,1.4,1.8,7.71,3.39,14.88,8.94,6.12,11.67,14.3,-4.23,-4.57,2.11,-0.55,4.23,0.62
2006,1,29,200601,-2.31,1.46,0.71,3.72,2.47,9.26,7.93,2.42,0.55,-0.35,2.9,9.24,6.26,5.43,13.3,9.76,17.68,13.93,11.62,11.35,10.43,-4.31,-3.68,3.49,0.27,5.14,0.71
2006,1,30,200601,-2.41,3.61,3.85,8.97,6.2,4.12,6.11,1.04,-1.86,-1.91,1.29,4.24,9.98,7.73,14.44,13.14,19.48,10.33,7.59,8.74,10.07,-4.58,-2.53,5.42,1.81,6.74,3.63
2006,1,31,200601,-2.14,2,2.63,6.6,4.23,1.72,2.24,-1.44,-3.99,-1.43,2.52,3.43,7.15,4.9,9.39,9.45,15.59,6.07,4.72,6.31,8.66,-0.23,-0.88,6.6,2.57,5.31,0.85
2006,2,1,200602,-2.62,0.56,-0.56,2.91,0.22,3.9,2.36,-0.46,-0.57,-0.73,4.38,5.41,2.37,1.74,6.12,4.57,11.36,6.43,4.9,8.77,12.07,-1.06,-2.3,5.91,2.81,6.51,2.52
2006,2,2,200602,-3.6,0.96,0.34,3.83,2.02,4.71,4.59,-0.26,-2.75,-0.76,4.89,7.41,4.21,4.5,8.14,7.03,15.29,10.41,6.98,13.35,13.14,-0.73,-1.92,6.61,3.65,8.08,2.41
2006,2,3,200602,-0.27,4.58,3.5,9.32,6.24,5.94,6.74,1.13,-1.74,-3.62,2.19,6.16,9.99,8.44,14.58,13.58,20.78,12.47,9.69,10.85,11.45,-3.66,-2.41,6.97,3.13,8.71,2.78
2006,2,4,200602,2.38,6.03,3.49,7.82,5.32,-0.17,3.46,0.56,-4.92,-7.64,0.03,-0.8,9.02,7.52,13.55,12.99,19.16,7.91,5.43,5.45,7.59,-3.31,-2.09,6.76,1.99,8.59,3.72
2006,2,5,200602,3.28,7.71,3.43,7.59,2.53,-3.06,-1.57,-2.42,-6.46,-8.47,-1.52,-3.28,2.54,1.09,3.44,4.03,10.07,1.4,-0.64,3.52,8.21,-2.33,-2.26,7.38,1.46,6.31,-0.33
2006,2,6,200602,-0.79,0.3,-3.02,0.61,-2.69,-3.06,-2.31,-4.73,-8.77,-6.38,-0.25,-1.8,-0.4,-1.76,3.56,1.9,11.24,4.19,0.66,6.34,10.06,-5.75,-5.12,3.98,-1.62,5.93,0.17
2006,2,7,200602,-5.26,-1.78,-4.58,-0.26,-3.3,-3.31,-3.86,-4.88,-9.22,-4.86,0.41,-0.24,-0.53,-2.8,8.88,5,14.67,3.51,0.29,4.13,5.88,-4.02,-4.05,3.96,-0.41,6.72,1.55
2006,2,8,200602,-8.74,-4.23,-6.58,-0.6,-3.26,-1.87,-3.01,-5.76,-7.51,-7.02,0.11,1.06,-1.91,-2.67,3.18,1.68,10.53,2.28,0.38,5.04,7.59,-1.86,-1.79,5.65,1.56,7.19,2.44
2006,2,9,200602,-8.98,-4.81,-8.02,-1.81,-4.85,-3.3,-3.68,-5.9,-9.62,-6.6,-2.05,-2.19,-1.76,-3.23,3.75,1.78,8.95,2.14,0.18,3.41,8.69,-0.25,-1.57,6.96,2.62,7.77,2.14
2006,2,10,200602,-10.03,-5.17,-7.42,-1.93,-4.06,-0.79,-2.16,-3.96,-4.57,-4.16,-1,-0.18,-1.82,-2.63,3.65,1.35,9.44,2.56,0.83,4.68,10.98,-5.69,-7.09,6.37,1.54,7.9,0.27
2006,2,11,200602,-11.02,-4.74,-5.8,0.24,-2.09,-0.35,-0.85,-2.54,-3.77,-6.85,-4.26,-1.59,1.25,0.08,8.01,5.98,14.11,4.98,2.2,1.78,3.5,-10.8,-9.72,4.41,-1.8,7.4,-0.86
2006,2,12,200602,-9.76,-4.66,-6.51,-1.22,-3.53,-2.41,-2.11,-3.59,-6.15,-8.08,-4.53,-2.92,-0.43,-2.02,2.64,3.34,9.32,0.21,-1,-0.9,1.32,-6.69,-6.39,3.12,-2.21,7.37,-0.34
2006,2,13,200602,-8.48,-6.02,-7.06,-4.84,-5.34,-3.7,-3.75,-5,-8.32,-6.12,-1.23,-1.95,-3.25,-4.18,0.85,0.03,5.04,-0.27,-1.89,0.94,4.78,-3.43,-4.44,4.93,-0.85,7.75,1.03
2006,2,14,200602,-4.47,-2.03,-3.31,-1.71,-2.37,-0.7,-1.14,-3.15,-5.14,-2.43,3.23,1.96,-1.59,-2.03,1.87,1.12,5.6,2.22,0.29,4.56,7.79,-2.53,-3.9,5.69,0.12,7.43,-1.41
2006,2,15,200602,-1.48,0.8,-0.16,-0.52,0.2,2.52,2.6,-1.3,-5.89,-7.97,1.88,5.15,2.23,1.64,5.92,4.86,11.17,7.86,4.32,10.78,13.49,-1.9,-7.84,6.24,0.9,3.86,-4.17
2006,2,16,200602,0.19,2.72,1.29,2.11,2.54,6.5,7.53,-2.88,-8.15,-12.12,-3.73,7.87,5.74,5.27,10.16,9.08,15.36,12.96,9.18,14.93,15.57,-6.51,-12.18,3.6,-1.54,0.1,-5.16
2006,2,17,200602,1.48,4.67,1.68,6.05,3.63,-3.16,3.15,-5.69,-13.04,-19.34,-10.42,-3.87,8.5,6.61,12.51,11.72,17.41,10.45,7.32,5.05,8.23,-11.55,-17.86,3.78,-3.86,0.95,-6.92
2006,2,18,200602,-10.79,-4.9,-9.22,-1.01,-5.51,-13.05,-7.76,-13.61,-22.15,-21.71,-15.08,-10.18,1.49,-1.84,12.42,7.84,18.09,3.65,-0.15,-0.97,2.19,-10.44,-17.03,3.97,-2.54,1.17,-9.55
2006,2,19,200602,-15.09,-10.95,-11.91,-7.65,-10.87,-14.71,-12.08,-12.74,-18.45,-16.97,-11.55,-12.18,-5.9,-8.93,6.18,0.51,15.65,-2.72,-6.24,-4.59,0.27,-7.69,-12.04,3.41,-2.74,0.85,-8.1
2006,2,20,200602,-8.64,-6.81,-7.94,-4.54,-7.15,-7.31,-6.79,-8.92,-13.19,-11.25,-6.46,-5.28,-2.69,-4.57,7.06,1.9,16.68,0.57,-2.55,-0.55,5.81,-7.43,-10.55,2.84,-2.97,0.42,-6.18
2006,2,21,200602,-5.77,-3.76,-4.98,-1.54,-3.45,-3.25,-2.44,-4.5,-8.21,-7.34,-3.24,-2.52,0.48,-1.68,11.6,6.88,19.14,4.49,0.55,3.03,11.41,-7.18,-8.32,2.66,-3.02,1.11,-2.15
2006,2,22,200602,-4.07,-1.81,-2.86,0.27,-1.01,-0.42,0.29,-3.5,-6.42,-5.27,-1.32,0.14,2.6,0.46,14.41,10.14,19.39,10.58,6.03,7.66,14.51,-7.17,-6.37,1.99,-2.41,2.17,-0.36
2006,2,23,200602,-2.12,0.02,-0.92,2.62,-0.24,0.08,1.39,-3.2,-6.24,-6.66,0.59,1.77,5.87,3.11,15.78,13.12,19.59,11.12,7.23,7.97,12.17,-5.17,-4.87,3.46,-1.16,4.51,1.02
2006,2,24,200602,-2.79,-1.23,-3.81,0.25,-2.6,-0.85,-1.42,-6.02,-9.31,-6.89,2.9,3.84,2.01,0.09,9.68,6.67,17.49,7.44,5.16,8.74,11.87,-3.08,-3.81,5.42,0.71,5.55,-0.89
2006,2,25,200602,-9.14,-6.17,-6.44,-1.2,-2.1,1.77,1.88,-3.64,-5.92,-8.99,0.65,3.77,2.83,1.72,9.97,6.79,17.96,8.98,7.8,9.76,13.35,-3.23,-5.47,6.06,2.09,6.21,-1.73
2006,2,26,200602,-11.66,-6.16,-9.37,-2.68,-5.75,-4.26,-4.14,-7.96,-12.05,-9.58,-1.56,-0.91,-0.02,-2.78,9.98,5.59,17.55,4.86,1.62,5.24,9.96,-2.22,-2.88,7.32,2.93,7.13,2.25
2006,2,27,200602,-15.22,-11.34,-11.45,-5.81,-7.03,-0.52,-2.31,-6.22,-6.98,-6.2,4.95,3.11,-3.66,-4.6,3.49,0.01,11.67,2.47,0.49,7.09,10.83,1.91,0.39,8.91,5.28,7.78,4.85
2006,2,28,200602,-13.18,-9.37,-9.79,-3.39,-5.25,2.34,-0.58,-8.06,-7.75,-4.99,9.1,8.96,2.58,0.06,7.2,5.62,12.98,7.9,6.96,12.7,14.94,3.66,2.85,10.36,6.72,8.07,4.54
2006,3,1,200603,-12.34,-7.56,-8.41,-2.55,-4.22,5.74,1.59,-5.94,-5.13,-1.98,11.89,13.58,6.15,2.29,12.87,11.6,15.32,13.75,14.39,16.97,17.66,4.77,0.65,10.26,4.97,4.87,1.6
2006,3,2,200603,-8.75,-5.1,-6.11,-0.99,-1.87,6.27,5.19,-3.7,-2.21,-2.54,6.32,10.3,10.11,6.91,15.18,14.42,17.61,15.69,14.73,15.19,17.41,0.77,-2.56,8.48,4.59,4.6,2.34
2006,3,3,200603,-9.52,-5.1,-7.71,-2.02,-4.23,1.07,-0.76,-5.43,-4.69,-5.09,2.33,2.62,4.17,0.34,12.97,9.86,18.94,8.84,5.29,10.02,14,1.54,-2.32,7.41,3.39,3.99,0.74
2006,3,4,200603,-7.22,-6.49,-7.34,-3.76,-5.55,-0.67,-1.58,-5.82,-5.65,-4.25,5.75,2.3,-0.49,-2.29,6.57,3.34,15.02,4.46,2.16,8.46,14.54,3.46,-1.7,6.76,3.24,2.71,1.03
2006,3,5,200603,-4.37,-3.19,-5.35,-1.48,-3.86,1.08,-1.05,-4.41,-4.38,-0.95,8.43,6.02,0.41,-1.11,7.21,3.13,14.18,6.65,4.57,11.35,16.9,1.57,-3.5,6.83,3.04,4.69,1.2
2006,3,6,200603,-4.33,-3.61,-5.71,-1.27,-2.82,2.24,1.82,-1.84,-1.4,-1.89,6.93,7.39,3.57,1.47,11.59,7.58,15.76,11.32,8.69,14.33,17.76,3,-0.33,8.67,4.89,6.35,3.52
2006,3,7,200603,-3.55,-2.03,-5.23,0.1,-3.09,0.81,-0.21,-3.03,-3.25,-1.27,8.61,4.41,3.19,0.59,9.38,7.36,15.08,8.06,5.81,13.75,19.26,4.58,1.27,9.14,4.93,5.26,1.94
2006,3,8,200603,-4.05,-1.54,-4.52,0.25,-1.64,6.33,2.82,-0.31,0.08,0.89,11.03,11.79,2.8,1.87,8.44,5.68,12.37,9.91,8.55,16.68,18.33,1.8,-1.18,6.06,2.64,3.4,0.56
2006,3,9,200603,-2.92,0.37,0.31,4.68,3.78,12.65,10.14,3.17,0.78,0.06,6.4,14.17,8.77,8.53,11.45,10.14,16.06,15.24,13.6,16.68,15.62,-2.7,-2.68,3.59,0.61,4.55,-1.24
2006,3,10,200603,2.03,6.49,5.7,10.63,9.74,9.51,11.08,4.22,-1.13,0.71,5.66,9.66,14.27,12.39,17.22,16.77,19.64,16.13,14.05,12.92,12.94,-3.13,-6.38,3.99,-1.01,1.68,-2.76
2006,3,11,200603,2.86,6.97,4.19,10.32,8.31,12.3,9.05,3.39,2.56,1.14,6.16,14.76,12.9,11.02,18.9,17.21,20.92,18.14,15.71,18.13,16.39,-5.27,-7.43,2.28,-1.64,0.44,-3.01
2006,3,12,200603,1.94,4.73,5.52,9.72,10.67,15.49,13.63,6.38,2.01,-1.11,6.55,16.6,15.93,13.82,20.15,18.99,20.8,20.18,20,20.1,17.37,-3.14,-7.64,0.91,-1.99,0.26,-2.82
2006,3,13,200603,4.32,8.32,8.64,13.84,13.68,15.35,16.49,6.2,1.02,-3.14,2.79,14.17,18.02,16.44,19.68,19.79,21.2,19.75,19.09,16.69,14.24,-6.6,-7.62,0.18,-3.77,1.34,-2.33
2006,3,14,200603,4.78,9.09,7.04,12.25,9.19,1.37,3.98,-1.05,-4.16,-5.55,0.41,2.54,13.21,10.48,17.09,17.33,21.07,12.03,9.34,8.14,9.27,-6.36,-5.93,2.04,-1.33,3.28,0.35
2006,3,15,200603,-1.55,0.45,-2.07,2.49,-0.7,1.24,0.72,-2.59,-5.71,-6.55,3.4,4.72,3.07,1.67,6.83,5.74,14.97,6.11,4.85,8.2,10.77,-1.09,-3.1,6.17,2,3.68,-0.18
2006,3,16,200603,-4.63,-1.83,-3.62,1.65,-0.62,5.33,1.82,-3.18,-3.36,-5.35,5.1,8.96,3.16,1.59,8.59,6.83,15.01,9.06,8.2,12.68,16.18,-2.76,-4.09,6.39,2.33,4.38,1.58
2006,3,17,200603,-5.76,-2.67,-4.93,1.74,-0.88,3.39,2.49,-3.97,-4.58,-6.58,0.59,4.61,6.06,3.58,13.1,10.21,18.59,12.14,9.57,10.21,14.02,-0.38,-1.94,7.91,3.87,5.04,2.13
2006,3,18,200603,-7.67,-4.44,-6.76,-1.06,-3.67,0.46,-0.81,-5,-6.87,-5.76,3.1,3.63,1.45,-0.72,9.79,7.28,16.82,7.3,5.46,9.13,13.73,0.99,-1.02,6.68,3.75,3.63,0.39
2006,3,19,200603,-7.44,-4.22,-5.61,-0.75,-2.47,0.25,-0.78,-3.32,-5.74,-5.2,2.42,2.95,0.03,-1.12,8.92,4.36,17.21,6.8,3.73,9.25,15.39,0.33,-2.44,3.88,1.23,3.01,-0.75
2006,3,20,200603,-6.51,-4.55,-5.85,0.3,-1.72,1.99,0.05,-3.75,-5.02,-5.32,-0.42,3.36,1.62,0.46,11.15,5.79,19.47,9.39,4.86,10.98,14.96,-3.51,-4.29,3.67,-0.59,3.21,0.09
2006,3,21,200603,-3.8,-3.51,-5.26,-2.02,-3.78,0.37,-1.16,-4.27,-5.03,-5.81,-2.26,1.72,2.85,0.18,15.27,8.18,21.33,12.34,8.44,8.89,8.54,-6.38,-3.82,4.61,-0.08,3.13,2
2006,3,22,200603,-1.73,-0.82,-3.31,-0.1,-2.89,-0.51,-1.36,-2.34,-5.09,-6.66,-3.48,-0.3,0.86,-1.17,9.71,5.6,17.74,5.01,1.84,5.14,6.97,-4.79,-3.34,3.99,-0.07,4.22,2.46
2006,3,23,200603,0.01,0.43,-1.15,1.56,-0.2,1.26,1.48,-0.6,-1.91,-5.7,-2.9,0.82,0.98,0.82,8.05,3.8,16.36,5.07,2.29,5.02,7.3,-4.17,-2.74,6.31,0.78,6.89,4.44
2006,3,24,200603,1.01,2.55,0.54,3.95,0.88,2.41,2.67,0.05,-1.13,-4.91,-2.04,0.82,3.8,3.17,8.73,5.88,15.35,5.35,4.42,4.22,5.52,-2.46,-1.04,8.45,2.76,8.33,5.35
2006,3,25,200603,1.56,2.24,1.59,4.25,2.18,1.91,2.33,0.94,-0.65,-3.05,-0.87,1.35,3.7,3.04,5.41,5.4,9.82,4.66,3.28,5.57,8.28,-0.32,0.32,9.92,4.66,8.23,3.58
2006,3,26,200603,1.45,2.44,1.26,4.61,2.11,3.41,2.53,-0.08,-0.54,-2.22,1.32,2.96,2.54,2.38,4.32,4.22,8.81,4.28,3.44,7.34,11.17,1.5,0.26,9.33,4.15,5.78,1.37
2006,3,27,200603,0.33,2.45,0.24,3.8,1.72,4.07,3.67,0.65,-1.19,-0.1,5.27,6,4.27,3.66,6.03,5.35,9.57,6.17,5.05,10.95,15.68,-1.91,-2.38,9.8,3.34,7.15,1.51
2006,3,28,200603,-0.1,2.46,1.23,4.04,2.95,6.18,6.11,2.03,0.48,-0.18,3.53,6.39,5.66,5.2,9.19,7.38,14.62,11.17,9.6,12.58,16.04,0.64,-0.07,10.3,5.7,7.43,4.68
2006,3,29,200603,2.25,4.52,3.8,7.39,6.05,8.24,8.02,3.76,1.67,1.93,8.61,8.73,8.03,7.52,13.52,11.31,16.95,13.22,10.27,14.11,17.36,4.44,2.91,9.62,5.83,5.64,4.51
2006,3,30,200603,3.81,5.85,5.43,8.24,7.66,10.9,10.04,5.61,5.63,6.48,13.69,13.45,10.11,9.54,15.14,13.37,18.76,14.43,11.9,18,18.87,2.8,1.44,7.29,4.27,5.54,4.45
2006,3,31,200603,5.29,7.67,7.44,9.76,9.24,12.65,11.1,6.36,6.06,3.88,9.69,14.12,12.79,12.15,17.25,14.72,19.39,16.42,14.87,17.29,18.67,0.74,0.54,8.64,4.87,6.27,4.61
2006,4,1,200604,6.54,8.85,7.78,11.84,9.02,8.54,9.52,3.41,1.86,1.16,10.26,11.31,15.52,12.86,18.42,17.71,19.63,18.37,17,18.21,20.48,4.19,2.48,9.31,5.48,5.34,3.6
2006,4,2,200604,3.51,6.23,3.15,9.38,6.5,9.3,8.86,1.64,2.09,3.76,13.44,14.55,12.56,10.4,20.45,17.06,20.99,18.85,16.32,18.91,20.11,1.87,0.62,8.62,3.98,6.24,2.48
2006,4,3,200604,0.69,3.54,3.36,7.86,7.43,9.06,9.61,2.61,1.68,0.74,8.03,10.48,14.31,12.17,20.51,17.93,21.13,18.22,16.16,15.57,18.52,1.07,1.02,11.19,6.62,8.51,4.75
2006,4,4,200604,2.27,5.1,2.37,7.35,3.75,3.88,4.24,-0.63,-2.08,0.2,8.43,6.85,8.65,6.17,14.03,12.43,19.79,11.37,9.19,12.61,17.22,4.51,3.93,13.21,8.15,8.47,4.56
2006,4,5,200604,0.76,1.29,-0.19,4.85,1.82,6.78,4.35,1.58,1.71,5.73,13.68,11.17,5.56,4.35,11.04,9.19,17.05,10.66,8.45,16.14,20.01,7.61,6.16,11.42,8.58,6.3,5.28
2006,4,6,200604,1.79,2.08,1.44,4.31,3.69,11.44,7.88,4.27,7.15,9.3,16.71,16.86,7.36,6.44,12.66,9.96,16.78,14.46,12.12,19.79,19.97,3.48,4.33,6.08,4.59,5.53,4.77
2006,4,7,200604,3.64,5.01,3.74,7.81,7.62,15.61,13.32,4.5,5.2,4.75,9.81,17.54,13.4,11.65,16.56,15.63,19.52,18.54,17.63,17.93,17.03,1.18,2.55,7.83,4.47,8.02,5.19
2006,4,8,200604,3.53,7.06,2.47,10.14,7.19,5.35,6.03,-0.42,-0.03,1.9,4.73,8.69,14.5,11.71,18.91,17.64,21.35,17.6,16.39,13.16,13.33,2.24,4.02,10.65,6.24,7.76,6.5
2006,4,9,200604,0.29,2.48,0.32,4.63,1.53,4.85,3.12,2.41,3.38,5.72,7.74,5.78,6.21,4.17,13.96,10.73,21.04,9.9,7.02,10.56,13.79,5.92,5.27,11.44,7.37,7.4,4.94
2006,4,10,200604,2.48,3.89,2.75,5.78,4.12,8.44,6.87,5.48,7.01,10.38,13.05,9.99,6.84,6.34,11.65,8.52,18.56,10.71,9.14,12.85,16.03,7.17,5.25,11.25,7.96,7.07,5.01
2006,4,11,200604,5.48,6.47,6.08,8.37,8.7,12.12,10.95,8.88,11.41,13.19,15.46,13.88,9.86,10.22,12.18,10.67,17.91,13.46,12.56,15.91,18.19,6.46,4.57,10.56,8.02,6.63,4.97
2006,4,12,200604,7.27,8.85,9.73,10.43,11.71,16.9,15.31,12.48,13.62,12.39,14.5,17.49,12.76,12.93,15.56,13.91,19.19,16.08,15.19,18.75,19.78,6.26,5.27,11.61,8.7,8.77,6.77
2006,4,13,200604,9.74,12.12,12.06,14.25,14.37,16.39,16.05,11.61,11.8,13.01,17.32,18.64,15.78,15.72,18.22,17.13,19.52,18.35,17.66,20.35,20.76,9.09,7.44,13.49,10.59,10.4,6.51
2006,4,14,200604,7.64,10.96,9.75,14.09,13.25,20.36,18.29,13.56,14.7,14.61,18.32,21.03,16.22,15.48,19.02,18.88,19.29,19.32,19.39,20.4,20.27,9.37,7.1,14.53,11.8,11.42,6.19
2006,4,15,200604,7.98,12.82,11.7,15.56,15.48,18.57,19.15,11.95,11.21,13.76,16.86,19.68,18.61,18.12,19.43,19.73,20.16,19.38,18.95,20.28,21.26,8.1,7.83,11.14,9.97,8.58,4.33
2006,4,16,200604,6.31,9.38,7.15,12.09,9.22,18.82,14.56,8.68,10.58,14.52,16.24,20.36,16.9,14.34,19.08,19.52,20.26,19.97,19.64,20.55,20.67,7.06,6.94,11.38,8.53,7.38,2.29
2006,4,17,200604,4.52,6.59,5.25,8.66,7.49,15.29,12.87,6.92,8.45,12.64,16.05,17.64,13.05,12.41,20.84,19.4,21.19,21.27,20.64,21.56,21.54,8.22,4.94,11.26,7.18,5.58,1.79
2006,4,18,200604,6.24,8.47,7.92,10.71,8.27,12.72,9.46,7.29,7.31,11.08,15.01,18.44,10.11,9.83,20.7,14.09,22.41,20.31,19.26,21.95,21.77,3.43,0.11,8.61,4.71,5.52,1.99
2006,4,19,200604,7.89,9.85,9.41,11.52,10.45,15.87,12.48,10.22,9.63,8.9,8.32,17.21,12.66,12.05,20.19,14.14,23.1,20.83,20.88,19.15,19.93,0.19,-0.84,8.96,5.07,8.09,4.46
2006,4,20,200604,8.29,9.91,10.5,12.79,11.69,16.18,14.58,12.47,11.17,8.37,9.33,13.59,14.78,13.44,21.68,17.11,23.25,21.32,21.33,18.23,19.71,2.42,1.47,10.66,7.4,10.58,7.43
2006,4,21,200604,6.15,8.03,10.2,11.21,12.93,14.08,16.5,13.15,9.64,9.62,11.35,13.92,16.5,15.65,22.1,18.88,23.36,21.08,19.25,19.01,20.14,5.35,4.87,12.25,9.54,11.03,8.31
2006,4,22,200604,4.8,4.85,7.27,8.69,10.84,13.77,15.46,11.75,9.07,11.34,14.24,15.15,16.68,15.01,20.97,19.13,23.08,18.67,16.8,18.56,20.77,8.96,7.62,13.34,10.68,9.3,4.75
2006,4,23,200604,5.79,5.73,6.15,13.01,11.56,13.67,13.71,9.49,9.71,11.97,16.33,16.94,16.15,14.39,19.07,18.58,22.86,18,16.6,19.88,22.2,10.2,6.56,11.48,10.63,8.41,5.68
2006,4,24,200604,5.75,7.77,8.15,13.86,11.65,14.88,12.68,9.52,10.75,8.45,14.24,18.43,16.02,13.58,19.6,18.81,23,19.37,18.81,21.45,22.64,6.9,1.69,8.86,8.55,8.92,6.37
2006,4,25,200604,7.8,10.01,7.87,13.56,10.52,12.5,11.69,5.66,5.07,3.92,6.68,16.87,16,13.7,20.89,19.85,23.14,20.06,19.87,20.15,20.73,0.4,1.61,10.6,8.01,10.09,6.47
2006,4,26,200604,2.6,5.64,2.82,8.91,4.86,7.49,6.14,5.18,6.13,6.15,6.38,9.68,12.94,9.74,21.82,18.6,23.38,18.12,16.98,15.76,16.7,3.09,4.65,11.7,9.06,10.53,7.56
2006,4,27,200604,4.23,7.31,5.46,9.52,6.92,9.55,8.68,7.35,8.85,9.76,11.49,10.18,11.59,9.47,18.38,14.8,22.47,13.6,12.17,14.21,17.35,7.48,6.4,11.88,10.75,11.63,8.15
2006,4,28,200604,2.37,6.34,3.33,9.82,6.77,12.99,10.54,5.91,8.93,11.44,13.58,12.92,11.21,10.36,14.85,13.11,18.81,13.51,12.2,16.38,20.63,6.87,6.27,9.92,10.29,13.67,10.49
2006,4,29,200604,2.99,5.32,4.61,7.89,6.27,13.05,10.15,7.57,9.95,10.78,11.69,13.25,9.09,8.61,15.05,12.32,18.77,15.56,14.07,17.92,19.01,3.41,7.36,11.69,9.59,14.85,12.14
2006,4,30,200604,5.8,6.32,6.99,8.04,8.15,13.08,11.89,9.55,8.97,9.34,11.08,13.76,8.74,9.78,14.55,10.78,18.47,15.5,12.8,16.92,16.49,5.58,8.09,14.34,10.82,15.28,7.45
2006,5,1,200605,7.46,6.53,9.04,8.74,9.35,14.13,12.25,11.1,11.35,10.41,12.57,15.37,9.11,9.65,14.3,11.19,18.3,15.89,13.61,18.15,18.91,7.59,6.09,15.89,11.74,14.69,5.56
2006,5,2,200605,6.07,6.08,8.47,8.97,10.21,17,15.1,11.97,13,11.92,15.29,17.29,11.61,11.41,16.09,13.35,18.73,19.13,17.49,20.46,22.07,8.79,5.38,16.08,12.17,14,3.9
2006,5,3,200605,9.01,8.73,9.56,11.3,12.51,17.54,15.76,13.59,14.09,10.28,14.9,19.13,15.14,14.21,19.35,17.69,20.05,20.24,20.17,22.23,22.58,8.41,3.51,14.31,11.23,12.88,5.56
2006,5,4,200605,13.23,13.19,12.89,15.11,13.42,17.03,16.87,13.13,10.71,7.18,10.63,16.98,14.85,14.56,21.08,17.37,21.49,20.76,20.49,21.13,22.55,7.47,3.7,13.53,10.86,12.07,7.35
2006,5,5,200605,14.42,14.79,13.13,16.24,14.6,13.17,13.8,8.77,7.78,6.43,8.92,12.76,17.4,16.44,21.66,19.4,21.68,20.21,17.58,18.15,21.71,6.45,5,12.2,9.86,11.94,8.77
2006,5,6,200605,11.92,12.14,8.55,15.41,12.27,11.25,11.65,5.81,6.98,9.47,10.58,11.76,16.89,14.54,20.33,19.9,22.43,17.75,15.32,17.32,20.68,6.64,7.41,12.7,10.1,12.44,8.34
2006,5,7,200605,6.85,8.37,5.79,10.4,6.99,12.26,9.83,8.77,10.72,12.88,13.28,13.09,11.17,9.61,20.49,17.69,22.74,17.79,14.94,17.38,20.85,8.12,8,13.5,11.17,12.81,7.12
2006,5,8,200605,7.11,9.01,9.75,10.16,9.04,14.49,12.11,11.73,12.75,14.47,16.9,15.21,9.89,9.86,20.62,15.21,23.16,18.25,15.51,19.45,22.54,8.99,7.26,14.51,11.89,14.07,5.55
2006,5,9,200605,9.25,9,10.87,9.71,9.75,16.54,13.88,12.95,15.14,13.84,17.07,18.31,11.23,11,20.94,14.48,23.59,20.63,17.8,22.71,23.17,7.82,4.18,14.54,10.88,13.38,4.62
2006,5,10,200605,9.96,9.43,11.64,12.64,12.45,19.05,17.81,15.4,14.77,11.06,11.98,18.59,13.97,14.35,21.52,16.5,24.13,21.85,19.85,22.28,22.61,4.07,3.07,14.47,9.69,14.35,7.28
2006,5,11,200605,12.51,11.94,13.41,13.6,13.16,13.22,14.62,12.3,9.28,7.76,9.07,11.38,16.9,14.72,21.32,19.51,24.24,18.2,15.79,14.76,16.45,3.65,5.74,15.27,10.46,16.17,10.43
2006,5,12,200605,11.05,12.12,13.08,15.44,12.19,8.49,8.99,7.24,4.79,6.44,10.48,9.67,12.08,10.57,14.18,14.31,20.95,12.94,11.51,14.07,16.46,7.99,9.09,16.49,13,16.09,7.9
2006,5,13,200605,9.88,10.64,12.6,14.88,12.12,8.73,9.63,7.63,5.87,7.19,13.19,10.82,12.93,11.66,15.38,14.07,19.05,14.74,12.63,17.76,19.99,10.63,9.42,17.27,14.42,15.84,7.54
2006,5,14,200605,9.29,8.15,10.63,13.47,12.22,8.96,10.16,10.38,8.85,9.17,12.45,10.53,13.66,12.67,18.28,16.22,20.96,16.53,13.34,17.97,22.29,10.89,10.42,17.64,15.35,16.11,10.93
2006,5,15,200605,10.13,9.71,10.75,12.81,10.56,11.14,9.85,11.94,11.17,11.25,11.59,11.37,12.47,10.2,17.02,16.83,22.24,13.37,10.16,14.93,18.89,9.25,11.48,18.64,15.08,18.09,14.83
2006,5,16,200605,10.7,11.19,10.23,13.83,9.6,13.32,11.48,12.52,12.77,12.76,13.12,13.36,12.07,10.07,14.21,13.91,20.52,13.3,12.5,14.94,16.95,9.43,13.01,18.8,15.42,17.98,17.47
2006,5,17,200605,11.56,11.97,10.73,13.41,11.22,15.35,13.47,13.06,13,13.85,14.95,15.36,12.73,11.56,15.86,15.39,19.71,15.33,14,16.45,17.98,11.05,14.52,19.17,15.85,18.8,17.59
2006,5,18,200605,11.84,14.09,12.75,15.44,11.83,13.58,13.11,8.85,8.6,12.77,17.19,15.29,13.64,12.76,16.71,16.08,19.95,16.92,15.32,18.23,19.69,12.93,15.44,19.45,16.61,18.9,17.19
2006,5,19,200605,12.46,13.39,10.44,13.01,8.65,12.34,9.9,7.98,8.84,14.91,19.4,17.05,11.79,9.84,17.69,15.92,22.03,17.06,14.18,20.74,21.29,13.93,15.58,18.85,16.61,16.57,15.67
2006,5,20,200605,10.67,11.5,9.02,12.13,9.81,14.66,11.1,8.44,10.61,14.54,18.94,19.64,13.71,11.89,20.16,17.08,23.15,19.92,19.83,22.46,22.72,14.15,14.93,18.1,15.82,13.94,12.9
2006,5,21,200605,10.06,10.45,7.3,11.48,7.85,14.82,11.89,7.25,6.89,9.86,18.96,18.45,13.67,11.27,22.21,21.06,23.46,20.44,21.15,22.6,23.03,14.25,13.73,18.02,15.45,14.21,12.11
2006,5,22,200605,8.2,8.08,5.14,9.58,6.47,12.18,8.76,5.31,7.64,12.07,20.63,18.77,12.74,9.46,21.78,19.23,23.56,19.76,20.38,23.11,23.08,14.37,14.64,16.16,14.95,12.14,12.31
2006,5,23,200605,6.69,7.08,5.67,8.8,6.07,12.98,9.56,8.25,11.47,17.38,22.11,18.98,10.44,8.52,22.61,17.32,24.26,20.55,17.82,23.57,23.54,12,12.78,12.85,12.36,11.3,9.96
2006,5,24,200605,9.2,10,9.6,11.58,9.93,17.16,13.32,12.84,16.08,19.34,20.89,22.54,11.98,11.17,23.28,17.33,24.43,21.53,18.39,24.5,24.27,11.21,11.21,16.49,13.77,13.48,9.86
2006,5,25,200605,11.27,12.86,12.03,13.7,13.94,22.71,20.44,17.77,18.52,18.36,19.35,23.17,16.94,15.9,24.34,21.14,24.96,23.88,22.29,24.91,24.99,13.46,12.65,17.89,15.01,13.98,8.89
2006,5,26,200605,14.66,16.58,16.07,18.18,17.8,21.43,20.83,18.13,19.17,18.88,21.26,22.13,21.08,19.69,24.27,23.72,25.06,24.32,24.23,25.41,25.15,14.46,12.19,16.7,14.5,13.15,7.24
2006,5,27,200605,16.72,18.41,17.59,20.59,18.14,23.43,20.9,18.14,20.78,20.76,23.56,24.44,20.81,19.62,25.63,24.25,25.66,24.55,24.71,25.21,24.87,12.98,10.18,15.07,11.69,10.27,6.15
2006,5,28,200605,15.38,18,17.46,20.41,19.17,25.64,23,21.84,23.2,22.79,23.26,24.46,20.88,20.55,25.82,23.07,25.97,24.63,24.42,25.31,24.66,11.48,7.82,13.7,9.42,9.13,6.78
2006,5,29,200605,16.77,18.2,19.33,19.94,20.93,24.81,24.04,24.31,24.29,22.06,22.31,24.63,21.41,21.09,25.56,23.33,26.17,24.9,24.29,25.29,24.44,8.5,6.48,12.5,10.13,10.85,7.93
2006,5,30,200605,17.41,20,22.75,22.64,23.65,25.01,24.44,24.18,23.64,17.83,19.47,23.61,22.35,22.37,24.91,23.19,24.76,25.28,24.67,24.56,24.3,9.41,7.58,14.15,11.89,12.68,10.61
2006,5,31,200605,16.52,17.87,21.93,19.7,22.99,24.12,24.19,21.58,19.08,17.11,18.91,23.65,23.14,22.92,23.89,22.88,24.41,25.41,24.89,24.52,23.91,10.53,9.2,15.54,13.15,14.71,12.75
2006,6,1,200606,19.56,20.59,21.55,21.05,22.59,22.76,23.5,17.85,17.99,17.33,19.73,22.32,23.05,22.78,23.87,23.11,24.87,25.19,24.56,23.69,22.82,11.77,11.66,17.51,15.3,16.37,14.78
2006,6,2,200606,17.41,19.84,18.16,22.37,19.91,20.04,20.12,17.06,17.52,18.09,19.35,20.17,22.42,21.83,24.09,23.14,25.15,24.35,23.12,23.11,22.67,13.83,14.45,18.49,16.21,16.83,13.89
2006,6,3,200606,14.58,17.04,15.5,20.52,16.08,19.98,17.94,15.67,16.71,19.38,20.9,19.86,20.11,18.2,23.77,22.58,25.63,21.5,19.54,22.02,22.83,15.27,14.97,20.18,16.8,17.64,11.99
2006,6,4,200606,11.35,13.89,12.29,16.84,13.09,18.82,16.87,15.38,16.33,19.53,21.26,19.53,16.98,15.52,21.71,20.35,24.89,20.3,19.52,21.8,23.66,15.01,14.04,20.75,17.5,18.4,12.73
2006,6,5,200606,12.23,14.07,13.65,16.45,13.16,17.97,16.44,16.56,16.93,20.02,21.8,19.72,15.29,13.83,21.65,19.77,24.57,20.36,18.63,22.95,24.31,15.6,13.89,21.01,17.83,18.16,12.18
2006,6,6,200606,15.05,15.9,15.75,17.43,15.84,19.08,17.88,17.54,18.76,19.87,23.06,21.4,15.75,15.75,19.16,17.47,24.32,19.07,17.25,23.47,24.27,16.59,15.07,21.03,18.55,18.41,14.22
2006,6,7,200606,14.7,14.36,16.15,16.63,17.08,21.44,19.29,17.92,19.85,19.4,22.64,22.51,18.13,17.64,19.88,19.36,23.54,20.26,19.37,24.31,24.79,16.91,16.73,21.12,18.29,17.89,14.54
2006,6,8,200606,12.8,12.55,14.17,15.97,15.82,21.24,19.6,17.94,18.18,17.92,22.92,21.82,18.89,18.16,21.58,21.1,24.87,22.68,21.91,24.09,24.44,16.25,16.27,20.58,17.45,17.1,12.79
2006,6,9,200606,12.38,14.14,13.82,17.72,15.98,20.5,18.8,14.34,14.24,16.07,22.82,23.32,19.5,18.39,22.71,21.35,26.01,21.99,20.68,24,24.39,14.88,14.26,19.66,16.97,16.27,10.24
2006,6,10,200606,13.31,13.3,10.55,15.54,12.08,17.54,15.35,10.2,10.6,12.93,22.6,23.45,17.57,15.05,23.47,21.88,25.95,22.48,22.78,24.68,24.31,14.6,12.53,18.55,16.08,15.63,10.88
2006,6,11,200606,12.05,11.34,9.46,13.03,10.14,16.64,14.22,10.11,10.03,11.95,20.77,22.42,16.94,13.59,24.66,23.54,26.03,23.55,23.96,25.36,24.87,14.45,12.02,17.8,16.3,15.91,12.91
2006,6,12,200606,15.29,15.83,13.23,14.88,12.62,16.06,14.69,12.1,12.65,14.9,20.3,19.32,17.35,14.64,25.08,24.35,26.16,24.12,23.57,25.71,25.27,15.57,14.6,17.8,16.58,15.16,14.9
2006,6,13,200606,17.13,18.26,15.79,18.14,15.44,16.7,15.59,13.92,15.63,18.05,21.25,17.71,16.98,15.38,23.63,21.82,25.43,21.97,19.45,23.37,24.71,15.91,15.72,18.75,16.17,14,14.16
2006,6,14,200606,16.74,18.78,16.2,18.83,17.24,18.83,17.76,15.44,17.51,19.38,22.65,19.28,19.01,17.92,22.77,21.6,25.83,21.69,19.73,21.62,24.8,16.83,14.73,19.55,15.29,13.07,11.26
2006,6,15,200606,15.83,16.84,15.27,18.49,15.76,21.41,18.28,16.65,18.88,21.32,23.12,21.67,18.43,17.2,24.6,21.83,26.75,22.78,20.3,23.64,24.73,14.37,11.02,16.67,14.93,14.49,10.5
2006,6,16,200606,15.86,16.45,15.6,17.44,15.6,23.18,19.7,19.5,22.11,21.48,23.05,23.48,18.07,17.12,24.18,21.01,27.35,23.71,21.21,25.21,25.36,12.91,10.82,16.55,14.38,16.76,11.94
2006,6,17,200606,17.28,17.42,17.21,18.99,18.07,23.96,21.49,22.65,23.83,21.35,20.95,23.7,20.17,18.88,23.22,21.86,25.91,24.39,22.47,24.74,25.05,11.47,12.01,17.86,15.36,18.76,11.39
2006,6,18,200606,20.42,20.91,21.76,21.75,21.55,23.81,23.15,22.14,22.19,19.02,20.58,23.35,22.02,21.66,22.41,22.04,24.9,24.25,22.96,24.73,25.42,14,12.14,19.72,16.9,18.64,11.74
2006,6,19,200606,22.13,23.3,21.95,23.33,21.57,22.79,22.53,19.68,18.03,17.63,21.62,23.44,21.8,21.27,22.77,22.32,25.61,24.21,23.49,25.18,25.83,16.09,14.11,20.43,17.85,17.59,11.65
2006,6,20,200606,19.96,20.96,18.6,22.21,19.95,22.56,21.27,16.74,16.64,18.74,23.34,24.78,22.04,20.99,25.43,24.15,26.51,25.05,24.33,25.61,25.26,16.59,13.13,20.04,17.43,17.76,10.54
2006,6,21,200606,16.37,18.35,16.2,21.1,17.98,25.46,22.42,19.03,20.31,19.35,23.36,25.28,22.1,20.88,26.35,25.29,26.78,25.96,25.44,26.15,25.65,15.51,12.11,19.53,17.27,17.67,11.15
2006,6,22,200606,17.71,19.34,19.86,21.84,21.71,24.8,25.04,20.78,18.78,17.98,21.51,25.1,24.02,23.03,26.83,26.03,26.61,26.39,26,26.38,25.79,14.98,12.9,19.6,17.51,18.51,12.25
2006,6,23,200606,20.24,21.73,20.92,23.98,22.3,22,22.5,16.03,16.23,18.81,20.52,22.7,24.83,23.87,26.57,25.77,26.31,26.68,25.81,25.87,25.47,14.47,13.88,20.79,18.24,20.38,12.88
2006,6,24,200606,18.35,20.6,18.75,22.73,19.79,21.43,19.96,15.76,17.73,19.2,21.33,22.09,23.52,21.5,25.67,24.71,25.91,25.4,24.41,25.19,25.23,14.88,14.19,21.46,18.74,21.4,15.04
2006,6,25,200606,18.58,18.9,19.34,21.89,19.81,21.07,19.53,16.57,17.8,17.49,19.56,22.04,22.62,20.78,25.46,23.51,25.69,24.61,23.55,24.92,25.29,14.07,14.43,21.87,18.28,22.22,17.45
2006,6,26,200606,18.52,20.26,19.29,21.57,19.65,19.98,20.16,17.26,16.55,17.42,17.41,19.37,20.66,20.35,24.33,22.46,25.74,24.03,22.7,22.13,23.02,12.96,15.32,21.41,18.08,22.95,19.11
2006,6,27,200606,20.53,21.57,19.95,22.41,19.77,19.78,21.22,18.89,17.45,17.48,18.85,19.16,20.3,20.19,25.15,22.86,26.66,23.54,22.1,20.92,21.28,13.46,16.04,21.67,17.99,22.42,19.84
2006,6,28,200606,20.01,20.49,20.23,22.24,20.46,19.92,20.34,17.34,15.63,17.44,20.2,20.43,21.7,20.83,24.99,24.83,26.98,22.38,21.47,21.91,22.15,14.59,17.07,21.74,18.3,21.12,17.42
2006,6,29,200606,20.33,21.56,19.94,23.39,19.65,20.3,19.38,16.43,17.14,19.8,22.11,22.25,22.38,20.51,24.63,24.58,26.65,22.41,21.46,22.66,22.93,15.81,18.04,22.1,18.62,20.64,16.11
2006,6,30,200606,18.48,20.09,17.4,20.57,17.43,21.63,19.25,18.15,19.27,22.5,23.16,23.16,20.53,19.26,24.43,24.02,26.58,23.28,22.66,23.51,23.86,16.68,17.59,22.72,19.11,20.37,16.44
2006,7,1,200607,15.77,18.01,17.38,20.36,18.42,23.44,21.73,19.85,21.73,22.69,23.47,23.15,21.22,19.91,25.26,24.26,26.46,24.57,23.65,24.55,24.39,17.08,17.55,23.1,19.64,20.11,17.67
2006,7,2,200607,18.52,21.03,21.05,22.9,21.92,24.28,23.88,21.67,22.05,21.71,24.28,24.39,23.48,22.74,25.75,25.61,26.36,25.35,24.77,25.4,24.23,17.21,17.67,22.83,19.81,20.15,17.66
2006,7,3,200607,19.35,21.85,20.68,24.38,22.41,25.2,24.38,21.29,21.3,21.68,24.57,25.15,23.98,23.34,26.18,25.86,26.54,25.68,25.09,25.58,24.43,17.01,17.66,22.63,19.68,20.19,18.1
2006,7,4,200607,19.08,22.09,20.88,25.14,22.28,24.83,24.08,20.31,18.78,18.41,23.47,25.09,24.59,23.55,26.39,26.41,26.42,25.83,25.11,25.69,25.16,16.76,17.77,22.4,19.76,20.02,18.53
2006,7,5,200607,19.91,21.61,19.22,23.63,20.49,21.23,21.13,15.26,15.81,18.25,20.69,22.09,24.33,22.6,25.89,25.43,26.23,25.48,24.73,25.75,25.34,16.33,17.73,22.45,19.27,19.21,17.95
2006,7,6,200607,17.34,18.65,16.19,21.85,17.27,18.85,16.51,16.17,17.71,19.94,19.74,19.89,21.29,18.92,25.82,24.35,26.85,23.53,21.72,24.07,24.81,15.92,18.16,22.52,18.87,18.35,15.96
2006,7,7,200607,17.11,17.78,16.75,18.52,16.14,18.92,17.61,18.23,19.03,21.32,21.14,18.98,18.57,16.63,24.45,21.81,26.46,21.73,18.1,21.99,24.37,16.68,17.78,22.01,18.07,17.98,13.89
2006,7,8,200607,19.4,19.88,18.77,20.52,18.51,19.46,18.95,18.95,18.75,21.96,22.51,19.65,18.78,18.25,23.25,20.62,25.53,22.57,20.22,22.28,24.48,16.66,15.95,21.57,18.8,20.3,15.77
2006,7,9,200607,19.75,20.55,19.3,21.48,19.65,21.18,19.94,20.39,20.95,20.37,23.13,21.39,20.01,19.46,22.85,21,25.29,23.67,23.03,25,25.58,15.15,16.59,22.28,19.31,21.16,17.95
2006,7,10,200607,19.87,20.53,19.53,22.04,19.77,22.26,21.15,18.19,17.27,19.21,22.68,22.42,21.75,21.31,24.16,22.72,25.86,24.58,24.1,26.29,25.99,15.04,16.72,22.37,19.38,20.74,17.51
2006,7,11,200607,20.57,21.71,20.97,24.23,22.53,24.62,23.62,19.12,19.56,21.85,23.84,25.37,23.67,22.91,25.52,24.55,26.17,25.05,24.35,26.87,26.9,16.28,17.19,21.96,19.81,19.98,15.54
2006,7,12,200607,21.14,23.03,21.11,24.39,22.89,25.81,24.71,22.09,22.23,23.77,25.07,26.27,24.55,23.48,25.98,25.58,26.05,25.8,24.88,27.34,27.01,16.64,17.95,22.16,19.22,18.06,15.07
2006,7,13,200607,19.91,21.47,20.33,24.76,22.21,25.95,24.26,22.82,23.88,24.61,25.91,26.93,24.77,23.43,26.04,25.96,26.04,26.23,25.38,27.34,26.69,17.22,16.44,23.14,18.92,19.48,14.31
2006,7,14,200607,21.11,21.63,21.96,24.34,23.1,26.07,25.1,23.45,24.09,23.39,25.94,27,24.75,23.35,26.58,26.02,26.61,26.52,25.89,27.47,26.77,17.33,16.86,23.68,19.42,20.64,15.77
2006,7,15,200607,22.73,23.06,22.53,23.74,23.14,25.64,24.92,23.44,23.46,24.26,25.58,26.35,24.89,23.96,27.15,26.56,26.69,27.05,26.39,27.8,26.44,18.48,18.84,23.94,20.01,20.95,16.33
2006,7,16,200607,22.19,23.05,22.65,24.33,22.66,26.57,25.12,24.63,25.21,25.55,26.45,27.13,24.14,23.34,27.5,26.39,27.23,27.13,25.84,28.18,26.49,18.91,18.68,24.1,20.19,22.06,16.2
2006,7,17,200607,22.98,24.03,23.88,25.59,23.9,26.38,24.91,25.04,25.92,23.85,26.02,27.45,24.09,24.12,27.39,25.69,27.55,26.67,25.42,28.06,26.92,19.34,18.52,24.05,20.57,22.3,16.38
2006,7,18,200607,23.14,25.03,23.26,26.74,24.06,26.93,25.01,21.97,20.09,20.89,25.57,27.49,24.99,24.66,27.31,25.67,27.35,27.3,26.77,28.27,27.4,19.04,18.6,24.52,21.3,22.26,14.35
2006,7,19,200607,19.46,22.78,20.14,25.21,21.77,26.89,24.5,20.21,20.56,23.01,27.91,28.62,25.39,24.48,27.18,26.25,27.02,27.49,27.54,28.52,27.04,18.76,17.73,24.47,21.12,22.44,15.06
2006,7,20,200607,18.97,20.29,21.6,23.39,23.29,26.86,25.39,22.33,22.73,21.69,26.17,28.76,24.93,24.28,27.18,26.38,26.73,27.39,26.78,28.51,26.55,18.77,18.32,24.53,21.03,22.78,16.79
2006,7,21,200607,20.14,22.1,22.4,25.03,23.91,25.6,25.1,20.54,18.87,20.22,23.99,26.67,25.78,24.76,26.9,26.39,26.71,26.99,26.69,28.02,26.44,18.75,18.41,24.88,21.31,23.74,20.2
2006,7,22,200607,20.61,22.27,20.2,25.27,21.59,20.54,21.87,18.96,18.37,20.12,21.46,22.05,24.92,23.51,27,26.13,26.58,26.24,25.36,26.21,26.3,17.58,19.1,25.05,21.66,24.97,22.3
2006,7,23,200607,18.73,20.88,18.04,22.64,18.1,20.3,19.57,18.28,19.46,22.14,22.23,21.18,21.94,19.91,25.89,24.97,26.48,23.94,21.4,24.13,25.24,18.15,20.79,24.73,21.69,25.18,22.23
2006,7,24,200607,17.39,19.11,17.77,21.77,18.92,21.83,20.85,19.93,21.82,23.74,23.4,22.19,21.85,20.44,25.67,24.95,26.45,23.58,22.04,23.98,25.31,18.73,20.87,24.86,21.4,25.01,21.7
2006,7,25,200607,18.8,20.47,20.31,22.41,20.86,23.02,22.09,22.53,23.48,23.84,25.32,23.65,22.58,21.61,25.17,24.63,27.06,24.72,23.54,25.34,25.81,18.78,20,24.81,21.67,24.4,19.32
2006,7,26,200607,21.18,22.41,22.07,23.76,22.26,23.99,22.89,22.65,24.16,23.55,26.18,25.7,23.28,22.62,26.47,25.34,27.74,25.28,24.5,26.56,25.78,18.75,19.23,24.6,21.75,23.68,18.18
2006,7,27,200607,21.73,22.75,23,25.2,23.11,26.44,24.33,22.96,23.69,23.84,25.74,26.29,24.59,23.63,26.1,26.18,27.46,26.11,25,26.22,26.7,18.26,18.96,23.66,21.74,23.05,18.82
2006,7,28,200607,22.4,23.56,22.05,26.05,23.14,26.26,24.72,23.68,24.09,25.18,25.9,26.02,25.15,24.24,26.78,26.62,27.12,26.05,24.84,26.98,26.94,17.96,19.65,23.42,20.91,22.28,17.35
2006,7,29,200607,21.54,22.29,21.99,24.36,23.15,26.52,25,24.49,26.05,24.68,26.72,27.31,24.46,23.62,26.59,26.48,26.99,26.22,24.77,27.45,26.89,18.18,20.02,22.7,20.11,20.95,14.72
2006,7,30,200607,19.15,22.53,22.13,25.71,23.98,27.62,26.05,24.14,26.22,26.8,26.59,27.49,24.4,24.25,26.31,25.53,27.7,26.45,25.45,27.28,26.3,18.92,19.46,22.07,18.97,19.34,12.44
2006,7,31,200607,16.93,20.54,21.03,24.75,23.68,27.83,26.72,25.74,26.8,26.87,26.64,27.4,25.65,24.97,26.09,26.54,27.24,27.03,26.87,27.36,26.5,18.76,15.59,21.72,18.3,18.27,11.41
2006,8,1,200608,20.89,23.78,25,26.85,25.67,27.93,27.4,26.71,26.46,22.19,26.03,27.51,26.33,25.77,27.17,27.73,27.11,27.12,26.83,27.51,26.29,17.21,14.27,21.03,17.21,16.9,12.5
2006,8,2,200608,24.48,27.09,26.09,28.32,26.33,27.87,27.01,25.22,22.73,20.42,24.75,27.64,27.06,26.55,27.77,28.23,27.47,27.32,27.2,27.62,26.44,16.4,13.66,21.37,17.33,17.32,12.82
2006,8,3,200608,21.94,26.12,24.55,27.53,25.4,26.13,26.08,21.75,20.28,20.52,23.55,26.71,27.04,26.41,28.05,28.29,27.96,26.97,26.58,26.94,26.38,15.95,14.92,21.47,18.25,18.59,13.67
2006,8,4,200608,19.88,22.88,21.36,27.08,23.47,23.83,23.43,20.71,20.3,20.79,21.81,24.92,26.5,25.2,27.61,28.17,27.48,26.79,26.4,27.07,26.06,16.3,16.4,21.04,18.24,18.55,14.72
2006,8,5,200608,18.5,21.06,19.87,23.32,20.44,22.82,21.82,20.71,20.79,21.78,24.84,25.5,24.19,22.05,27.4,27.3,27.01,26.39,25.82,27.55,26.45,17,16.52,20.85,18.07,18.21,14.71
2006,8,6,200608,15.76,19.37,18.22,22.98,19.41,24.67,22.1,21.24,21.36,21.04,25.53,27.48,23.14,22.07,27.45,26.19,27.22,26.72,26.21,27.63,26.38,17.14,16.59,21.34,18.62,18.41,16.4
2006,8,7,200608,18.76,21.25,21.46,24.55,23.29,26.14,25.52,21.42,19.16,19.53,24.7,27.05,25.19,24.71,27.35,26.62,27.05,26.44,26.07,26.92,25.94,17.49,17.83,22.38,18.75,18.43,17.81
2006,8,8,200608,19.5,21.94,19.25,24.82,21.36,23.44,23.19,18.46,18.55,20.58,24.99,26.3,25.55,24.51,27.73,27.45,26.96,27.13,26.62,27.15,25.96,17.42,18.78,23.09,18.28,17.41,16.98
2006,8,9,200608,16.07,17.47,16.21,20,17.08,23.23,20.94,19.12,19.55,22.85,26.19,27.24,22.65,20.77,27.47,26.43,27.16,27.17,26.61,28.13,26.48,18.17,17.69,23.57,18.27,19.28,15.36
2006,8,10,200608,16.62,18.72,17.08,21.05,18.83,25.98,23.64,20.72,22.14,24.25,26.62,27.62,23.21,21.66,27.6,25.95,27.28,27.29,27.18,28.07,26.71,17.88,16.78,23.53,18.84,20.32,15.64
2006,8,11,200608,14.16,17.4,15.25,20.76,17.93,23.96,21.26,16.56,18.86,22.75,25.27,26.78,21.89,20.5,27.18,25.54,27.69,26.73,26.25,27.68,27.08,17.33,17.08,23.03,18.9,19.3,13.5
2006,8,12,200608,12.13,14.41,12.88,16.42,13.8,21.35,18.18,15.3,18.8,23.2,25.12,25.55,19.05,17.82,26.03,22.08,27.98,25.72,24.21,27.49,27.17,17.65,15.39,21.94,18.18,17.64,12.45
2006,8,13,200608,12.08,14.1,13.55,16.32,14.58,21.08,18.54,17.26,19.87,21.07,24.71,25.74,19.93,18.53,23.51,21.22,27.76,25.54,24.14,27.71,26.92,16.79,13.61,21.63,17.39,17.75,13.62
2006,8,14,200608,14.2,16.4,16.2,19.54,17.99,24.11,22.42,19.2,20.16,18.41,22.29,26.35,21.48,21.07,24.12,22.58,26.88,26.54,24.92,27.55,26.71,15.85,14.89,22.22,18.08,18.1,15.88
2006,8,15,200608,18.53,20.28,19.64,22.95,21.5,20.68,21.85,17.77,16.86,18.67,20.47,21.96,23.48,23.15,25.6,24.01,26.76,26.96,26.07,27.07,26.5,15.52,16.44,21.86,17.15,17.82,15.35
2006,8,16,200608,17.18,19.45,17.8,22.3,18.34,19.77,18.71,17.66,19.13,20.97,21.96,21.4,22.97,20.35,26.23,25.36,26.89,25.03,23.02,26.92,26.75,16.71,16.38,21.53,17.06,17.55,13.69
2006,8,17,200608,16.85,18.97,17.87,20.75,18.25,20.5,19.64,19.23,18.85,21.56,24.57,23.41,21.33,19.89,26.03,24.92,26.86,25.29,24.45,26.83,26.7,16.96,15.42,21.12,16.94,16.42,13.58
2006,8,18,200608,17.72,19.22,19.62,21.63,20.5,24.5,22.87,20.72,20.25,20.46,25.25,26.38,22.09,21.51,25.97,24.03,26.9,27.11,26.33,27.49,26.81,17.04,14.1,20.76,17.06,17.12,15.22
2006,8,19,200608,19.38,19.79,20.4,22.13,21.53,25.95,24.5,21.06,20.38,18.23,23.34,26.31,23.49,22.94,26.11,24.93,27.16,26.56,25.71,27.54,26.6,16.01,14.76,21.19,17.61,17.7,16.13
2006,8,20,200608,18.39,20.66,19.09,24.41,21.91,23.81,22.87,18.47,17.74,18.98,21.23,24.49,24.42,23.32,26.36,25.41,26.94,26.61,25.62,27.6,26.59,15.72,15.77,21.52,17.72,18.29,16.16
2006,8,21,200608,16.14,18.97,17.18,21.65,17.84,20.82,18.44,18.12,18.69,19.58,21.8,23.69,22.85,20.22,26.73,25.92,26.79,26.06,25.09,27.44,26.77,15.92,16.13,22.38,18.17,18.72,16.95
2006,8,22,200608,17.06,18.66,17,19.64,17.8,21.11,18.89,18.5,18.66,19.26,21.97,23.65,22.34,19.51,26.68,25.77,26.79,25.71,24.88,26.69,26.67,16.18,17.3,22.51,18.15,19.24,16.43
2006,8,23,200608,16.16,19.37,17.83,20.85,18.74,22.42,19.89,17.2,18.31,21.74,22.94,22.89,22.72,19.93,26.46,25.54,27.19,24.31,22.39,26.36,26.67,16.81,17.09,22.68,18.65,19.31,14.26
2006,8,24,200608,12.39,17.75,15.49,20.68,18.86,22.54,21.31,18.51,20.47,22.11,24.86,22.73,22.56,20.49,26.52,24.93,27.07,24.36,22.37,26.56,27,17.15,15.25,22.7,18.09,18.4,12.81
2006,8,25,200608,12.64,17.14,16.46,22.36,20.02,22.58,21.91,18.78,20.45,19.83,23.51,24.44,22.86,21.7,25.52,23.82,26.55,25.29,23.8,26.98,27.09,16.05,13.83,21.56,17.14,17.59,12.93
2006,8,26,200608,13.39,16.62,16.51,21.8,20.97,24.74,23.3,20.49,21.27,18.5,20.23,25.53,23.07,22.78,25.69,24.18,26.67,26.07,25.62,27.16,27,13.87,13.03,21.05,16.44,17.17,14.57
2006,8,27,200608,13.63,15.06,17.62,21.26,20.88,24.37,24.86,21.47,20.14,18.41,20.1,24.99,23.35,23.28,25.99,24.52,26.92,26.52,25.84,26.54,26.74,12.97,13.74,20.32,16.35,18.17,16.1
2006,8,28,200608,13.64,16.89,18.97,22.32,20.75,24,23.46,19.12,18.53,17.81,18.62,24.63,24.61,23.6,25.95,25.8,27.51,26.48,25.5,26.24,26.48,12.1,14.98,20.07,16.96,19.25,16.82
2006,8,29,200608,16.08,17.87,18.61,22.33,21.29,19.8,21.93,18.14,18.05,16.72,16.95,20.8,25.17,23.69,27.26,26.41,28.09,26.52,25.11,24.53,24.9,12.68,15.7,20.65,17.18,19.02,15.04
2006,8,30,200608,16.56,18.18,17.72,21.28,19.24,18.99,19.97,17.34,17.88,17.84,18.14,19.37,24.28,22.31,27.22,26.65,27.36,25.31,23.71,22.31,23.3,14.25,15.02,21.35,16.63,18.2,10.28
2006,8,31,200608,12.47,15.2,13.5,19.22,17.66,18.85,19.61,15.21,15.85,18.35,19.57,19.05,20.98,19.95,26.25,24.59,27.12,23.86,22.43,22.18,23.91,15.35,11.45,21.41,15.85,17.86,9.52
2006,9,1,200609,14.13,14.98,13.81,17.45,14.84,19.87,17.88,15.89,15.89,15.63,19.39,20.43,18.36,16.63,24.59,21.51,27.18,22.69,21.79,22.91,24.97,15.07,10.32,22.01,16.72,18.55,12.03
2006,9,2,200609,13.78,14.88,13.93,18.22,13.12,18.31,16.06,17.03,16.66,14.46,14.43,20.59,15.87,14.74,24.46,20.66,26.53,22.15,20.44,22.56,24.09,11.35,10.99,21.77,16.77,19.37,14.13
2006,9,3,200609,13.16,16.15,14.18,18.89,13.19,18.55,16.59,16.32,16.37,14.55,14.75,18.8,19.3,16.08,25.3,23.34,26.51,22.11,19.71,21.48,22.02,11.12,12.66,21.2,15.67,19.4,15.53
2006,9,4,200609,15.13,17.92,15.48,18.67,16.15,19.32,16.85,17.29,17.55,15.97,16.1,19.19,20.67,17.9,25.45,24.51,26.44,22.16,20.79,21.51,21.83,11.89,14.28,20.45,16.26,19.75,17.01
2006,9,5,200609,16.25,17.22,15.72,18.46,16.29,18.67,17.79,17.95,17.84,16.9,16.16,17.99,20.55,18.36,25.11,24.06,26.02,21.86,20.7,21.07,21.1,12.4,15.3,20.79,17.14,20.23,17.14
2006,9,6,200609,16.61,17.7,16.31,19.09,16.92,19.08,18.38,17.48,17.62,17.74,17.29,18.34,19.39,17.66,24.6,23.49,26.25,21.96,20.03,20.22,20.65,13.06,15.79,20.89,17.34,20.38,16.87
2006,9,7,200609,16.33,18.22,16.36,19.55,17.37,19.58,19.04,18.37,18.47,18.55,18.02,19.29,19.4,17.98,24.1,22.29,26.52,21.87,19.78,20.87,20.96,13.22,15.22,20.44,16.43,19.63,15.05
2006,9,8,200609,16.26,18.15,16.93,20.05,17.96,20.01,19.09,18.43,18.28,16.14,18.88,19.83,20.24,19.03,23.28,21.63,26.28,22.77,21.13,21.12,20.95,12.75,13.89,19.19,15.61,17.9,15.06
2006,9,9,200609,16.78,18.99,17.15,20.12,18.24,20.17,19.61,14.84,13.15,12.55,18.77,19.98,19.87,19.17,23.77,21.57,26.35,23.75,22.56,22.25,21.84,11.93,13.5,18.94,15.05,15.91,13.14
2006,9,10,200609,12.78,15.8,13.14,19.9,16.93,20.59,19.2,12.02,11.82,13.62,18.1,21.17,20.18,19.37,23.88,22.14,26,23.89,22.78,23.29,23.49,11.39,13.3,18.33,14.83,15.31,11.57
2006,9,11,200609,9.41,12.31,10.76,16.15,14.95,21.4,18.85,13.04,13.74,15.01,18.1,22.64,19.51,18.7,23.71,21.53,26.02,23.97,22.76,24.44,24.54,11.73,13.04,19.06,15.59,17.65,14.01
2006,9,12,200609,9.38,10.69,11.57,13.19,14.32,21.92,21.31,16.07,14.44,15.23,16.24,20.75,17.12,17.45,22.21,19.53,25.47,23.77,22.07,23.7,24.28,12.09,13.92,19.52,15.96,19.25,15.18
2006,9,13,200609,10.73,11.74,12.66,14.28,14.86,17.75,19.6,17.03,14.9,16.74,17.1,16.82,16.21,16.88,22.7,18.64,25.46,22.91,20.5,20.73,22.8,12.91,14.22,19.56,16.3,19.21,13.34
2006,9,14,200609,13.75,15.24,15.05,18.19,16.05,17.87,17.91,16.23,14.99,17.81,18.89,17.55,18.2,17.45,23.62,21.61,26.02,20.08,18.06,20.05,22.23,13.42,12.72,18.86,15.44,17.16,8.62
2006,9,15,200609,16.32,17.06,16.11,17.82,15.99,18.69,18.62,16.95,16,19.31,19.23,18.07,17.58,17.39,21.63,20.5,26.18,20.06,18.9,20.83,24.31,12.44,10.57,17.41,13.45,12.35,6.66
2006,9,16,200609,17.26,18.34,17.27,18.72,16.64,19.3,17.78,17.02,17.84,18.27,21.68,19.92,18.11,17.46,21.59,19.81,25.94,20.47,18.85,23.82,25.81,10.51,6.63,15.07,10.37,10.54,6.91
2006,9,17,200609,17.4,18.37,17.84,19.62,17.99,20.79,18.95,18.8,20.03,13.92,16.76,23.09,18.64,18.11,22.77,20.16,26.08,22.17,20.02,25.68,25.07,4.49,4.1,12.96,9.18,12.16,8.53
2006,9,18,200609,18.22,18.78,18.16,20.07,18.23,18.7,19.78,17.71,11.68,8.07,11.35,17.35,19.45,18.65,23.97,21.43,25.95,24,22.35,21.92,22.29,4.51,5.4,13.15,9.75,14.96,11.23
2006,9,19,200609,18.02,18.95,17.98,21.13,18.03,11.4,14.18,11.33,7.83,7.13,10.41,11.73,20.41,18.98,24.5,23.61,26.25,21.41,18.75,18.13,19.66,7.08,8.37,15.28,11.5,15.01,10.11
2006,9,20,200609,15.37,16.69,12.16,16.77,12.09,10.3,10.8,9.55,7.61,7.59,12.42,10.92,14.86,13.15,18.93,19.11,24.85,14.9,13.17,16.4,19.52,9.48,8.95,16.26,11.33,13.31,7.82
2006,9,21,200609,9.65,11.41,9.04,12,9.83,10.92,10.81,10.14,8.33,9.48,14.07,13.59,11.62,10.62,16.81,15.4,22.82,14.57,12.54,17.42,21.31,7.74,7.48,13.35,10.39,13.74,8.92
2006,9,22,200609,8.56,10.78,10.01,12.98,11.7,16.82,13.18,11.71,12.29,11.47,13.51,18.68,13.39,12.61,20.85,17.9,25.32,20.49,18.03,22.74,23.59,5.16,5.56,14.07,9.54,13.95,7.36
2006,9,23,200609,11.44,14.98,14.54,18.06,16.64,20.79,20.13,16.42,14.26,11.29,12.04,19.62,19.47,18.45,25.07,23.05,25.88,24.98,23.54,23.61,24.53,3.74,5.31,12.79,8.89,12.45,8.86
2006,9,24,200609,16.15,20.1,17.52,22.11,18.91,15.65,18.07,13.91,11.77,10.72,11.68,14.77,22.03,20.21,25.23,24.46,26.09,23.61,21.77,18.71,19.79,4.9,6.72,13.38,8.95,13.11,10.59
2006,9,25,200609,12.16,15.59,12.34,17.47,13.27,13.18,13.14,11.6,11.41,11.74,12.72,13.83,17.44,15.29,22.64,21.85,26.39,18.12,16.59,16.59,16.57,6.56,8.97,15.82,9.46,14.37,11.94
2006,9,26,200609,10.84,13.45,11.61,15.13,12.7,14.27,13.85,11.64,10.26,12.77,15.34,15.22,14.42,13.95,18.73,17.61,25.09,16.66,15.71,17.13,18.57,8.01,10.08,18.19,12.24,15.88,12.75
2006,9,27,200609,10.12,12.61,11.56,16.38,14.5,15.33,15.84,12.65,11.48,11.04,14.66,16.29,15.98,15.54,18.4,18.05,23.74,17.57,16.94,18.89,20.64,8.27,9.73,18.37,13.23,16.47,13.71
2006,9,28,200609,12.53,14.71,13.96,17.2,14.06,12.57,13.38,9.19,7.12,7.44,9.37,13.1,16.45,14.99,19.44,18.86,22.51,18.01,16.58,17.16,20.18,7.61,9.65,16.96,12.52,16.61,13.94
2006,9,29,200609,12.14,14.36,11.09,15.59,10.45,9.32,9.09,7.26,7.63,10.25,12.63,10.59,12.69,10.84,16.6,15.82,22.14,13.54,11.29,14.21,18.75,9.97,11.78,16.86,12.53,16.69,13.96
2006,9,30,200609,7.74,8.95,7.37,11.8,8.62,12.88,11.04,9.63,10.05,12.72,16.47,15.37,12.12,10.39,15.4,14.42,22.32,15.32,13.54,19.34,22.42,10.48,11.81,16.86,13.04,16.01,12.72
2006,10,1,200610,9.71,12.63,10.78,15.79,12.14,15.99,14.39,10.83,11.76,15.08,18.23,18.46,14.85,14.41,18.92,17.42,23.69,20.66,18.44,23.25,23.31,10.82,11.54,16.86,13.29,14.95,10.14
2006,10,2,200610,10.28,12.63,11.05,13.73,11.42,19.67,15.59,14.24,17.22,16.97,19.86,21.97,14.92,13.92,21.37,18.38,24.93,21.32,17.55,23.6,23.16,11.15,10.87,17.85,13.53,14.64,9.33
2006,10,3,200610,11.3,13.4,13.74,15.78,15.6,22.87,18.8,17.71,18.01,15.58,20.34,22.91,16.72,16.88,22.33,17.94,24.78,21.84,19.13,23.5,23.15,11.74,9.85,18.1,13.7,13.94,9.7
2006,10,4,200610,15.04,17.69,16.61,18.82,18.12,21.68,20.72,15.54,13.89,11.75,16.89,21.73,18.17,18.84,22.26,19.21,24.35,22.73,20.86,23.37,23.08,10.08,9.37,18.38,14.45,12.9,10.62
2006,10,5,200610,10.71,14.05,10.62,17.11,14.14,15.15,15.35,8.27,7.49,9.26,13.37,17.9,18.98,18.26,21.9,20.55,23.9,22.76,20.96,22.05,22.68,11.15,11.26,18.98,13.79,12.01,10.73
2006,10,6,200610,6.5,9.35,7.16,12.32,9.15,9.88,9.46,7.83,7.53,12.03,16.25,13.08,14.69,11.94,21.45,19.68,23.95,18.8,16.43,19.73,21.98,12.67,12.4,17.75,12.87,10.79,10.05
2006,10,7,200610,6.64,9.3,7.13,12.5,8.1,9.25,8.56,9.2,9.98,15.76,18.3,11.65,11.03,9.77,16.33,13.54,22.93,13.15,10.51,16.42,20.8,11.85,9.56,14.45,11.57,11.01,8.05
2006,10,8,200610,8.3,10,9.68,14.16,12.25,11.66,11.57,11.41,12.45,12.96,15.75,13.05,14.7,13.64,14.53,15.44,21.84,14.2,12.77,15.35,20.25,9.2,5.74,14.15,11.17,12.4,7.62
2006,10,9,200610,11.39,12.62,13.55,15.5,15.34,14.51,15.97,11.43,9.51,7.38,9.38,14.64,15.47,16.06,17.44,17.43,20.79,16.82,16.26,16.47,20.58,5.52,4.51,14.16,9.86,13.5,8.08
2006,10,10,200610,10.36,14.27,12.46,16.69,15.05,15.12,16.23,8.52,5.88,5.54,7.81,14.62,16.51,16.92,18.51,18.26,21.27,18.7,18.45,17.01,19.96,4.15,3.35,12.65,8.71,11.78,5.93
2006,10,11,200610,8.87,13,12.73,16,15.12,13.81,16.57,10.51,6,3.13,7.42,13.03,16.66,16.53,20.43,18.71,22.63,20.28,18.74,17.77,19.37,5.09,4.42,12.74,8.85,11.36,7.92
2006,10,12,200610,12.93,16.52,12.24,17.35,11.49,3.89,6,2.37,-1.6,-1.39,4.72,4.97,15.55,12.79,19.5,19.01,23.72,14.1,10.97,12.95,19.16,5.09,4.02,13.28,9.36,12.85,9.47
2006,10,13,200610,9.3,9,3.55,7.36,3.02,2.27,2.18,1.9,0.39,0.44,4.77,3.29,6.66,4.23,14.33,12.86,22.04,9.82,5.43,11.22,16.95,5.37,4.97,13.96,10,13.16,10.08
2006,10,14,200610,4.44,5.21,3.48,6.12,2.47,2.92,2.43,3.44,1.12,0.59,6.61,4.87,4.99,3.72,10.33,9.22,19.57,8.74,5.64,13.51,18.64,6.56,6.14,14.2,10.96,12.15,9.81
2006,10,15,200610,4.34,5.37,3.78,5.5,2.83,4.42,3.32,4.37,1.09,3.11,11.13,7.52,4.88,3.69,11.6,8.21,18.31,11.03,7.14,15.73,20.58,8.12,7.01,11.26,10.44,11.66,9.37
2006,10,16,200610,5.45,6.82,5.67,7.46,5.35,9.94,8.02,6.69,6.67,9.37,14.6,11.32,8.01,7.37,13.19,10.77,20.97,14.13,10.56,17.86,19.86,7.75,7.01,11.06,9.51,11.86,6.76
2006,10,17,200610,6.42,7.41,7.11,10.74,9.07,12.75,11.45,9.33,9.42,7.95,13.41,14.76,12.06,11.1,18.8,15.94,23.88,19.61,16.25,19.85,18.86,5.61,1.57,11.52,7.48,9.74,6.15
2006,10,18,200610,9.98,13.73,12.37,17.37,14.8,15.4,15.67,10.4,6.96,2.54,6.41,16.17,17.54,16.7,21.12,20.82,24.56,21.13,19.54,19.72,19.79,-0.59,-0.77,9.35,5.89,9.17,6.11
2006,10,19,200610,11.35,13.27,11.78,16.81,14.88,8.62,13.69,7.43,3.31,1.44,3.64,7.74,17.95,17.26,21.86,20.81,25.32,19.6,17.23,14.84,16.56,-1.83,1.97,7.63,5.14,10.52,8.14
2006,10,20,200610,12.42,15.08,10.77,16.7,11.69,5.7,7.67,4.52,2.01,3.03,7.38,5.93,16.24,13.73,20.48,20.64,25.52,12.89,10.05,10.31,12.8,1.29,3.54,9.93,7.02,12.57,8.13
2006,10,21,200610,6.83,6.66,4.32,8.04,5.94,8.98,7.05,5.61,3.81,1.65,6.2,8.71,8.34,7.5,14.11,12.88,23.89,10.78,8.78,12.03,15.96,0.63,0.84,11.26,6.73,13.34,6.04
2006,10,22,200610,3.06,4.27,5.02,9.69,7.11,6.1,7.83,5.65,0.74,-0.01,2.41,4.83,8.42,8.21,15.1,12.57,24.34,13.07,11.01,10.46,12.7,-1.57,0.14,11.04,5.67,13.2,6.21
2006,10,23,200610,6.02,9.04,5.79,9.87,5.16,2.25,2.34,2.9,0.14,0.1,3.88,4.1,6.98,5.1,10.69,10.86,20.83,6.6,4.94,7.99,10.71,0.34,1.68,12.17,7.24,13.64,6.94
2006,10,24,200610,5.76,6.08,3.54,5.66,2.62,2.53,2.39,2.84,0.1,1.37,5.46,3.05,3.06,2.29,5.79,4.85,12.16,6.3,3.8,10.02,13.89,3.44,3.53,13.78,9.17,13.37,6.3
2006,10,25,200610,4.63,5.41,3.75,5.89,3.69,2.96,2.92,2.93,0.53,2.67,9.19,6.41,3.14,3.69,6.2,4,12.73,6.63,3.69,13.38,18.33,4.64,3.69,13.42,8.05,11.21,3.77
2006,10,26,200610,3.73,4.87,3.12,5.95,3.94,7.85,4.98,3.98,2.98,5.03,11.14,11.95,4.39,4.29,10.42,6.79,17.07,10.73,9,17.59,19.99,1.91,0.92,8.72,4.06,8.36,3.77
2006,10,27,200610,2.72,3.62,2.31,4.73,3.53,9.46,7.24,5.3,5.61,5.68,7.74,11.1,7.07,6.8,14.71,11.25,22.22,14.54,11.84,15.4,15.04,-0.72,2.36,7.38,3.62,9.57,6.54
2006,10,28,200610,4.47,8.43,6.28,12.52,7.47,6.71,7.15,4.73,4.28,4.58,8.04,8.02,12.07,9.93,16.14,16.62,21.96,12.15,10.84,11.18,11.43,1.79,3.76,9.58,5.93,11.21,7.31
2006,10,29,200610,5.44,6.7,3.53,6.65,3.43,7.18,4.64,3.18,1.32,4.61,9.88,10.18,6.33,5.14,10.54,9.31,15.98,10.44,8.75,12.75,13.2,2.96,3.83,10.6,6.99,10.85,5.89
2006,10,30,200610,2.43,5.12,3.7,5.93,4.05,11.08,8.15,5.12,4.45,4.06,10.65,13.05,9.24,7.48,12.97,11.98,18.05,12.99,12.36,14.96,15.79,3.11,-0.57,10.48,6.63,9.08,0.13
2006,10,31,200610,3.56,7.83,7.34,10.34,9.36,10.89,12.8,8.53,3.51,-2.13,1.01,10.04,12.31,11.82,14.95,14.14,20.93,15.36,14.22,15.94,17.07,-1.22,-6.17,9.49,4.46,8.48,-2.79
2006,11,1,200611,9.13,12.79,9.16,14.35,10.45,1.43,5.38,0.38,-2.91,-4.27,-1.45,2.28,14.28,13.26,18.36,17.04,22.87,16.25,13.95,11.55,13.83,-3.17,-6.27,9.66,3.86,9.11,-1.97
2006,11,2,200611,5.46,8.92,4.5,11.25,5.49,-1.26,0.83,-1.02,-3.53,-3.98,-0.74,-0.01,11.11,7.96,16.95,15.71,22.66,9.76,6.86,6.25,9.45,-2.72,-4.39,10.34,4.37,10.57,1.95
2006,11,3,200611,0.8,2.7,0.4,3.28,-0.14,-1.38,-1.63,-0.92,-3.43,-3.8,1.54,1.6,1.35,0.1,7.95,5.42,18.14,3.05,0.92,4.59,8.79,0.88,0.49,10.89,6.37,11.34,5.87
2006,11,4,200611,-0.14,1.59,-0.15,2.55,-0.61,1.74,-0.44,-0.58,-0.74,0.91,7.05,4.54,0.13,-0.17,4.62,2.01,17.01,3.91,2.17,7.45,12.42,3.14,2.99,11.27,7.44,11.12,7.29
2006,11,5,200611,-0.6,1.5,0.58,2.6,0.86,7.19,4.37,3.1,3.59,4.49,9.63,7.69,2.31,2.69,7.04,3.32,18.46,7.58,5.44,11.78,16.75,2.84,3.29,10.14,6.76,11.67,8.24
2006,11,6,200611,1.63,3.54,3.73,5.72,4.2,9.15,7.27,5.65,6.69,6.91,10.14,10.17,5.83,6.04,11.89,7.55,20.46,12.64,9.62,15.37,17.89,2.7,4.29,10.29,7.13,13.17,11.13
2006,11,7,200611,4.1,6.55,5.68,8.85,6.16,10.83,9.14,7.7,7.83,8.54,10.61,11.46,8.16,7.75,16.53,13.18,21.82,14.89,12.58,14.63,15.95,5.62,8.12,11.82,8.53,14.43,12.28
2006,11,8,200611,8.2,11.21,9.34,14.5,10.96,10.67,10.59,8.62,10.26,11.42,13.29,11.73,14.22,12.14,14.19,15.85,20.26,13.55,12.6,14.22,15.68,7.42,7.87,13.76,9.92,13.54,6.61
2006,11,9,200611,12.04,14.49,11.43,15.39,11.61,12.63,11.45,9.69,8.97,6.23,11.52,14.26,13.86,12.51,13.94,14.59,17.33,14.3,13.27,16.74,18.16,6.15,2.82,12.28,8.09,9.28,3.46
2006,11,10,200611,9.23,11.11,8.12,11.78,9.4,11.66,12.01,3.58,1.8,0.74,6.16,14.02,13.8,12.87,16.64,15.6,18.3,17.06,16.49,18.41,18.33,-0.02,-1.46,9.49,4.02,6.92,2.61
2006,11,11,200611,5.16,8.41,6.89,11.56,10.46,4.7,10.53,2.9,-1.63,-2.27,1.56,3.59,14.78,13.72,17.28,16.73,19.95,15.16,13.24,10.16,11.2,-1.74,-0.52,8.4,2.97,7.68,3.3
2006,11,12,200611,8.5,12.35,7.03,14.55,8.28,1.39,3.42,0.72,-2.46,0.06,3.61,2.27,10.9,8.92,11.87,12.69,18.29,6.41,5.23,5.79,8.82,0.81,-1.38,9.55,3.25,5.74,1.62
2006,11,13,200611,9.19,12.7,7.27,14.69,6.62,3.05,2.7,1.39,0.1,0.75,4.33,5.81,8.91,7.58,8.78,9.45,14.61,7.16,5.51,8.73,13.2,-2.46,-2.17,6.99,2.89,6.99,3.46
2006,11,14,200611,9.2,11.76,9.41,13.16,9.68,4.89,5.46,2.57,-0.53,1.84,4.89,7.76,12.01,9.9,10.54,12.75,16.41,10.25,7.87,12.41,15.81,-0.15,-0.62,8.13,4.86,9.63,2.24
2006,11,15,200611,11.47,12.49,8.43,13,8.63,5.7,6.08,3.69,-0.25,-0.08,4.37,7.64,10.44,8.65,13.84,12.58,19.54,14.42,11.75,13.78,13.25,-3.66,-3.42,6.88,2.1,9.41,3.05
2006,11,16,200611,11.43,13.98,12.15,15.52,12.81,3.74,8.14,3.6,-0.85,-1.94,0.56,2.99,14.06,13.05,15.11,16.53,21.15,10.25,9.97,5.72,5.98,-1.51,0.51,6.39,3.08,9.79,4.93
2006,11,17,200611,14.64,15.54,11.52,14.57,9.48,1.28,4.13,1.83,-1.97,0.18,4.87,2.78,9.65,8.8,8.16,9.27,14.28,6.43,5.02,6.19,8.16,1.51,0.38,8.39,5.22,10,3.1
2006,11,18,200611,6.44,7.06,3.51,6.63,2.84,2.46,3.72,1.82,-0.09,-1.53,2.7,2.93,5.6,3.97,7.78,7.32,12.6,7.73,6.52,8.02,10.42,0.82,-0.08,9.73,5.76,11.1,2.81
2006,11,19,200611,2.93,5.41,2.54,6.21,2.96,2.01,2.96,1.31,-1.49,-2.18,2.32,0.75,4.87,3.56,6.9,6.79,11.13,5.86,5.44,6.13,10.32,-0.01,-0.47,9.56,5.51,11.47,4.72
2006,11,20,200611,1.43,3.35,0.4,4.68,1.5,-0.05,1.34,0.48,-2.5,-1.36,2.01,0.34,4.23,2.65,6.13,6.98,10.02,3.56,2.8,3.85,9.06,0.39,2.51,9.53,5.62,11.65,6
2006,11,21,200611,-1.64,0.66,-0.96,3.15,-0.26,1.38,1.01,1.34,0.79,2.44,4.77,2.43,2.46,1.48,5.53,4.58,9,2.44,1.74,4.35,8.61,2.63,3.35,9.87,6.25,10.57,4.45
2006,11,22,200611,-0.53,1.51,-0.05,5.12,0.34,2.6,1.42,2.29,1.33,3.9,7.09,4.73,4.8,2.72,5.7,7.51,8.39,3.25,2.7,7.06,10.86,3.51,3.28,10.19,6.41,8.69,3
2006,11,23,200611,0.55,3.79,0.8,7.05,2.05,3.99,2.55,3.33,2.52,3.03,7.88,6.79,6.03,4.5,8.96,8.28,12.41,5.33,4.23,9.79,12.79,3.68,2.06,9.87,5.68,7.77,1.68
2006,11,24,200611,1.2,5.31,1.56,7.07,3.26,4.87,4.11,3.86,3.41,3.67,7.39,8.98,7.37,5.92,10.29,9.87,13.84,7.73,6.3,11.86,13.72,1.27,-2.3,9.83,2.8,5.83,0.79
2006,11,25,200611,-0.65,2.59,2,5.54,3.64,7.76,5.64,4.29,4.01,0.31,5.43,11.21,6.89,6.61,10.65,8.63,16.63,9.88,8.88,12.61,13.75,0.55,-3.57,8.9,2.57,4.84,0.03
2006,11,26,200611,1.78,4.48,4.12,7.03,5.23,11.28,9.05,7.4,5.38,-2.93,7.17,12.19,7.81,8.1,9.48,8.42,17.01,11.43,9.98,13.93,15.65,0.83,-5,7.19,2.04,4.48,-0.55
2006,11,27,200611,4.67,8.07,7.31,8.39,8.01,12.85,10.01,8.38,6.83,-3.79,5.38,14.66,9.32,9.35,11.6,11.14,18.45,11.8,10.12,16.48,17.13,-0.82,-4.72,5.95,2.79,4.85,-0.93
2006,11,28,200611,3.16,7.73,8.21,9.71,8.92,12.86,10.36,8.5,7.92,1.41,8.81,14.84,10.27,9.48,16.66,13.85,20.45,14.29,11.75,16.62,16.87,-0.76,-8.59,5.06,0.49,3.03,-4.65
2006,11,29,200611,3.32,7.35,8.06,9.93,9.55,14.6,14.59,10.58,5.68,-7.13,-1.02,13.96,12.97,12.19,18.42,16.37,21.29,17.78,16.65,16.54,16.22,-7.23,-13.99,2.55,-2.62,0.41,-7.37
2006,11,30,200611,9.18,11.28,12.21,13.55,13.15,5.12,14.04,3.47,-7.04,-11.2,-6.87,2.66,15.3,14.16,18.9,17.04,22.25,18.35,16.79,9.77,8.77,-13.27,-12.65,-5.02,-7.26,0.33,-2.82
2006,12,1,200612,9.53,14.39,11.63,16.27,14.23,-2.61,7.37,-1.34,-6.81,-9.23,-7.31,-6.69,15.84,14.09,17.32,17.61,22.19,9.44,9.13,-1.07,-0.49,-7.93,-7.47,-1.06,-4.13,2.99,-1.6
2006,12,2,200612,3.35,7.57,2.52,7.61,1.69,-9.62,-2.35,-2.32,-7.17,-9.19,-5.44,-9.17,5.23,2.2,8.39,9.87,19.09,1.47,-0.08,-1.5,2.49,-9.05,-9.91,1.68,-4.09,3.75,-3.37
2006,12,3,200612,-2.3,0.92,-0.62,2.2,-0.53,-8.79,-2.76,-4.27,-9.14,-11.81,-7.57,-7.48,3.32,1.33,9.72,6.56,20.27,2.51,0.54,-1.24,1.63,-11.3,-11.47,-0.51,-6.27,3.37,-3.87
2006,12,4,200612,-0.94,1.05,-1.69,2.21,-2.63,-10.83,-6.75,-5.46,-9.52,-8.96,-6.16,-11.65,0.81,-2.13,7.35,5.63,17.31,-2.07,-4.73,-3.8,-0.32,-7.35,-6.51,-0.23,-5,3.69,-2.01
2006,12,5,200612,-5.77,-2.71,-4.13,-1.38,-4.06,-7.02,-4.53,-5.18,-9.78,-6.32,-1.72,-5.18,-1.61,-3.21,2.14,2.01,11.86,-1.3,-2.66,-0.26,2.84,-3.71,-3.81,1.47,-2.32,4.83,0.18
2006,12,6,200612,-3.9,-1.68,-2.73,-0.22,-2.43,-1.86,-1.11,-2.3,-5.32,-5.23,0.33,-2.15,0.51,-0.69,5.68,4.4,14.75,2.48,0.97,2.71,7.87,-3.49,-4.59,3.31,-0.97,5.48,0.66
2006,12,7,200612,1.62,4.02,0.21,5.07,-0.11,-7.2,-3.23,-5.85,-11.7,-13.73,-4.3,-6.19,2.74,0.85,9.39,8.16,17.84,3.68,-0.67,2.67,7.07,-3.73,-4.54,3.78,-0.64,6.39,-0.08
2006,12,8,200612,-3.83,-3.23,-7.47,-3.04,-6.2,-8.99,-7.58,-5.81,-11.37,-8.63,-4.75,-8.13,-4.43,-5.87,-0.6,-1.46,10.17,-4.39,-6.72,-3.95,0.91,-1.71,-1.12,4.17,-0.45,7.36,2.13
2006,12,9,200612,-5.83,-4.24,-4.57,-3.12,-5.57,-3.96,-5.34,-2.72,-4.87,-1.79,0.93,-2.27,-4.59,-5.5,-1.21,-2.31,9.97,-2.95,-4.18,-0.9,2.81,-0.38,0.23,5.27,1.07,7.5,2.8
2006,12,10,200612,-0.66,0.19,-0.76,0.61,-1.7,-0.14,-0.87,0.45,-1.01,-1.32,2.82,1.08,-0.2,-0.47,3.47,0.68,14.16,0.85,-0.69,3.64,7.83,-0.69,-0.33,5.62,1.88,6.27,2.84
2006,12,11,200612,0.32,2,1.19,2.97,1.11,2.72,2.15,1.98,-0.27,-2.83,3.54,5.79,3.42,2.97,10.9,5.63,17.99,8.06,5.34,10.32,11.9,-1.09,-0.87,3.52,0.89,5.49,2.68
2006,12,12,200612,-2.13,1.31,1.77,5.52,3.96,8.85,6.83,3.44,2.26,-1.36,3.91,8.78,5.55,5.44,13.29,7.74,18.89,13.2,10.77,11.58,10.82,-2.1,-1.32,2.73,0.2,6.45,3.2
2006,12,13,200612,-0.14,3.99,4.44,9.41,6.28,6.06,8.06,4.45,0.64,-0.85,3.73,5.9,7.81,7.69,15.26,11.78,20.03,12.33,10.56,9.91,8.97,-1.69,-0.84,4.1,1.44,7.99,3.79
2006,12,14,200612,3.43,6.96,4.82,8.38,5.74,5.78,6.14,3.18,0.75,1.1,5.78,7.12,8.61,7.57,15.66,13.29,20.77,11.43,9.12,9.83,10.39,0.75,0.36,5.99,3.09,9.13,3.35
2006,12,15,200612,3.45,6.52,5.3,7.28,5.71,5.18,6.54,2.89,0.02,-1.28,5.45,6.71,8.69,7.41,14.71,13.42,20.13,11.4,9.5,10.96,12.68,1.94,0.79,7.5,3.79,7.89,1.97
2006,12,16,200612,3.26,6.05,3.31,5.86,3.2,5.5,3.59,1.47,0.21,0.22,6.18,9.48,6.4,4.66,11.84,10.17,18.15,11.1,10.36,13.64,13.66,1.89,-3.96,6.87,1.78,4.29,-3.72
2006,12,17,200612,0.69,3.42,3.06,4.84,3.96,11.25,9.22,4.64,0.44,-1.8,2.06,12.1,7.16,6.68,12.9,10.57,18.83,12.39,11.52,14.4,14.25,-2.07,-8.52,5.55,-0.28,1.69,-5.45
2006,12,18,200612,2.57,7.24,5.4,10.2,8.68,6.12,8.5,0.61,-2.6,-4.95,-0.5,7.67,10.67,10.79,15.58,13.13,20.29,13.67,12.12,13.25,14.07,-4.33,-9.41,2.24,-1.93,-0.18,-5.47
2006,12,19,200612,-1.59,1.88,-0.07,4.49,1.25,1.5,2.09,-1.06,-3.37,-4.6,-1.54,3.4,9.84,6.52,15.51,13.09,19.49,13.08,11.12,11.21,13.42,-4.51,-8.11,1.68,-3.08,-0.45,-3.83
2006,12,20,200612,-3.47,-0.15,-0.66,1.24,-0.57,0.69,0.88,-0.1,-2.45,-3.48,1.08,4.83,3.49,1.71,13.8,9.53,18.56,11.42,8.89,12.6,13.02,-5.04,-6.8,-1.34,-4.61,0.23,-2.43
2006,12,21,200612,-0.8,1.92,0.73,2.89,1.18,7.91,5.51,1.08,-0.76,-3.38,1.12,10.45,5.3,5.01,14.87,10.06,20.08,14.55,12.71,11.15,9.01,-7.07,-6.39,-1.69,-4.74,1.68,-0.06
2006,12,22,200612,-3.24,0.35,-0.1,4.63,3.76,9.69,10.41,3.98,1.38,-2.7,-0.56,6.57,10.5,9.44,16.88,15.05,21.31,15.72,14.26,8.19,7.06,-8.09,-5.09,-0.13,-2.9,2.77,-0.7
2006,12,23,200612,1.4,6.61,4.81,11.47,8.14,4.2,5.79,3.55,-0.3,-3.16,-0.69,3.69,13.76,11.03,16.35,16.98,20.42,9.81,8.06,4.9,5.67,-7.66,-6.45,0.48,-3.61,2.99,-0.46
2006,12,24,200612,2.3,5.06,3.02,6.16,3.46,1.76,2.53,1.39,-2.25,-3.21,-0.93,2.53,6.4,4.37,11.88,11.3,19.7,6.56,5.05,4.91,5.49,-7.33,-4.73,1.12,-2.43,4.94,-0.21
2006,12,25,200612,0.06,2.38,1.35,3.91,1.95,2.34,2.71,0.76,-2.73,-4.75,-1.56,2.97,5.29,3.63,15.02,11.36,21.25,9.47,7.55,5.48,5.1,-9.23,-5.46,0.94,-2.1,6.1,2.3
2006,12,26,200612,1.39,5.34,2.54,9.2,4.05,-0.6,2.63,-0.43,-5.41,-5.11,-2.07,-0.86,9.68,7.24,9.92,12.42,15.83,5.49,4.88,2.07,3.07,-4.19,-1.77,2.72,-0.1,7.03,2.23
2006,12,27,200612,-0.98,2.97,-0.55,4.82,1.1,-1.09,-0.44,-1.38,-4.72,-3.14,0.98,0.69,3.57,1.99,4.08,4.94,9.78,2.56,1.28,3.03,5.95,-2.32,-0.58,5.14,1.59,5.87,1.82
2006,12,28,200612,-3.95,0.82,-0.3,2.35,0.49,2.28,1.74,0.08,-1.1,-2.22,2.85,4.17,2.33,1.63,5.79,4.69,11.91,4.74,3.15,7.25,10.57,-2.37,-2.74,3.47,-0.2,1.33,-3.61
2006,12,29,200612,-6.78,0.02,-1.08,4.72,2.28,4.84,3.13,0.52,-0.69,-2.6,4.3,7.98,4.7,4.31,10.84,7.85,18.66,10.63,6.84,13.38,13.79,-4.51,-6.66,2.01,-2.45,1.63,-3.47
2006,12,30,200612,-6.78,-1.64,-1.93,4.88,2.01,8.69,4.85,1.87,0.81,-2.39,2.39,11.45,5.5,4.91,13.89,9.45,20.43,13.08,10.6,14.39,10.14,-7.06,-7.79,1.24,-3.23,2.69,-1.98
2006,12,31,200612,-4.42,-1.15,-1.93,2.89,1.5,11.39,7.7,2.42,2.53,-2.21,-0.8,10.77,7.36,6.02,17.43,13.44,21.72,15.75,14.73,9.77,6.96,-7.47,-7.35,1.34,-3.42,3.57,-1.86
2007,1,1,200701,-2.5,1.19,2.59,8.95,6.66,3.94,6.74,3.72,0.56,-6.56,-4.42,0.95,12.56,10.08,16.77,16.66,20.55,8.96,8.2,3.57,4.07,-8.38,-6.5,1.82,-3.71,3.28,-1.63
2007,1,2,200701,0.4,3.69,1.61,7.5,3.34,0.97,1.9,0.27,-2.28,-5.77,-3.87,0.07,5.78,4,7.74,8.02,17.31,4.04,2.81,2.4,3.17,-7.55,-4.77,1.96,-3.25,4.65,2.6
2007,1,3,200701,-2.66,0.85,0.18,3.23,1.47,1.72,2.14,0.87,-1.34,-1.39,-1.65,1.05,4.18,3.19,7.62,6.11,17.87,5.44,4.08,3.97,5.33,-5.08,-1.31,2.65,-1.9,5.81,3.7
2007,1,4,200701,0.37,3.49,2.04,5.73,3.19,4.01,4.38,2.48,0.31,-0.46,1.8,4.44,7.53,5.78,14.8,12.83,20.78,10.09,7.86,8.77,8.24,-1.87,-1.48,3.63,0.02,5.67,0.4
2007,1,5,200701,3.19,7.76,6.69,10.3,9.07,9.56,11.63,5.7,1.25,-1.86,1.7,8.56,13.9,12.22,18.89,17.39,22.07,16.7,15.7,11.66,10.2,-4.16,-6.17,3.74,-1.92,1.75,-2.97
2007,1,6,200701,7.77,13.38,11.06,15.22,13.33,6.87,11.05,3.71,-0.8,-4.44,-1.19,5.88,14.96,13.86,16.81,16.86,21.5,13.89,12.39,10.14,9.6,-9.95,-7.97,-0.56,-4.35,0.78,-0.3
2007,1,7,200701,3.59,6.97,3.6,8.8,4.9,2.99,3.82,0.29,-1.29,-3.22,-1.41,4.02,10.9,8.61,16.95,13.68,22.58,13.79,12.27,9.34,7.7,-9.5,-7.35,-0.06,-3.79,2.95,-0.07
2007,1,8,200701,1.89,7.13,3.85,10.62,5.53,1.09,3.11,-0.14,-3.17,-5.02,-1.33,1.25,10.55,7.97,14.35,14.97,20.42,8.99,7.12,4.58,4.18,-6.33,-3.62,1.19,-2.93,4.62,1.73
2007,1,9,200701,0.5,2.3,-0.37,2.66,-0.49,-0.16,0.11,-3.45,-6.67,-6.43,-1.02,1.2,1.62,0.47,4.98,4.46,12.92,3.67,1.76,4.27,6.02,-4.56,-4.28,3.8,-1.22,5.88,2.12
2007,1,10,200701,-3.04,-0.91,-3.81,-0.12,-3.32,-2.82,-3.56,-6.23,-8.8,-6.23,-1.18,-0.45,-0.9,-2.39,3.01,1.56,9.16,1.57,0.32,3.1,5.86,-3.79,-2.61,4.62,-0.87,5.66,-0.31
2007,1,11,200701,-8.44,-4.51,-5.77,-2.55,-4.43,0.4,-1.98,-2.19,-3.08,-6.12,0.61,3.5,-1.46,-2.26,4.15,1.39,13.51,2.99,1.29,7.23,11.29,-3.28,-9.01,5.85,-0.05,2.36,-5.3
2007,1,12,200701,-1.78,0.61,-0.44,2.7,0.56,6.61,4.72,0.47,-4.08,-15.16,-6.88,8.02,3.28,3.15,12.68,8.09,18.23,11.42,9.19,13.28,14.91,-7.49,-16.24,5.1,-2.28,-1.31,-10.45
2007,1,13,200701,0.76,4.13,2.23,8.12,6.03,2.02,7.98,-2.94,-8.03,-16.58,-10.89,0.53,11.04,10.17,15.87,14.52,19.28,15.55,14.02,10.03,12.72,-9.51,-16.38,0.04,-5.13,-4.61,-10.21
2007,1,14,200701,-4.14,2.11,-0.35,9.48,6.34,1.66,6.27,-2.92,-6.77,-13.79,-9.19,-0.39,14,12.58,17.26,16.07,19.6,16.23,15.26,8.46,10.2,-12.03,-15.15,-4.61,-5.88,-3.69,-7.79
2007,1,15,200701,-4.78,2.54,0.07,10.54,9.22,1.01,7.63,-3.29,-7.72,-15.28,-9.97,-1.82,15.13,13.68,18.13,17.35,20.36,16.11,14.87,4.2,3.42,-15.4,-14.48,-5.65,-8.9,-2.86,-7.93
2007,1,16,200701,-6.67,1.27,-3.77,9.09,3.36,-6.18,-1.01,-6.39,-11.92,-16.54,-11.72,-10.7,10.09,6.39,14.52,15.14,19.89,4.49,2.05,-3.92,-2.31,-13.37,-11.21,-4.3,-8.43,-1.42,-5.68
2007,1,17,200701,-16.96,-10.01,-11.22,-4.29,-6.02,-8.14,-4.42,-7.55,-13.47,-11.66,-9.79,-10.67,-1.47,-3.55,4.84,3.13,15.58,0.15,-1.46,-3.6,-1.5,-11.6,-9.4,-2.49,-7.32,-0.58,-4.64
2007,1,18,200701,-12.54,-6.93,-6.47,-1.87,-4.62,-2.31,-2,-4.7,-8.27,-8.09,-6.11,-2.56,-2.12,-2.41,4.14,1.29,15.56,3.52,1.79,0.25,1.46,-10.24,-10.17,-0.54,-5.64,-0.11,-3.65
2007,1,19,200701,-2.7,0.71,-2.45,2.02,-1.37,-3.35,-1.37,-4.37,-8.12,-10.55,-6.59,-3.92,1.95,0.43,7.57,4.99,16.54,4.72,2.39,1.7,3.71,-9.45,-8.56,1.57,-4.35,2.26,-1.28
2007,1,20,200701,-7.05,-3.51,-6.82,-1.69,-4.7,-5.36,-4.1,-7.4,-12.07,-10.21,-5.42,-3.21,-1.77,-3.17,5.39,2.12,14.6,2.7,0.16,2.62,4.03,-6.99,-6.16,1.06,-3.43,2.79,-1.35
2007,1,21,200701,-15.43,-10.16,-11.55,-5.03,-7.04,-1.89,-3.29,-6.46,-7.15,-7.72,-3.23,0.37,-2.88,-3.91,8.34,2.05,16.99,6.71,3.89,5.34,6.53,-7.13,-6.99,-0.01,-4.64,1.76,-3.71
2007,1,22,200701,-12.92,-6.66,-7.23,-1.6,-3.47,-1.38,-0.9,-3.5,-4.97,-8.67,-5.81,-1.04,1.06,0.15,13.25,6.81,20.33,8.25,5.92,3.44,3.97,-9.94,-8.17,-1.43,-5.61,1.27,-1.54
2007,1,23,200701,-8.42,-4.1,-5.12,-0.24,-2.33,-2.57,-1.64,-3.16,-7.23,-6.9,-6.21,-3.58,0.79,-0.98,7.75,6.18,16.28,3.6,1.6,1.52,2.27,-7.99,-4.97,-0.33,-4.95,3.04,0.4
2007,1,24,200701,-5.66,-2.84,-3.22,-0.19,-2.07,-2.69,-1.98,-5.82,-10.04,-5.65,-2.47,-1.62,-0.17,-1.66,6.66,4.81,14.58,4.12,1.32,2.85,3.33,-5.24,-3.85,1.44,-3.21,4.21,0.27
2007,1,25,200701,-11.83,-5.14,-8.71,-1.01,-4.06,-3.31,-3.85,-8.01,-9.76,-6.24,-2.68,-2.84,-0.82,-2.5,5.95,3.57,11.62,3.32,0.25,2.86,4.34,-4.09,-3.22,2.64,-2.28,4.48,-0.59
2007,1,26,200701,-17.47,-13.66,-14.95,-7.39,-10.01,-3.38,-5.53,-7.82,-6.69,-4.07,-1.39,-1.38,-4.75,-6.63,2.27,-0.21,8.6,1.42,-0.92,3.52,5.52,-3.89,-3.92,3.07,-1.93,4.49,-1.52
2007,1,27,200701,-16.41,-12.39,-10.1,-2.64,-4.11,-1.45,-0.56,-2.97,-6.09,-8.65,-3.73,-0.93,1.06,-0.36,4.47,3.32,12.02,4.28,2.72,5.2,8.24,-6.73,-8.08,2.91,-2.34,4.62,-2.26
2007,1,28,200701,-10.09,-3.42,-4.9,1.64,-0.88,-8.22,-4.04,-6.36,-11.72,-15.48,-7.87,-7.79,2.39,0.21,7.84,6.41,16.34,2.78,-0.53,0.9,3.96,-8.74,-8,4.12,-1.93,4.69,-2.99
2007,1,29,200701,-11.01,-5.7,-9.16,-2.18,-5.93,-7.92,-7.72,-9.26,-12.43,-10.6,-4.59,-5.31,-4.7,-6.09,-1.7,-2.32,7.02,-3.47,-5.9,-0.42,3.45,-7.24,-7.61,5.14,-1.35,5.11,-2.47
2007,1,30,200701,-14.03,-7.77,-9.64,-4.1,-6.44,-6.64,-5.26,-7.2,-11.06,-14.43,-8.15,-6.52,-3.43,-4.19,0.6,-1.24,6.8,0.12,-2.83,0.75,6.17,-9.47,-8.67,4.27,-2,5.38,-2.18
2007,1,31,200701,-11.98,-5,-7.75,-2.42,-6.23,-9.6,-8.03,-8.8,-14.3,-13.17,-8.33,-9.18,-4.21,-5.95,0.8,-1.92,10.36,-2.26,-5.83,-1.73,3.92,-7.89,-7.82,3.93,-1.84,4.52,-3.63
2007,2,1,200702,-8.54,-4.75,-6.91,-2.64,-5.99,-4.8,-5.2,-7.41,-10.41,-13.74,-6.89,-3.83,-3.1,-3.91,4.47,-0.34,15.53,2.01,-1.21,0.59,6.03,-11.87,-10.78,2.58,-3.28,3.53,-4.2
2007,2,2,200702,-5.07,-1.41,-4.07,0.81,-2.5,-7.11,-4.03,-8.18,-14.17,-16.6,-10.54,-6.18,1.01,-0.59,9.01,5.25,19.63,3.01,-0.18,-0.04,4,-14.5,-13.96,1.27,-5,3.29,-4.24
2007,2,3,200702,-4.39,-2.22,-6.71,-1.81,-6.94,-10.98,-9.63,-12.69,-17.13,-19.43,-10.9,-9.34,-1.86,-4.54,3.57,2.76,14.63,-0.57,-3.61,-1.79,2.31,-10.57,-10.05,1.36,-4.27,4.61,-2.19
2007,2,4,200702,-10.04,-7.78,-11.25,-4.71,-10.38,-13.56,-12.97,-17.06,-21.27,-19.75,-9.54,-8.92,-3.17,-6.11,2.31,0.6,11.63,-0.36,-3.29,0.02,5.04,-6.38,-5.91,3.61,-1.03,6.81,1.96
2007,2,5,200702,-15.25,-11.39,-14.75,-9.24,-14.32,-15.02,-14.74,-16.3,-21.53,-18.09,-7.45,-9.63,-7.36,-11.12,1.84,-1.06,11.02,-1.52,-5.87,0.95,7.4,-3,-1.13,5.58,1.01,8.62,3.98
2007,2,6,200702,-16.07,-10.31,-12.96,-9.99,-13.63,-12.42,-13.96,-14.56,-21.04,-15.08,-2.37,-4.72,-10.22,-12.64,0.97,-3.3,9.61,-0.06,-3.77,5.48,9.85,-0.27,0.18,7.39,2.54,8.69,3.3
2007,2,7,200702,-14.36,-9.87,-12.31,-8.4,-11.42,-10.7,-10.26,-13.28,-18.8,-15.53,-3.9,-4.5,-3.67,-7.3,6.35,3.22,12.74,4.73,1.83,7.75,12.4,-1.17,-1.68,7.95,3.53,8.01,3.1
2007,2,8,200702,-12.51,-8.77,-10.81,-8.16,-11.87,-12,-12.86,-12.34,-18.45,-17.55,-6.27,-6.49,-6.02,-9.76,8.71,2.23,14.62,4.18,-2.44,4.78,11.48,-3,-2.64,7.41,3.63,7.35,2.82
2007,2,9,200702,-13.35,-8.3,-10.63,-7.54,-10.89,-11.2,-12.42,-11.67,-17.99,-16.97,-5.87,-6.19,-7.22,-9.98,7.22,0.81,14.9,1.21,-4.45,3.21,10.58,-3.09,-3.79,7.33,3.75,8.33,2.53
2007,2,10,200702,-12.07,-8.33,-9.69,-5.71,-9.63,-10.87,-10.74,-11.57,-18.19,-17.36,-6.03,-6.66,-6.01,-8.12,4.81,0.47,14.11,-1.08,-4.64,1.13,7.14,-2.61,-3.31,9.11,4.11,9.08,2.5
2007,2,11,200702,-10.25,-6.16,-9.05,-5.92,-10.04,-7.01,-10.31,-11.21,-13.42,-11.83,-3.75,-3.07,-6.22,-8.2,3.05,-0.73,11.46,-0.75,-3.55,3.02,8.28,-1,-1.47,9.52,5.09,8.12,3.19
2007,2,12,200702,-8.4,-4.97,-7.52,-3.57,-6.35,-2.45,-4.84,-8.5,-10.85,-11.95,-1.7,0.56,-2.24,-3.76,7.91,3.47,15.61,4.84,1.15,8.19,13.29,-0.81,-3.35,7.16,3.77,5.57,1.93
2007,2,13,200702,-14.78,-8.95,-12.65,-2.8,-5.78,-2.17,-3.08,-10.2,-11.79,-15.06,-7.11,-0.21,1.98,-0.29,14.06,10.34,18.61,9.95,7.73,9.18,10.4,-5.72,-7.01,5.88,1.37,4.95,1.66
2007,2,14,200702,-11.1,-5.75,-11.35,-1.07,-8.07,-8.5,-8.24,-11.59,-14.05,-17.83,-12.34,-7.71,0.56,-2.21,11.65,9.96,18.55,2.42,-0.19,-1.34,1.42,-8.28,-7.94,4.22,-1.22,4.54,0.51
2007,2,15,200702,-9.67,-7.89,-13.38,-7.35,-12.86,-13.06,-13.5,-12.24,-14.8,-17.71,-13.08,-10.15,-6.92,-9.61,1.38,-0.57,10.13,-3.12,-5.2,-3.39,-0.8,-9.41,-6.83,2.59,-1.85,5.91,3.12
2007,2,16,200702,-15.15,-10.76,-12.17,-8.54,-11.78,-13.79,-13.7,-10.62,-15.23,-11.87,-8.55,-10.63,-7.13,-9.64,1.25,-1.75,8.68,-4.11,-6.01,-3.88,0.4,-4.44,-1.09,4.74,0.67,8.05,4.13
2007,2,17,200702,-9.46,-6.93,-9.77,-5.79,-10.28,-5.28,-7.87,-8,-9.29,-7.83,-1.74,-3.27,-5.22,-6.6,-0.22,-1.39,6.2,-1.1,-3.43,1.67,5.59,-4.26,-2.72,7.09,2.12,9.17,4.37
2007,2,18,200702,-7.47,-4.45,-7.81,-2.77,-6.68,-7.48,-6.65,-8.58,-11.25,-8.37,-1.55,-4.07,-2.24,-4.08,2.58,0.77,8.67,-0.33,-2.59,1.46,5.31,-3.46,-1.29,7.12,2.4,8.76,3.7
2007,2,19,200702,-12.56,-10.72,-14.29,-7.36,-10.5,-3.65,-7.96,-8.15,-7.67,-4.63,1.28,1.13,-5.07,-6.8,1.63,-1.43,6.27,1.39,-0.73,5.72,8.6,-0.61,-1.51,7.96,2.81,5.74,0.17
2007,2,20,200702,-12.06,-5.39,-5.46,-0.43,-1.99,1.37,1.29,-2.86,-4.89,-4.06,1.56,3.98,2.08,1.41,7.03,4.93,11.79,9.25,6.74,10.89,13.08,-2.44,-3.34,4.78,0.6,4.8,1.3
2007,2,21,200702,-4.92,0.5,-1.61,3.22,0.87,1.31,1,-2.83,-2.93,-2.07,2.22,4.05,7.47,4.82,14.81,12.25,16.46,14.41,12.89,12.51,12.73,-1.59,-2.2,5.21,1.6,5.78,-0.81
2007,2,22,200702,-7.65,-1.2,-3.09,1.89,-0.7,1.33,0.23,-1.64,-2.31,-4.73,2.32,3.95,7.25,3.29,13.8,12.06,17.12,11.42,9.38,11.92,13.24,-0.47,-1.99,7.13,3.37,5.8,0.2
2007,2,23,200702,-8.49,-1.32,-6.07,-0.09,-4.34,-1.4,-3.74,-8.24,-6.72,-4.64,2.89,2.53,0.1,-1.87,7.87,4.44,14.4,6.72,3.05,11.54,15.58,-0.26,-1.17,5.65,1.79,2.31,-1.77
2007,2,24,200702,-10.76,-8.73,-11.61,-5.07,-8.79,-1.1,-4.53,-8.17,-5.21,-3.26,5.73,4.39,-1.22,-3.61,8.1,3.38,14.78,7.88,4.46,13.78,14.8,-3.67,-5.03,0.79,-2.15,1.66,-1.29
2007,2,25,200702,-7.4,-4.93,-8.54,-2.21,-4.24,2.09,0.65,-4.96,-3.53,-4.22,-0.89,3.57,1.99,0.63,14.32,8.53,18.69,12.16,9.44,8.63,8.1,-6.35,-5.37,1.66,-1.27,3.91,0.52
2007,2,26,200702,-7.53,-1.7,-3.71,0.85,-0.78,0.17,0.69,-1.89,-2.47,-5.53,-1.55,0.8,4.15,2.17,11.86,11.47,19.6,7.78,6.17,7.04,10.05,-3.13,-4.5,4.37,0.89,3.71,-1.2
2007,2,27,200702,-5.56,-1.27,-3.19,1.21,-0.41,-0.66,-0.2,-1.64,-2.66,-6.05,-0.42,1.21,4.89,1.85,11.6,9.28,20.03,8.78,5.96,8.69,12.36,-2.17,-5.24,5.44,1.37,2.96,-2.18
2007,2,28,200702,-2.68,-0.44,-2.95,1.75,-0.47,0.05,-0.71,-1.59,-3.31,-5.36,1.7,4.81,3.43,1.31,11.05,8.83,18.25,9.3,7.01,12.62,15.2,-3.04,-6.23,3.61,-0.39,1.18,-2.17
2007,3,1,200703,-6.7,-2.38,-6.1,1.36,-0.35,5.46,2.84,-2.55,-2.16,-3.62,0.72,9.37,5.24,4.26,14.56,10.55,20.52,14.05,12.09,14.42,12.86,-7.84,-7.77,0.21,-3.51,0.75,-2.68
2007,3,2,200703,-4.84,0.87,-0.5,7.57,4.12,0.86,3.42,-1.54,-2.74,-6.23,-2.58,1.19,11.49,8.5,15.15,15.72,21.05,10.08,8.07,6.12,6.82,-9.21,-9.18,0.46,-3.15,2.34,-1.44
2007,3,3,200703,-1.97,1.87,-0.55,4.63,1.19,-2.41,-0.52,-3.41,-7.18,-10.35,-4.09,-1.94,5.02,3.41,9.09,7.96,18.12,5.74,3.75,3.98,6.56,-10.65,-9.09,0.4,-2.91,4.49,1.54
2007,3,4,200703,-1.9,-0.13,-2.93,1.07,-2.62,-5.63,-3.49,-4.94,-10.83,-9.35,-3.57,-4.89,0.68,-1.55,4.8,4.21,15.12,1.52,-0.71,1.53,3.44,-6.33,-3.67,1.15,-2.01,6.3,2.64
2007,3,5,200703,-4.47,-2.5,-4.99,-0.6,-3.36,-2.3,-2.55,-6.7,-8.94,-8.74,1.23,0.65,-0.13,-1.57,3.19,2.55,9.44,2.17,1.14,4.92,5.65,-1.48,-1.75,4.87,1.29,8.39,3.71
2007,3,6,200703,-15.41,-11.52,-16.15,-6.72,-10.49,-3.71,-6.31,-12.62,-14.51,-11.48,0.52,1.99,-1.47,-4.82,6.23,3.99,10.18,4.75,3.9,8.38,8.28,0.27,-0.03,7.62,3.56,8.63,3.95
2007,3,7,200703,-19.48,-14.65,-16.39,-8.19,-10.04,-0.01,-3.03,-8.09,-7.67,-8.04,1.83,4.21,0.33,-3.17,10.23,6.74,14.55,8.43,7.54,9.5,11.14,1.53,0.24,9.74,5.22,9.19,4.49
2007,3,8,200703,-15.74,-10.62,-12.08,-5.6,-8.95,-1.03,-3.94,-7.53,-8.43,-6.03,2.95,3.16,1.27,-2.94,11.14,8.22,16.11,8.94,8.17,10.85,14.01,1.66,1.71,11.27,5.99,7.52,2.5
2007,3,9,200703,-17.22,-12.59,-13.82,-5.73,-6.23,2.89,0.12,-3.73,-2.28,-0.28,7.76,7.51,1.29,-0.02,12.36,7.21,17.01,11.15,10.84,13.89,15.8,1.57,0.4,10.74,5.76,7.64,2.91
2007,3,10,200703,-5.12,-2.44,-3.13,1.09,0.58,6.68,7.55,0.82,-1.49,-0.96,7.13,8.66,6.7,5.45,14.58,11.27,18.72,13.81,12.43,14.55,16.5,2.74,1.54,10.93,6.27,8.36,4.52
2007,3,11,200703,1.52,3.97,-0.04,5.89,1.83,5,4,-1.82,-2.64,0.07,8.2,8.73,9.57,6.16,16.69,13.95,18.54,14.26,12.58,15.9,17.06,2.11,1.94,9.57,6.03,10.33,7.53
2007,3,12,200703,-1.97,1.25,-2.04,3.08,0.81,7.35,3.99,0.95,1.87,4.1,10.46,11.08,5.15,3.9,16.38,11.21,18.16,13.39,10.1,15.91,15.84,3.42,5.29,10.12,6.53,12.35,8.97
2007,3,13,200703,0.05,2.77,1.73,4.42,4.09,10.71,7.78,3.37,3.65,5.76,11.06,13.48,8.92,8.08,16.74,13.84,18.57,16.1,14.48,18.23,16.83,4.46,4.84,11.98,7.92,13.03,4.74
2007,3,14,200703,4.32,8.09,7.11,10.18,9.94,15.56,15.46,6.84,3.21,2.74,12.11,16.6,14.11,13.15,17.55,16.01,19.29,18.14,17.75,18.3,17.02,5.15,2.36,12.3,8.76,11.73,2.5
2007,3,15,200703,5.58,10.22,6.08,12.89,9.77,7.86,8.96,-1.53,-2.75,-1.61,6.78,11.99,14.69,13.7,17.52,16.7,19.99,17.06,16.24,17.38,17.3,3.41,-0.35,12,7.89,10.98,1.99
2007,3,16,200703,-5.66,-0.47,-3.05,2.99,-0.26,2.23,0.88,-3.51,-2.9,-4.01,3.7,5.1,8.15,4.4,17.95,16.13,20.74,12.79,10.59,12.34,15.25,1.25,0.19,12.65,7.48,12.49,5.89
2007,3,17,200703,-5.18,-1.45,-6.41,-1.21,-4.62,-0.01,-1.57,-4.03,-3.96,-2.02,7.04,2.24,0.09,-1.8,6.65,5.36,13.87,4.4,2.41,7.93,13.28,4.39,3.82,14.12,9.49,13.15,8.16
2007,3,18,200703,-5.12,-4.97,-6.48,-2.52,-4.61,0.64,-1.62,-2.71,-3.13,0.3,8.34,3,-1.59,-2.4,5.08,1.84,10.13,6.02,2.8,11.81,16.86,5.65,5.72,13.38,10.19,11.68,7.61
2007,3,19,200703,-6.89,-4.23,-4.46,-1.12,-3.64,6.12,0.41,-0.89,0.73,0.94,11.3,11.13,0.73,-0.79,8.91,4.48,13.27,11.02,8.52,16.85,18.43,5.67,4.06,11.05,9.39,10.54,6.86
2007,3,20,200703,-2.88,0.41,-1.92,4.51,1.28,6.57,4.76,-3.69,-4.28,-1.11,8.78,11.07,9.18,7.13,12.94,11.37,17.12,14.48,14.07,18.04,18.54,5.36,5.25,10.77,8.39,9.9,4.91
2007,3,21,200703,-9.32,-5.76,-6.38,-0.73,-2.06,12.25,6.22,-0.97,2.14,5.83,14.38,16.49,7.77,5,15.4,13.65,17.84,15.57,15.78,18.77,18.9,5.99,3.43,10.77,7.14,7.08,0.42
2007,3,22,200703,-1.07,1.61,3.49,6.66,6.92,16.47,14.58,7.29,5.72,4.18,12.52,17.92,10.96,11.02,16.65,14.64,19.04,17.1,16.35,19.08,19.52,5.67,1.46,10.23,7.05,7.72,3.18
2007,3,23,200703,3.8,7.98,6.2,12.88,11.21,13.74,13.6,3.92,4.09,5.68,14.51,17.77,15.27,14.62,17.03,16.33,19.85,17.36,16.57,19.7,19.8,6.13,3.63,9.6,7.94,9.48,5.83
2007,3,24,200703,0.33,3.68,3.53,9.4,9.09,17.11,15.54,7.37,9.04,8.84,15.88,18.33,15.55,13.95,18.77,18,19.98,18.31,17.73,19.74,18.89,5.57,4.56,8.1,7.27,10.61,8.35
2007,3,25,200703,0.43,3.26,4.42,6.91,8.18,18.7,16.57,9.03,13.96,12.23,15.54,18.73,14.58,13.56,19.46,18.24,19.74,19.35,18.44,19.77,18.75,5.34,5.9,9.98,7.84,11.13,7.36
2007,3,26,200703,1.21,3.92,5.87,5.37,9.2,19.41,17.99,14.35,15.99,13.11,15.39,19.13,11.8,13.28,19.18,15.23,19.88,19.49,19.32,19.64,18.3,6.49,5.39,12.18,8.34,9.93,3.35
2007,3,27,200703,4.32,7.74,10.95,12.5,14.44,19.14,18.41,13.59,13.29,9.12,14.23,18.55,16.24,16.05,19.56,17.38,21.03,19.54,19.34,18.41,18,6.93,5.29,11.35,7.13,5.85,2.64
2007,3,28,200703,2.48,7.1,6.23,13.19,12.22,17.62,16.4,6.28,6.13,9.17,15.38,18.4,17.8,16.45,20.68,19.59,20.29,20.45,19.97,19.93,19.86,5.63,2.83,4.99,3.79,3.41,0.98
2007,3,29,200703,-3.09,0.21,-0.45,4.38,3.18,15.67,10.85,3.34,5.16,8.47,15.99,19.02,10.9,9.64,20.08,14.94,20.29,19.96,19.55,20.69,18.81,-0.38,-1.6,4.28,1.67,5.77,2.76
2007,3,30,200703,-0.62,1.98,1.12,4.32,3.94,16.14,11.33,4.53,6.49,5.75,12.3,19.77,7.82,7.93,15.44,10,20.44,19.28,18.45,19.93,17.05,-3.4,-1.98,6.09,2.64,8.25,5.62
2007,3,31,200703,-1.55,2.12,1.35,6.3,5.97,17.19,13.59,4.97,6,5.68,10.3,18.66,11.49,11.02,16.98,13.61,20.36,19.18,18,17.95,16.09,-0.66,0.52,7.82,4.96,10.08,6.23
2007,4,1,200704,-0.2,3.42,3.32,5.81,7.43,14.46,15.49,7.68,7.77,5.62,9.03,12.9,14.08,12.58,19.06,16.89,20,19.33,18.09,15.84,16.1,2.76,2.16,10.98,7.32,10.8,3.07
2007,4,2,200704,1.41,5.4,7.4,11.39,11.64,11.92,12.98,7.21,5.42,4.89,12.67,14.42,16.64,14.86,19.59,19,21.1,19.51,18.13,18.48,18.89,5.56,1.94,11.62,8.31,10.19,1.15
2007,4,3,200704,1.57,5.4,8.09,11.4,10.44,15.49,14,6.11,5.86,1.14,11.49,17.29,14.76,13.37,21.35,19.17,21.61,20.2,18.82,20.59,20.46,3.89,-0.93,11.84,8.24,10.86,1.31
2007,4,4,200704,0.07,2.95,6.08,7.31,8.98,3.69,8.57,2.49,-3.03,-5.34,1.89,4.55,14.59,12.08,20.49,19.53,21.21,17.4,14.8,13.19,16.62,2.85,0.48,12.88,9.62,12.46,4.91
2007,4,5,200704,-1.22,1.3,-0.98,3.49,-1.3,-1.11,-1.56,-5.04,-6.74,-6.42,0.62,0.62,4.21,1.16,10.9,9.23,18.57,6.62,3.69,7.27,11.99,4.5,2.26,13.83,9.94,13.3,6.6
2007,4,6,200704,-2.27,-2.72,-4.29,-0.38,-3.32,-2.2,-1.68,-5.2,-7.83,-7.33,-1.69,-0.22,1.18,-0.85,6.31,4.36,14.6,4.1,2.23,5.77,11.26,2.19,0.92,14.61,10.5,13.81,9.12
2007,4,7,200704,-3.29,-1.51,-4.28,0.32,-3.84,-4.25,-3.68,-4.86,-6.9,-6.95,-3.24,-2.9,0.09,-2.19,3.48,3.2,10.7,1.52,-1.34,1.9,5.03,-0.75,0.38,12.86,8.39,12.35,10.55
2007,4,8,200704,-3.06,-1.98,-3.77,-1.13,-3.74,-1.44,-2.28,-2.94,-4.08,-5.16,-2.15,-1.58,-1.96,-3.3,1.44,0.9,8.87,1.25,-0.48,2.13,3.35,0.41,1.63,12.73,7.07,10.84,7.45
2007,4,9,200704,-1.59,-0.41,-1.9,0.91,-1.42,1.4,0.15,-1.94,-3.16,-3.28,1.9,1.02,0.93,-0.59,4.58,3.12,12.6,5.28,2.86,5.59,8.54,3.38,3.22,12.5,8.15,10.44,5.88
2007,4,10,200704,-1.15,0.79,-1.37,2.34,-0.21,3.86,2.33,-0.76,-1.09,-0.12,5.83,4.67,3.71,2.04,9.14,5.84,16.86,8.65,5.53,10.04,15.4,3.35,0.87,12.31,6.7,8.8,2.11
2007,4,11,200704,-1.4,0.89,0.03,3.88,1.68,6.45,4.18,-0.28,0.28,0.45,5.65,7.59,5.61,4.23,14.99,9.9,21.25,14.32,11.15,14.11,16.13,-2.72,-1.46,9.25,3.48,8.28,2.49
2007,4,12,200704,-0.65,2.61,2.03,6.9,4.94,4.23,6.06,1.22,-0.22,-0.23,3.02,4.78,10.75,8.27,17.72,15.56,22.69,11.99,9.38,10.08,14.04,-1.37,-1.07,9.9,4.66,5.83,3.42
2007,4,13,200704,0.36,2.32,1.81,6.55,2.99,4.21,3.46,1.09,0.88,0.99,4.11,5.22,6.6,4.8,11.49,9.75,18.79,9.47,6.82,10.81,16.59,-0.47,0.76,8,4.63,6.61,4.13
2007,4,14,200704,1.19,3.98,1.9,5.18,2.41,5.21,4.44,1.45,2.69,3.75,4.69,4.91,6.56,4.96,16.09,12.51,21.23,13.55,10.43,10.39,12.87,-1.22,3.13,8.47,4.68,8.58,6.68
2007,4,15,200704,1.53,3.91,2.46,7.52,4.61,4.73,3.31,2.2,4.69,6.24,7.41,6.76,11.37,7.66,16.49,17.13,20.58,9.98,8.14,9.02,10.13,2.75,5.78,9.74,6.41,6.95,4.04
2007,4,16,200704,2,5.39,1.76,6.2,2.07,8.11,4.77,2.95,6.04,9.25,10.72,9.33,4.4,3.03,8.34,7.63,12.19,7.89,7.01,10.65,12.21,5.76,5.17,7.19,6.33,8.07,4.23
2007,4,17,200704,1.71,3.98,1.68,5.47,3.3,11.87,6.91,4.54,8.78,8.57,11.53,12.59,6.21,5.04,11.75,8.67,14.98,11.33,10.17,13.24,15.05,5.15,6.08,8.4,7.51,10.08,5.11
2007,4,18,200704,2.21,3.37,2.67,5.53,4.17,10.51,9.37,5.03,5.03,8.25,12.34,12.93,8.07,6.92,13.24,10.65,16.9,13.91,12.6,14.75,15.3,5.45,6.2,11.01,6.22,6,2.42
2007,4,19,200704,3.75,5.69,5.76,7.22,6.73,8.73,8.67,7.21,6.41,8.43,12.01,10.43,8.54,8.12,14.7,11.77,18.93,13.52,11.77,15.1,16.37,3.84,2.84,7.06,4.23,4.12,1.96
2007,4,20,200704,4.23,6.44,7.05,8.85,8.07,10.9,10.07,9.41,9.49,10.66,13.9,11.9,9.64,9.26,13.79,11.1,18.48,12.4,10.54,16.18,18.45,4.12,1.85,8.08,5.79,5.53,3.06
2007,4,21,200704,6.77,8.65,8.43,10.17,9.2,13.14,11.88,11.49,11.94,13.72,16.8,14.55,11.2,10.59,14.34,12.66,17.95,14.19,13.45,16.34,18.55,6.78,3.93,8.91,7.23,6.51,4.48
2007,4,22,200704,7.32,10.32,10.52,12.59,11.59,15.72,14.01,13.32,14.99,14.17,15.22,15.94,13.2,12.82,15.55,14.24,18.87,15.97,15.14,17.74,18.32,5.05,4.97,8.24,6.26,7.72,5.93
2007,4,23,200704,11.71,12.7,12.73,14.06,13.45,17.81,16.2,14.28,15.04,11.4,12.68,17.27,14.4,14.07,16.28,15.44,18.79,17.61,16.23,19.36,19.79,6.01,6.12,9.48,7.07,7.61,6.26
2007,4,24,200704,11.06,13.85,11.85,15.96,14.79,17.04,17.33,9.45,10.21,10.07,13.75,18.14,16.65,16.68,17.75,17.24,19.36,20.27,19,21.11,21.18,5.04,6.41,9.38,7.49,10.23,7.78
2007,4,25,200704,4.53,7.83,6.21,12.24,9.24,16.65,14.74,7.31,8.27,9.73,10.27,19.15,18.23,16.63,19.1,19.11,21.18,20.12,19.9,18.8,17.75,2.66,7.03,11.82,8.42,11.67,7.09
2007,4,26,200704,5.24,7.78,6.96,9.68,9.88,14.14,15.01,7.24,6.98,10.49,9.37,13.55,16.08,15.12,20.38,19.26,22.22,19.93,18.65,15.58,14.94,4.41,6.97,12.99,9.29,11.12,5.98
2007,4,27,200704,6.61,8.7,9.92,11.87,12.55,11.99,13.79,9.19,8.7,11.85,11.16,12.04,16.81,14.67,20.53,20.39,22.77,16.42,15.17,14.55,17.03,6.15,6.75,13.67,10.88,13.73,8.57
2007,4,28,200704,7.62,11.73,10.73,14.34,11.52,14.33,12.95,9.8,12.3,13.16,13.26,14.26,14.62,12.92,16.54,16.82,21.35,15.94,14.42,17.07,19.34,8.36,10,15.43,13,16.13,10.7
2007,4,29,200704,8.13,11.12,9.79,12.9,10.94,15.8,14.46,12.25,13.89,15.3,16.69,16.23,14.18,13.47,17.14,15.37,20.12,17.33,15.76,18.09,20.18,10.75,11.67,16.66,13.85,15.63,9.82
2007,4,30,200704,6.64,10.54,9.73,13.65,12.14,18.73,16.51,11.82,12.8,14.99,18.61,18.29,15.28,14.73,17.77,16.83,20.61,18.54,17.28,19.75,20.81,10.91,10.51,16.81,12.83,14.23,7.5
2007,5,1,200705,5.55,8.61,7.15,10.8,10.77,20.07,17.62,11.25,13.74,13.55,18.03,20.19,17.52,16.07,19.85,18.75,21.23,19.99,19.05,20.41,20.94,10.25,9.67,16.11,13.01,12.9,8.12
2007,5,2,200705,6.19,9,8.02,12.49,13.76,19.18,18.39,10.87,10.39,11.06,14.87,19.23,18.62,17.25,20.54,20.19,21.75,20.38,20.26,19.91,21.06,9.32,10.87,15.03,11.66,11.06,7.82
2007,5,3,200705,5.09,7.53,6.27,11.07,9.05,17.17,14.1,9.45,10.03,12.62,14.34,18.63,15.62,13.63,21.24,19.99,23.09,20.74,20.96,20.16,20.49,8.76,9.12,13.7,9.02,8.17,3.74
2007,5,4,200705,4.77,6.93,6.3,10.04,8.67,16.83,14.34,9.03,10.71,14.13,16.77,19.25,12.93,12.97,21.59,17.18,23.34,20.87,20.38,20.94,21.86,7.23,3.85,11.6,8.22,7.93,3.21
2007,5,5,200705,5.45,7.42,7.38,11.14,10.25,19.08,16.19,9.6,11.54,14.33,19.19,21.24,13.53,13.37,20.94,16.36,23.27,21.32,19.87,23.55,23.02,5.86,3.33,10.14,6.69,7.92,3.53
2007,5,6,200705,5.29,7.59,5.35,10.32,7.14,17.78,12.23,7.84,10.37,15.17,18.22,22.31,12.76,11.18,21.19,16.64,23.68,21.95,21.03,23.89,22.83,3.48,4.05,8.3,6.09,9.31,6.41
2007,5,7,200705,7.39,7.34,7.68,8.78,7.67,15.65,10.23,9.51,13.37,15.14,16.22,21.53,7.89,7.77,13.64,9.63,19.47,17.83,16.46,23.07,21.76,3.41,6.39,10.77,7.86,13.47,11.3
2007,5,8,200705,10.97,10.16,10.76,10.26,10.25,21.5,15.56,16.08,18.36,15.73,14.74,21.08,9.8,10.25,12.77,11.8,16.48,17.2,16.46,21.89,21.02,5.16,9.68,13.25,10.46,15.16,13.03
2007,5,9,200705,14.82,14.59,15.11,15.56,14.73,21.3,18.88,18.74,18.45,16.9,15.81,20.3,16.13,15.48,18.3,17.73,20.17,19.51,19.52,22.04,19.79,7.27,11.15,14.74,11.59,15.42,10.74
2007,5,10,200705,17.05,18.14,17.54,18.44,18.12,20.37,19.88,17.25,18.08,16.88,18.44,21.07,18.63,18.52,20.65,20.02,22.2,21.63,21.59,21.65,19.36,9.82,11.36,15.92,12.68,14.43,10.06
2007,5,11,200705,17,17.81,17.2,18.95,17.88,20.88,19.66,15.43,15.14,13.79,18.78,21.01,20.29,19.58,22.11,21.02,22.97,22.71,22.41,21.16,19.97,11.44,12.09,17.08,13.58,14.06,10.39
2007,5,12,200705,10.97,15.14,12.43,18.55,16.39,17.86,17.91,9.3,10.44,14.31,19.11,20.17,20.47,18.8,23.48,22.56,23.78,22.78,22.23,21.81,20.97,12.08,13.31,17.64,14.14,13.12,11.27
2007,5,13,200705,6.84,10.07,6.81,13.23,9.69,14.83,12.15,7.56,10.29,17.16,19.61,19.34,16.77,14.09,23.17,21.35,24.1,21.53,20.34,22.37,21.37,12.92,13.08,17.56,13.58,12.11,8.17
2007,5,14,200705,6.8,8.25,7.37,10.13,8.63,17.13,12.77,11.83,17.13,19.02,19.76,19.61,11.96,10.99,21.25,16,22.78,19.31,17.78,21.93,21.95,12.67,9.23,16.7,12.86,13.2,8.32
2007,5,15,200705,9.4,12.19,13.14,14.28,14.96,20.39,18.81,17.3,17.2,13.12,15.51,19.88,15.53,16.26,19.45,16.66,22.39,21.82,20.45,21.72,21.59,9.34,7.91,16.25,13.15,14.68,11.73
2007,5,16,200705,11.61,18.07,16.3,19.13,17.56,15.09,17.21,10.36,9.5,10.09,12.18,14.37,18.25,17.53,19.42,18.82,22.24,20.62,18.72,17.97,19.67,8.92,10,16.54,13.42,14.71,12.38
2007,5,17,200705,6.41,12.63,9.71,15.91,11.32,11.61,10.12,7.43,8.52,10.63,13.75,12.63,14.99,12.67,20.27,18.63,23.26,16.18,14.13,15.72,17.04,10.27,12.21,17.25,13.63,14.56,11.42
2007,5,18,200705,5.49,7.89,8.18,11.29,9.73,10.19,9.14,9.46,10.33,15.19,14.91,10.92,11.78,9.86,17.31,15.97,22.4,12.93,11.54,14.9,16.69,10.87,13.64,17.55,13.59,14.63,10.58
2007,5,19,200705,8.82,8.95,8.68,11.38,9.54,13.08,11.36,11.67,14.63,15.8,16.71,13.19,11.05,10.03,15.29,13.23,21.38,13.13,11.95,14.77,17.43,12.01,13.24,17.49,14.34,14.65,10.48
2007,5,20,200705,11.43,11.57,11.02,13.77,12.28,16.5,14.8,10.47,11.84,14.48,18.34,16.04,13.17,12.82,16.21,14.73,20.82,15.92,14.69,16.96,19.07,12.58,12.22,17.01,14.23,14.42,7.86
2007,5,21,200705,8.73,11.79,9.96,14.23,11.73,17.68,16.29,9.89,13.59,18.1,18.96,17.18,16.1,15.54,17.76,17.22,21.45,18.01,16.52,19.23,20.51,12.01,10.41,15.77,13.01,13.41,6.02
2007,5,22,200705,8.69,11.12,9.8,13.26,12,18.2,17.5,15.45,17.74,19.01,19.36,19.08,16.66,15.51,19.42,19.19,22,19.29,17.94,20.91,21.43,9.99,5.88,14.43,9.8,12.2,6.68
2007,5,23,200705,9.45,12.22,13.89,14.08,15.74,19.97,19.28,18.52,19.15,17.19,17.87,20.15,17.34,17.3,20.02,19.08,22.28,20.01,19.03,21.66,22.31,6.13,5.04,14.05,9.72,12.07,8.77
2007,5,24,200705,14.32,16.04,17.82,15.64,17.57,20.1,19.8,19.42,18.91,12.19,14.36,19.91,16.95,17.46,20.51,18.65,22.01,20.98,19.37,21.62,22.8,5.14,5.77,13.18,10.02,13.29,10.57
2007,5,25,200705,20.02,20.26,19.53,18.33,19.15,19.17,20.35,15.75,12.22,10.57,13.86,18.45,17.95,18.58,20.38,19.19,22.08,20.93,19.7,21.05,20.97,8.1,8.13,15.4,12.9,14.9,11.3
2007,5,26,200705,18.46,19.63,17.39,21.32,19.47,20.64,20.2,13.08,13.75,12.06,17.38,20.82,20.3,19.99,20.54,20.13,22.31,21.37,20.71,21.65,20.55,10.17,8.65,15.94,14.37,15.68,12.28
2007,5,27,200705,12.63,15.73,15.16,21.1,19,20.67,20.08,15.09,13.19,11.01,17.5,20.72,21.16,20.58,20.79,20.49,22.61,21.59,21.02,21.52,21,11.75,11.69,16.12,14.94,15.47,12.61
2007,5,28,200705,14.73,17.86,16.89,21.48,19.15,20.61,20.11,13.42,12.97,15.83,19.65,21.08,20.65,20.18,21.81,21.17,23.18,22.22,21.76,21.99,21.45,12.83,11.88,15.48,13.94,14.11,7.72
2007,5,29,200705,13.23,14.99,13.31,17.61,15.36,22.24,20.48,16.81,19.78,19.45,19.71,21.28,20.67,19.48,22.1,21.56,23.51,21.9,21.43,21.58,22.11,11.89,8.66,15.69,12.66,14.92,10.63
2007,5,30,200705,13.81,15.75,15.63,17.62,17.38,21.9,21.82,21.32,21.13,17.42,17.35,20.78,20.66,19.89,21.03,21.25,23.18,22.05,20.84,21.38,22.71,7.96,8.26,15.71,12.67,15.66,13.41
2007,5,31,200705,14.81,17.5,19.51,19.68,20.59,21.11,21.65,21.37,20.08,15.25,15.9,20.27,21.18,20.91,21.68,21.52,23.07,21.88,20.39,21.8,22.9,8.5,9.57,16.66,14.16,15.96,14.9
2007,6,1,200706,15.86,18.19,20.53,21.64,21.79,22.08,21.76,20.01,19.48,15.84,17.43,21.06,22.02,21.44,22.88,22.15,22.8,22.63,22.22,23.33,23.69,9.53,11.04,17.01,15.21,16.87,15.58
2007,6,2,200706,17.87,21.01,20.16,22.48,21.65,22.38,22.25,20.49,18.79,16.3,15.69,21.67,21.51,21.33,21.36,21.33,22.53,22.96,22.35,22.89,23.48,10.7,12.77,17.65,15.89,17.22,16.47
2007,6,3,200706,16.96,19.61,20.49,20.69,21.09,20.31,22.09,20.03,18.04,17.28,16.93,19.03,19.78,20.18,21.05,20.2,23.6,23,22.02,22.3,24.01,12.1,14.33,18.55,16.64,17.05,17.61
2007,6,4,200706,13.26,16.44,17.6,19.2,18.23,18.42,19.08,17.1,16.35,17.48,18.09,19.48,19.76,18.76,22.82,21.77,24.83,22.11,20.43,21.81,23.63,12.38,15.28,19.36,16.3,17.27,16.75
2007,6,5,200706,15.77,18.31,16.99,20.42,16.96,18.3,16.74,11.24,12.53,13.88,18.22,19.3,19.53,18,22.87,22.82,24.94,21.96,20.8,21.95,23.18,13.41,14.87,19.25,15.84,15.37,11.81
2007,6,6,200706,13.98,15.16,10.48,16.42,12.76,17.16,14.94,10.49,12.51,15.74,20.02,19.56,18.15,16.29,23.79,22.35,25.73,22.21,21.37,22.66,23.55,13.17,11.89,16.27,12.07,10.49,6.92
2007,6,7,200706,9.74,11.92,11.14,14.88,14.62,22.68,19.78,16.98,19.15,17.92,19.95,23.42,19.19,17.96,25.02,23.28,25.83,24.17,22.74,24.86,24.76,6.59,6.96,11.58,9,10.04,7.2
2007,6,8,200706,14.22,17.6,19.52,20.63,21.26,22.6,23.63,19.7,16.07,12.38,13.25,21.11,23.78,22.4,25.96,25.7,25.84,25.93,24.98,24.01,24.24,6.07,8.05,13.37,10.58,12.05,9.98
2007,6,9,200706,16.59,18.03,19.72,22.92,20.29,16.67,18.15,13.88,13.64,15.43,15.64,17.24,23.32,21.94,26.27,25.75,25.86,25.32,23.11,23.06,24.84,10.77,11.4,15.97,14.21,14.38,12.02
2007,6,10,200706,16.3,15.68,16.29,18.5,16.27,18.24,16.56,16.32,17.25,18.8,21.8,20.63,19.65,17.62,24.52,23.39,26.67,23.8,20.53,26.06,25.4,14.01,12.91,16.75,15.89,16.06,11.26
2007,6,11,200706,17.96,17.55,17.66,19.07,17.15,20.17,17.7,18.6,19.45,21.76,22.99,22.2,19.41,18.03,25.16,22.45,26.49,22.61,20.27,25.96,25.22,14.36,13.04,16.6,15.4,15.65,8.71
2007,6,12,200706,18.73,18.92,19.33,20.72,18.42,20.2,18.51,19.45,20.28,22.35,23.33,22.16,19.83,18.4,24.45,22.28,26.31,23.04,20.22,25.48,23.95,13.96,12.63,16.41,14.36,15.69,9.47
2007,6,13,200706,15.43,15.68,19.69,19.16,19.89,20.56,20.3,20.52,20.12,20.17,21.27,20.82,19.53,19.28,22.76,21.3,24.79,22.17,19.69,24.27,24.09,11.69,12.33,18.07,15.36,17.97,12.29
2007,6,14,200706,13.32,12.52,16.12,14.61,16.99,21.85,21.35,20.91,20.6,19.7,19.25,21.31,17.39,17.85,22.11,20.05,23.7,22.89,21.18,23.34,23.89,11.65,13.25,19.23,16.18,19.1,10.93
2007,6,15,200706,15.27,14.29,16.97,15.38,16.13,22.46,19.57,20.79,21.2,20.23,20.34,22.32,16.06,16.11,22.17,18.49,24.33,23.2,21.99,23.72,23.88,13.31,13.23,20.16,17.03,19.21,11.93
2007,6,16,200706,16.84,16.62,18.23,17.41,17.48,22.5,19.12,20.5,21.62,20.07,22.03,23.21,17.73,17.39,23.07,20.1,25.19,23.66,22.65,23.69,23.67,15.89,15.18,20.27,18.02,18.44,12.19
2007,6,17,200706,17.89,18.97,18.73,20.59,19.28,24.1,21.8,20.55,21.43,20.97,22.05,23.5,20.43,19.55,24.68,23.29,25.66,23.98,22.17,23.95,23.12,16.04,14.18,18.83,16.93,16.72,9.35
2007,6,18,200706,16.89,19.21,18.87,22.24,21.46,23.49,23.51,21.83,22.23,19.93,21.16,23.14,22.55,22.56,25.78,24.76,26.27,25.02,23.97,24.14,24.68,13.69,9.76,18.66,15.71,17.37,10.45
2007,6,19,200706,16.15,18.63,20.66,22.49,22.64,23.23,23.2,20.18,17.56,15.73,20.66,23.43,23.53,22.9,25.28,25.13,26.27,24.4,24.07,25.84,26.42,13.55,11.97,18.99,16.95,17.97,12.82
2007,6,20,200706,17.56,19.47,19.33,22.23,19.98,19.26,18.16,15.69,16.59,18.08,22.65,21.62,22.57,20.78,24.29,24.45,26.08,23.73,22.7,25.93,25.99,16.34,15.56,19.67,17.75,17.3,15.63
2007,6,21,200706,16.18,16.26,14.91,17.14,15.47,21.52,18.83,17.6,18.84,20.61,23.66,23.12,18,16.83,23.41,21.74,25.49,21.22,19.76,24.53,24.2,16.95,16.83,20.19,17.96,17.24,15.14
2007,6,22,200706,13.88,15.74,14.59,18.26,15.48,23.34,19.41,14.79,18.04,21.82,23.67,23.85,18.75,17.63,23.92,22.37,25.75,23.07,21.78,24.01,24.67,16.99,16.78,20.56,18.25,17.74,13.69
2007,6,23,200706,11.77,13.04,11.64,14.88,12.61,22.1,17.44,15.78,17.99,22.48,23.72,23.67,17.83,15.45,24.19,22.75,26.4,23.65,23.51,24.69,24.54,16.15,16.52,20.52,17.92,17.12,11.15
2007,6,24,200706,12.91,13.49,13.09,15.45,14.8,23.02,20.07,18.28,19.62,22.02,23.3,23.95,19.79,17.65,24.95,24.05,26.8,24.12,24.09,24.54,24.44,16.63,15.5,20.54,17.37,16.42,10.01
2007,6,25,200706,15.8,18.84,18.66,19.87,19.54,24.04,22.65,21.3,21.96,23.33,23.94,24.83,23.41,21.68,25.5,25.12,26.65,24.92,24.24,24.56,24.77,16.87,14.65,19.52,16.55,15.59,8.92
2007,6,26,200706,20.83,22.19,21.68,24.64,23.08,24.79,24.17,23.41,24.12,22.41,23.49,24.69,24.41,23.6,25.4,25.17,26.16,25.2,24.46,24.3,25.1,16.88,11.47,19.76,16.89,17.35,11.23
2007,6,27,200706,22.67,24.03,23.34,25.62,24.2,25.19,24.54,23.03,22.1,17.28,21.14,24.2,24.3,23.95,25.25,25.05,25.88,25.94,24.99,24.47,25.13,15.8,13.71,20.37,17.67,17.46,14.13
2007,6,28,200706,22,23.34,21.87,25.27,23.01,23.17,23.9,17.07,16.19,15.18,19.32,23.52,24.42,23.57,25.31,25.17,25.58,25.73,25.24,24.32,23.9,15.48,15.8,20.51,17.58,17.36,14.9
2007,6,29,200706,14.95,18.16,15.52,22.68,19.44,20.52,21.4,14.31,14.72,17.18,18.78,22.79,23.89,22.35,25.89,25.57,25.78,26.18,25.82,24.78,23.75,14.86,17.48,20.42,17.56,17.96,13.77
2007,6,30,200706,13.05,15.73,13.92,20.32,16.17,20.02,18.67,15.16,16.53,18.96,20.53,22.88,22.94,20.78,26.44,25.19,26.66,25.89,24.76,25.32,24.27,15.76,16.78,20.32,17.56,17.72,12.24
2007,7,1,200707,11.52,14.87,12.85,18.31,14.47,19.59,17.77,13.63,15.61,19.63,21.14,22.44,20,17.34,27,24.43,27.34,25.34,24.21,24.83,24.54,16.47,16.47,20.82,18.69,18.29,14.27
2007,7,2,200707,11.49,12.97,11.73,15.07,12.53,18.92,15.77,13.36,15.91,21.36,22.41,21.81,17.48,15.45,25.43,21.65,27.04,24.08,22,24.41,24.55,17.3,17.75,21.51,18.73,18.35,14.93
2007,7,3,200707,13.13,14.61,14.42,16.17,14.22,19.63,16.75,16.73,19.84,23.14,23.71,22.61,17.98,16.38,23.54,20.93,26.27,23.79,21.85,24.72,24.63,17.47,16.97,21.19,18.61,19.19,15.38
2007,7,4,200707,15.74,17.25,16.06,19.07,17.44,23.23,20.08,19.39,22.78,22.5,24.42,24.44,20.74,19.81,23.23,21.66,25.06,24.5,23.85,24.94,24.08,17.39,17.46,21.25,19.54,21.03,17.56
2007,7,5,200707,16.58,18.42,18.3,22.08,21.08,25.09,23.9,20.27,20.73,21.25,22.99,25.09,22.02,22.18,23.42,22.63,25.44,24.9,24.49,24.96,23.71,16.71,18.61,22.06,19.73,22.87,19.04
2007,7,6,200707,17.92,20.15,18.61,22.61,19.93,23.29,22.15,18.98,19.95,20.72,22.92,23.89,23.08,22,25.04,24.83,26.38,25.13,24.97,25.01,23.44,16.43,20.07,22.82,19.33,22.99,19.1
2007,7,7,200707,16.31,18.3,17.75,21.16,19.08,23.29,21.76,19.69,21.14,23.15,23.45,23.63,22.2,21.1,25.67,25.24,27.18,24.66,24.61,24.65,24.25,17.13,20.04,23.39,19.5,21.73,17.31
2007,7,8,200707,16.62,20.65,19.39,22.44,20.22,24.94,22.8,23.08,25,24.25,23.67,24.26,22.93,21.49,25.53,25.16,27.38,24.81,24.65,25.47,25.25,17.14,18.09,23.18,19.48,20.59,15.46
2007,7,9,200707,16.29,21.6,22.89,24.04,22.57,25.03,24.18,23.11,22.78,20.99,24.31,25.04,24.2,22.91,26.04,26.12,27.6,25.66,25.43,25.57,26.24,16.8,17.06,22.79,20.03,20.5,16.16
2007,7,10,200707,19.27,23.38,23.95,25.08,23.8,25.57,24.51,21.99,21.36,19.31,22.63,24.57,25.23,23.99,26.33,26.37,28.08,25.82,24.21,25.95,26.88,16.78,16.06,22.3,20.02,20.27,18.28
2007,7,11,200707,21.54,23.12,22.69,24.68,22.39,20.72,22.53,18.15,15.92,15.94,19.2,21.29,23.62,22.6,26.75,25.85,28.18,25.81,24.44,25.55,26.45,16.69,16.46,22.29,19.94,20.47,19.59
2007,7,12,200707,19.75,21.03,17.46,22.12,17.1,18.39,17.37,15.48,14.94,16.56,20.73,19.7,21.03,18.96,25.88,24.4,28.1,24.11,21,25.04,26.01,17.01,17.8,22.29,19.6,19.04,20.11
2007,7,13,200707,16.96,18.2,16.4,19.79,16.91,19.61,18.08,14.74,14.48,17.19,21.67,21.33,18.99,17.71,24.46,23.28,27.87,23.77,20.96,25.35,26.16,16.04,18.69,22.48,19.61,18.93,19.64
2007,7,14,200707,16.02,18.51,16.44,20.24,17.59,20.15,18.89,15.95,17.68,20.76,22.33,22.02,19.6,19.3,25.07,22.04,27.47,24.41,22.88,24.62,25.52,16.54,19.72,22.59,19.52,19.84,19.25
2007,7,15,200707,17.99,20.32,18.57,22.62,19.53,22.14,20.92,15.8,17.14,20.3,23.67,23.84,21.95,21.27,25.14,23.96,27.32,24.27,24.13,24.95,25.1,17.25,19.69,23.46,20.53,20.59,18.58
2007,7,16,200707,18.05,20.64,17.75,23.44,19.37,21.92,20.96,16.87,17.99,21.5,24.3,24.3,23.79,22.88,24.57,25.17,27.01,24.27,23.93,24.97,25.01,17.83,19.71,23.49,20.61,20.28,17.51
2007,7,17,200707,17.64,20.37,17.93,23.22,18.97,24.14,21.4,18.94,21.44,23.45,25.05,25.62,23.82,22.4,26.08,25.7,27.19,24.94,24.4,25.32,24.93,18.53,19.75,23.6,20.52,18.93,17.51
2007,7,18,200707,17.56,19.59,17.67,22.11,20.07,25,23.42,21.17,23.38,23.71,25.18,25.79,24.33,22.9,26.54,26.14,27.59,25.68,25.03,25.63,24.13,18.75,19.81,23.16,19.51,17.91,16.6
2007,7,19,200707,18.2,20.53,19,24.04,21.92,25.74,24.6,20.38,21.29,21.09,24.76,25.31,24.2,23.55,26.21,26.03,27.71,26.18,25.6,25.16,23.87,18.76,19.62,23.03,18.56,17.26,14.52
2007,7,20,200707,17.49,20.95,17.12,22.87,18.73,20.44,18.72,15.25,15.36,18.21,23.48,24.08,23.3,21.33,26.15,25.57,27.89,25.36,24.46,25.51,24.04,18.3,18.75,22.92,18.61,17.78,14.33
2007,7,21,200707,16.26,17.03,15.81,18.5,15.64,17.46,16.25,15.83,17.24,20.91,24.69,21.96,18.41,16.66,24.77,22.66,27.71,23.17,20.57,25.34,24.07,18.33,19.09,22.79,18.92,19.03,15.24
2007,7,22,200707,17.21,17.96,16.35,19.52,16.15,18.14,16.96,17.39,18.31,24.54,25.01,20.37,18.39,17.31,24.23,20.53,26.05,21.63,18.77,24.69,24.23,18.35,19.55,22.51,19.49,20,17.43
2007,7,23,200707,17.01,17.09,16.78,18.2,16.43,18.77,17.69,18.93,21.44,26.32,25.36,20.26,19.07,17.64,22.99,20.81,25.47,21.56,20.13,22.95,24.69,18.79,20.57,22.69,20.22,21.28,18.67
2007,7,24,200707,19.29,19.94,17.79,18.18,16.84,19.8,18.14,19.69,23.5,26.23,24.65,21.37,19.74,18.21,23.31,21.87,25.55,23.16,22.42,23.32,24.57,18.65,20.96,22.68,20.39,21.36,16.96
2007,7,25,200707,20.92,20.8,19.16,21.37,18.93,21.38,18.87,20.89,24.05,25.77,24.49,22.46,20.93,19.6,24.34,22.67,26.42,24.23,23.69,24.13,23.8,18.6,19.81,22.42,19.65,21,16.05
2007,7,26,200707,21.45,21.31,20.75,22.25,20.59,22.92,20.68,21.12,23.97,24.88,23.91,23.65,22.54,21.17,25.39,24.03,27.12,24.89,24.11,24.59,23.53,18.11,18.69,22.15,19.79,20.57,17.57
2007,7,27,200707,22.11,22.6,21.53,23.49,21.45,24.18,22.88,21.94,24.04,21.83,24.03,24.7,23.32,22.25,25.98,25.35,27.3,25.64,24.92,25.15,23.95,17.73,18.18,22.57,19.98,20.62,17.46
2007,7,28,200707,21.51,21.87,20.73,23.93,21.57,24.36,23.61,21.69,21.18,20.81,23.46,25.43,23.46,22.77,25.68,25.21,26.8,25.9,25.3,25.41,24.48,17.25,18.6,22.45,19.79,20.33,17.31
2007,7,29,200707,20.58,22.2,20.58,24.16,22.06,23.88,22.94,20.28,21.29,22.19,23.26,25.11,23.86,23.25,26.27,24.78,27.11,26.07,25.2,26.02,24.87,17.4,18.99,22.53,19.66,19.83,17
2007,7,30,200707,20.66,21.87,20.43,23.18,21.86,23.38,22.85,20.75,21.65,23.16,23.26,24.96,23.2,22.23,26.88,25.12,26.79,26.22,24.71,26.19,24.97,17.26,19.27,22.73,19.82,19.89,15.33
2007,7,31,200707,20.4,21.65,20.21,23.95,21.36,22.92,22.1,22.65,22.44,24.05,23.63,24.43,23.55,23.04,26.24,24.67,26.76,25.94,24.95,26,25.52,17.72,19.05,22.57,19.88,20.53,14.89
2007,8,1,200708,20.68,22.22,21.85,23.93,21.6,24.38,22.94,24.04,23.14,23.84,24.27,24.82,23.31,22.21,26.22,25.23,26.57,26.01,25.74,25.92,26,18.29,17.61,22.66,20.41,20.4,16.21
2007,8,2,200708,21.96,23.45,23.35,24.92,23.57,24.95,24.37,23.81,22.97,20.61,23.99,25.16,23.3,23.02,25.6,24.82,26.28,26.19,25.59,26.21,26,17.72,17.42,22.61,20.08,20.67,17.03
2007,8,3,200708,23.44,24.61,23.56,24.82,23.35,24.87,24.4,20.71,18.4,20.6,23.91,25.64,23.82,23.4,25.12,25.22,26.97,26.35,25.78,26.29,25.27,17.68,18.34,22.99,19.35,21,16.15
2007,8,4,200708,21.72,23.75,21.39,25.63,22.93,23.98,23.15,18.34,18.51,20.93,24.85,26.49,24.42,24.06,26.25,25.87,27.6,27.24,26.38,26.9,25.43,18.4,18.1,22.97,19.31,20.23,14.67
2007,8,5,200708,16.69,18.85,17.45,23.2,19.79,25.93,23.65,18.79,18.69,22.11,25.73,26.44,24.5,23.85,27.43,26.53,27.95,27.64,27.35,26.52,25.74,18.73,17.15,22.63,19.48,18.94,14.82
2007,8,6,200708,15.36,18.73,19.43,23.65,22.55,27.85,26.38,22.76,23.37,22.51,26.21,27.02,25.39,24.6,28.06,27.41,28.47,27.66,27.26,26.98,26.32,18.14,16.65,21.09,18.17,16.51,15.19
2007,8,7,200708,18.9,22.76,22.41,26.04,24.27,28.12,27.6,23.3,24.62,22.99,26.23,27.66,26.63,26.24,28.69,28.11,29.08,27.89,27.37,27.49,26.47,17.37,16.4,19.74,17.1,15.83,14.58
2007,8,8,200708,19.18,23.49,23.48,27.26,25.84,28.37,27.31,23.47,23.22,23.14,26.01,27.84,27.15,26.27,28.8,28.81,28.76,28.14,27.74,27.4,26.9,16.7,15.57,20.33,17.22,16.56,14.12
2007,8,9,200708,16.74,20.64,20.6,24.39,24.27,27.28,27.36,21.47,22.59,23.4,26.16,27.3,27.37,26.71,29.3,29.2,28.8,28.13,27.56,27.3,26.33,17.18,15.73,20.99,18.45,17.75,14.33
2007,8,10,200708,15.53,16.96,19.56,23.65,23.46,26.22,25.65,21.86,23.28,23.9,26.25,27.36,26.63,25.3,29.11,28.98,28.88,28.15,27.19,27.1,25.68,18.04,16.11,21.69,18.21,18.24,13.19
2007,8,11,200708,16.95,16.63,17.85,20.34,19.91,25.14,22.74,21.72,23.89,24.39,25.2,26.72,24.39,22.35,29.12,27.43,29.03,26.95,25.78,27.12,26.2,17.71,14.97,22.76,18.82,18.54,13.37
2007,8,12,200708,19.56,20.57,20.35,21.54,20.25,25.84,22.59,22.2,23.9,20.69,25.88,27.08,22.92,21.33,28.26,26.18,28.37,25.76,24.37,27.52,26.97,18.23,16.33,23.74,19.58,18.54,13.93
2007,8,13,200708,19.56,21.15,20.42,23.18,20.89,26.87,23.95,18.14,19.43,21.86,25.88,28.13,22.92,22.37,27.68,25.63,28.11,26.11,24.59,27.42,26.66,19.23,18.15,23.93,19.8,18.92,13.76
2007,8,14,200708,14.77,17.66,15.46,19.94,17.01,24.16,19.38,18.75,22.57,23.85,25.67,27.38,21.11,19.45,27.53,24.89,28.54,26.66,25.56,27.74,26.26,19.19,17.98,23.41,19.57,19.34,15.87
2007,8,15,200708,15.33,18.1,17.38,20.52,18.2,27.2,22.96,20.44,20.57,21.45,25.29,27.43,21.17,19.77,27.56,25.07,28.33,26.89,26.09,27.78,26.24,18.32,17.81,23.24,19.8,19.52,16.93
2007,8,16,200708,17.2,20.5,19.3,23.41,22.12,26.87,25.66,20.46,20.15,19.72,24.78,26.85,24.59,23.66,27.86,27.19,28,27.8,27.07,27.34,25.59,18.26,17.67,23.42,19.88,19.32,16.41
2007,8,17,200708,18.29,21.56,18.49,24.1,21.83,23.5,23.1,16.22,15.04,17.82,24.53,26.23,25.83,24.86,28.17,27.37,27.56,27.6,27.08,26.75,24.91,17.83,18.09,23.28,19.31,18.7,14.02
2007,8,18,200708,13.66,15.68,13.47,18.73,15.22,20.53,17.49,13.47,12.38,17.17,24.94,25.86,20.82,18.43,27.65,26.01,27.11,26.22,25.71,26.59,24.97,17.81,17.71,23.18,18.92,18.35,12.81
2007,8,19,200708,11.4,13.97,13.49,16.13,13.96,23.94,19.56,14.43,15.54,18.51,24.35,26.32,20.61,17.99,26.73,25.62,27.01,26.42,26.28,26.37,26.02,18.09,17.39,23.3,19.15,17.88,12
2007,8,20,200708,11.47,15.11,14.01,18.12,15.83,25.85,23.32,16.02,17.32,19.93,25.48,25.65,23.85,21.87,26.82,26.6,27.63,26.88,26.49,26.85,26.69,17.86,14.39,23.17,18.88,18.73,11.76
2007,8,21,200708,13.37,14.04,13.57,17.58,17.04,25.88,23.75,17.03,19.4,20.81,25.57,26.92,24.58,22.39,28.07,27.65,27.99,27.27,26.25,26.59,26.13,17.02,14.07,23,19.02,19.73,13.77
2007,8,22,200708,13.7,13.84,14.87,17.82,16.9,26.94,25.39,21.54,23.56,20.08,24.37,26.32,23.4,21.75,28.01,27.08,27.69,27.59,27.14,26.83,25.89,17.3,13.85,22.36,19.21,20.34,14.44
2007,8,23,200708,14.3,16.78,18.75,19.96,20.87,26.39,26.1,23.45,21.87,18.24,23.1,25.86,24.01,23.53,28.01,26.69,27.31,27.68,27.93,27.11,25.98,16.25,13.2,22.7,18.67,20.05,14.37
2007,8,24,200708,18.48,21.07,22.35,22.02,23.38,25.91,25.58,22.01,19.51,16.66,21.12,25.69,25.31,24.41,27.7,26.29,27.4,27.42,27.27,26.67,26.17,15.03,12.58,23.33,18.72,20.02,14.86
2007,8,25,200708,22.99,24.5,23.78,25.53,24.68,22.99,23.84,18.95,18.1,15.62,20.16,23.77,26.22,25.02,26.74,26.5,27.2,26.77,26.61,25.99,26.06,15.62,14.03,23.22,19.68,20.45,15.12
2007,8,26,200708,22.44,23.97,20.88,25.71,22.03,20.34,20.79,17.14,16.75,18.99,23.03,21.94,25.46,23.82,26.56,26.25,26.86,25.87,25.4,25.98,25.82,17.39,16.15,22.75,19.58,20.05,13.74
2007,8,27,200708,17.29,19.79,17.94,23.34,18.75,20.76,19.15,18.26,19.33,22,24.82,22.91,23.67,21.56,26.29,25.77,27.06,25.43,24.53,25.48,25.28,16.89,14.9,22.57,19.15,20,11.79
2007,8,28,200708,16.99,18.69,18.35,21.92,19.9,22.98,20.71,20.19,22.68,19.66,23.55,24.87,23.5,22.2,26.23,25.62,27.46,25.77,25.71,25.51,24.9,15.91,13.86,22.89,19.13,20.2,12.56
2007,8,29,200708,18.36,19.59,20.35,21.87,21.69,24.85,23.21,21.84,21.16,16.47,22.13,24.8,24.09,22.95,26.53,25.29,27.55,26.36,26.09,25.77,24.86,15.64,14.44,23.49,19.21,21.81,15.55
2007,8,30,200708,19.69,20.45,21.44,22.04,21.93,23.02,23.53,17.6,15.46,16.5,20.72,23.28,23.36,22.87,26.51,25.26,27.16,26.53,25.96,25.69,24.66,15.99,16.85,23.58,19.3,22.7,18.08
2007,8,31,200708,18.84,20.74,18.46,22.46,19.68,18.79,18.98,16.17,15.96,19.53,20.81,19.96,23.15,21.61,26.03,25.02,27.01,25.28,24.45,24.73,24.76,16.6,18.04,23.61,19.07,22.64,17.8
2007,9,1,200709,15.83,17.62,14.89,20.67,15.54,17.89,16.95,17.24,17.82,20.97,21.01,18.54,21.71,18.99,24.77,24.23,26.92,24.2,23.14,22.93,24.12,16.89,17.65,23.45,19.31,22.39,15.12
2007,9,2,200709,11.8,13.89,13.31,17.11,14.89,18.88,17.79,18.56,18.56,20.75,21.1,19.71,19.19,18.15,24.08,22.76,27,24.28,23.98,23.24,23.44,16.68,17.2,23.2,19.06,21.57,15.41
2007,9,3,200709,15.35,16.56,16.23,19.61,18.25,22.13,20.84,18.72,19.25,20.89,21.55,22.04,20.87,20.83,23.89,22.59,26.61,25.08,23.97,24.51,23.44,16.53,17.93,22.4,18.69,21.52,15.77
2007,9,4,200709,14.87,18.31,16.82,21.02,19.13,23.39,21.97,19.06,21.23,22.14,21.54,24.07,21.7,20.63,24.7,23.64,26.4,25.09,24.86,24.97,23.2,16.18,17.92,21.84,18.63,20.15,15.63
2007,9,5,200709,10.34,13.53,15.04,18.74,19.15,23.68,22.53,20.92,21.64,22.64,22.77,23.97,22.07,21.06,24.81,23.6,26.07,25.3,24.34,24.98,23.62,16.31,16.34,21.9,16.66,17.63,13.79
2007,9,6,200709,12.75,15.45,18.33,19.87,20.89,23.94,22.71,22.24,23.1,21.08,23.01,22.98,22.82,22.03,24.46,23.96,26.49,24.99,23.95,25.35,25.4,16.17,13.94,21.3,16.02,17.92,13.76
2007,9,7,200709,19.54,20.38,21.85,22.29,22.15,24.13,23.49,21.93,21.05,18.2,22.32,24.71,23.24,22.44,24.99,24.1,26.43,25.32,24.6,25.92,25.76,13.93,12.53,20.89,16.76,17.96,12.32
2007,9,8,200709,21.92,22.71,21.97,23.37,21.98,23.08,23.48,18.36,16.04,13.95,19.51,22.71,22.32,22.16,23.65,23.1,25.84,25.08,24.11,25.82,26.03,13.48,11.25,20.73,17.1,18.18,11.1
2007,9,9,200709,17.87,21.84,19.44,22.62,21.81,22.11,22.75,17.66,15.24,12.17,16.78,22.28,22.2,22.15,23.46,23.26,26.03,24.86,24.51,25.57,25.69,12.69,9.52,21.29,17.24,18.96,11.25
2007,9,10,200709,16.25,19.73,17.79,23.5,20.77,19.49,20.69,14.62,12.78,11.81,14.52,20.82,23.52,22.54,24.67,24.25,26.19,24.94,24.42,24.53,24.89,11.69,8.99,20.99,16.18,18.47,12.41
2007,9,11,200709,16.05,17.42,17.55,23.07,19.11,17.27,19.02,13.45,10.61,11.65,13.39,17.69,23.33,21.59,25.26,25.34,26.45,24.27,23.04,21.41,22.7,10.95,11.9,20.94,15.71,18.49,14.25
2007,9,12,200709,14.77,16.95,14.16,18.79,14.5,12.1,13.12,11.78,8.07,9.74,15.73,14.9,19.66,16.66,25.1,24.42,26.6,21.9,19.23,19.9,21.09,12.41,13.17,21.08,16.28,18.4,14.41
2007,9,13,200709,10.33,13.5,13.24,16.22,14.48,14.41,14.09,13.14,11.6,12.35,16.96,17.16,18.18,15.59,24.98,23.83,26.83,21.75,18.71,21.4,22.72,12.89,10.73,20.25,15.99,16.49,14.24
2007,9,14,200709,12.55,15.8,15.56,18.82,16.89,15.95,16.64,13,9.15,7.29,12.49,17.45,21.26,19.03,25.27,23.65,26.85,22.61,21.42,22.65,23.93,11.48,10.39,20.15,15.1,15.12,13.44
2007,9,15,200709,13.85,16.18,13.93,18.85,14.33,8.66,11.13,8.54,5.42,7.49,10.85,9.68,18.65,15.83,24.3,23.47,26.86,19.59,16.81,18.82,23.71,12.77,12.56,20.77,15.15,14.89,12.77
2007,9,16,200709,8.8,10.17,8.95,11.89,9.17,11.38,10.23,9.86,7.98,13.12,16.81,14.54,11.82,10.52,21.31,18.14,26.25,15.66,13,19.59,23.64,15.01,13.28,21.05,15.24,14.56,11.92
2007,9,17,200709,9.38,11.25,9.84,13.39,10.93,17.46,12.25,12.71,14.47,18.24,21.8,20.95,13.51,12.21,21.2,17.25,25.65,18.58,17.76,21.76,23.36,13.95,11.81,19.08,14.16,13.97,11.19
2007,9,18,200709,10.37,11.72,12.13,14.61,12.78,21.14,16.33,17.13,20.15,19.02,21.16,21.72,15.2,14.6,19.83,17.52,24.4,21.14,19.98,22.54,24.03,11.42,9.52,15.83,13.32,13.98,9.11
2007,9,19,200709,11.62,12.26,13.31,14.64,13.84,21.96,19.16,19.42,19.21,15.03,19.23,22.58,16.32,15.81,19.18,18.77,23.76,20.38,18.88,23.63,24.61,10.78,9.03,16.98,13.49,13.07,8.44
2007,9,20,200709,14.41,15.49,15.96,17.87,16.79,21.56,20.6,16.5,15.12,15.3,22.03,23,18.65,17.45,20.9,20.73,24.27,20.19,19.86,22.99,23.87,13.55,10.36,16.67,14.07,10.96,8.87
2007,9,21,200709,16.47,17.87,18.69,19.51,18.87,22.8,20.36,18.28,19.51,18.2,21.92,22.11,19.8,18.67,22.89,21.85,25.56,21.27,20.62,21.67,23.34,13.7,9.89,17.37,14.34,12.31,9.97
2007,9,22,200709,17.11,17.77,19.19,19.68,19.42,20.11,20.24,16.96,14.91,13.18,18.68,21.15,21.68,20.78,24.9,23.9,26.21,23.86,23.25,22.86,24.02,13.52,11.27,17.38,14.71,13.19,11
2007,9,23,200709,15.23,18,14.98,20.84,17.12,18.99,18.39,13.95,14.04,17.84,21.7,21.81,22.4,21.29,25.37,24.99,26.08,24.56,24.05,23.82,23.29,14.15,10.9,15.31,12.99,11.43,7.93
2007,9,24,200709,11.48,14.56,14.1,16.05,14.54,23.06,19.92,17.44,19.49,19.75,20.65,24.04,20,18.46,25.13,24.05,25.68,24.87,24.66,23.95,23.33,9.61,6.63,13.66,10.63,11.5,7.19
2007,9,25,200709,15.43,17.04,16.92,18.28,17.94,24.31,23.46,21.89,19.97,13.03,15.91,22.76,20.49,20.63,24.22,22.38,25.49,25.44,25.03,23.83,23.31,6.47,5.24,13.68,9.98,12.63,8.3
2007,9,26,200709,20.4,21.26,21.38,21.72,21.74,20.04,22.21,16.66,12.25,11.36,13.7,19.75,21.97,22.02,22.99,23.01,25.03,23.75,23.64,22.78,23.52,7.54,7.25,14.93,11.31,13.8,9.89
2007,9,27,200709,19.42,21.76,19.71,22.27,21.17,17.76,18.7,13.82,11.41,12.37,15.56,19.19,22.85,21.53,24.03,23.42,25.27,23.4,22.62,23.34,24.31,8.47,8.56,15.85,12.27,14.53,11.61
2007,9,28,200709,17.94,19.6,16.51,20.49,16.84,15.41,15.77,13.5,11.96,11.81,15.6,16.96,20.12,18.18,24.06,22.54,26.14,21.79,19.96,22.1,24.12,10.52,10.25,16.43,13.36,13.66,9.91
2007,9,29,200709,12.64,14.37,12.4,14.81,12.21,15.6,14.01,12.84,12.26,15.63,19.51,17.12,14.17,13.44,20.2,16.85,25.83,18.02,15.72,19.86,22.8,12.57,9.16,16.31,12.16,10.91,5.21
2007,9,30,200709,8.56,11.7,11.68,14.92,12.98,16.59,14.79,15.72,16.25,16.41,18.76,17.72,14.77,14.44,17.91,15.78,23.88,19.01,16.83,21.62,23.58,9.04,4.88,14.66,10.14,11.45,6.51
2007,10,1,200710,10.51,12.46,13.95,16.18,14.17,19.58,16.28,15.54,16.82,13.57,14.57,19.09,15.86,15.35,18.69,18.33,23.33,18.56,17.09,22.49,23.83,8.86,7.74,17.87,12.28,13.28,7.78
2007,10,2,200710,12.59,13.5,14.55,17.06,14.83,19.24,17.91,16.56,16.35,14.87,18.21,19.11,17.85,16.01,20.46,20.48,23.94,19.97,18.73,23.62,24.17,10.13,6.57,17.98,11.9,13.36,7.64
2007,10,3,200710,14.47,16.56,17.53,20.27,18.19,19.51,18.6,16.84,14.98,12.14,13.59,19.45,20.38,18.72,22.52,22.51,25.29,20.46,19.69,21.95,23.11,8.48,6.95,18.14,12.58,13.99,7.04
2007,10,4,200710,16.85,18.95,17.48,21.55,19.03,18.39,19,14.41,13.77,13.34,16.67,19.94,21.54,20.67,23.31,22.76,26.16,23.66,22.81,22.83,23.35,10.66,6.86,18.4,13.03,12.23,5.03
2007,10,5,200710,15.21,19.54,17.65,21.39,19.78,22.5,21.58,17.92,18.19,14.17,20.89,23.1,22.26,21.5,23.25,23.16,25.53,24.16,23.13,24.16,23.4,12.32,7.35,16.95,12.03,8.72,4.16
2007,10,6,200710,14.93,19.77,19.09,21.03,20.43,23.97,22.68,21.49,21.65,16.75,22.16,23.73,21.37,21.11,23.7,23.06,25.4,24.28,22.98,24.63,23.16,12.44,5.46,11.49,9.39,6.73,4.09
2007,10,7,200710,11.39,17.68,18.13,21.76,20.89,24.51,23.41,22.12,22.21,16.52,20.45,24.34,22.15,22.18,23.77,23.11,25.27,24.37,23.27,24.47,23.24,6.53,3.2,7.49,6.99,8.65,7.65
2007,10,8,200710,9.16,15.97,17.99,21.3,21.22,23.4,23.28,22.34,21.16,12.82,14.91,22.73,22.72,22.22,23.8,23.34,25.68,24.33,22.91,24.03,22.73,4.43,5.83,9.84,7.53,11.28,8.88
2007,10,9,200710,11.1,16.05,18,22.07,21.29,17.92,19.96,16.2,11.27,9.89,13.83,17.3,22.52,21.61,23.46,24.06,25.29,23.85,22.51,21.06,21.95,8.04,8.32,13.77,10.27,11.67,10.4
2007,10,10,200710,10.57,12.93,14.71,19.14,15.35,10.78,11.27,9.33,6.45,6.81,12.67,13.13,20.01,17.15,22.87,22.6,25.26,18.82,16.19,18.38,20.84,9.62,9.17,15.6,11.82,10.69,10.3
2007,10,11,200710,11.55,14.04,12.19,17.35,10.61,9.95,9.02,8.86,7.52,6.16,10.34,8.8,12.54,11.11,15.89,15.81,24.3,13.28,9.67,16.16,20.93,10.2,7.28,13.77,11.36,10.16,6.9
2007,10,12,200710,10.93,13.76,9.38,11.87,9.1,10.52,10.13,6.49,6.06,8.07,12.7,10.68,10.51,9.95,12.4,11.05,21.16,12.36,11.14,15.19,20.6,10.11,7.27,13.49,11.9,10.43,8.59
2007,10,13,200710,7.23,7.5,6.1,8.77,7.11,12.02,10.06,7.26,7.57,10.04,15.57,14.48,10.76,9.21,14.97,12.85,21.69,13.91,12.9,16.95,20.66,9.09,7.63,11.18,10.82,10.28,8.55
2007,10,14,200710,6.48,8.57,7.53,10.98,9.39,15.51,12.16,8.32,8.87,9.37,14.45,16,11.86,10.6,17.28,15.03,22.6,16.11,15.27,17.61,21.22,6.07,6.74,11.18,9.03,12.03,8.95
2007,10,15,200710,6.14,8.61,8.92,12.42,10.82,15.39,14.27,10.62,10.51,8.32,11.04,15.07,13.73,12.88,19.04,16.44,23.77,18.38,16.6,18.07,20.4,4.24,6.48,11.9,8.75,11.97,9.55
2007,10,16,200710,7.05,9.34,9.29,13.96,13.1,16.6,16.28,12.89,12.8,8.51,9.74,15.38,15.67,15.43,20.74,17.89,24.54,20.72,19.22,18.21,20.26,5,6.44,11.77,8.64,10.08,7.85
2007,10,17,200710,6.76,9.63,11.95,16.69,16.23,15.32,17.52,14.25,12.91,10.07,13.45,15.31,17.93,18.06,23.13,20.68,24.78,22.15,20.95,20.54,21.32,5.93,5.36,10.08,6.98,8.98,4.4
2007,10,18,200710,10.25,15.61,15.49,18.81,17.24,19.95,19.17,15.3,15.13,11.91,12.78,19.24,19.5,18.34,23.63,22.13,25.73,22.59,21.24,20.35,19.02,2,2.46,10.02,5.19,9.29,4.22
2007,10,19,200710,13.4,17.17,18.2,20.81,18.72,14.85,17.8,15.1,11.65,9.64,9.35,13.45,21.02,19.5,22.2,22.94,25.96,20.54,18.84,15.55,15.79,3.15,4.55,11.34,8.05,12.23,7.48
2007,10,20,200710,16.23,17.69,14.55,18.49,14.25,12.54,13.57,11.81,10.19,9.56,12.87,12.51,16.39,14.8,17.05,18.51,23.82,14.83,13.88,14.89,16.97,8.09,5.98,13.64,9.32,11.47,4.74
2007,10,21,200710,12.43,13.55,12.4,13.99,11.97,15.98,14.16,13.79,12.98,9.21,11.89,16.61,13.82,13.24,16.49,16.06,23.11,15.72,14.55,17.67,19.81,3.16,0.96,10.18,5.36,8.28,3.96
2007,10,22,200710,14.15,15.01,14.33,15.98,13.81,14.17,14.38,13.5,10.78,6.73,6.95,13.2,15.96,15.28,20.84,19.38,25.26,18.93,15.39,15.82,14.73,-3.34,0.97,5.01,2.21,9.2,7.29
2007,10,23,200710,14.71,16.83,15.4,19.08,16.79,10.23,14.57,9.57,6.04,6.93,7.16,8.9,19.78,18.68,23.38,21.98,25.74,18.45,17.43,10.3,9.28,1.39,5.87,8.41,5.74,12.35,10.79
2007,10,24,200710,12.22,15.81,11.61,19.37,13.18,8.42,9.73,7.27,5.69,7.74,10.64,8.53,19.91,16.13,17.69,21.92,22.3,11.37,12.94,10.3,12.14,4.33,7.7,12.05,8.86,14.02,11.26
2007,10,25,200710,7.88,10.26,9.02,13.95,10.32,7.03,9.32,5.78,3.93,7.94,8.46,5.83,14.86,12.2,15.03,18.38,19.33,10.32,10.74,8.64,11.76,5.6,7.97,13.78,9.85,13.86,6.62
2007,10,26,200710,6.15,8.1,7.79,13.3,10.13,10.66,13.28,9.22,6.17,6.9,7.55,8.64,15.46,13.69,16.69,16.9,21.29,12.79,12.08,9.62,11.45,5.49,4.93,13.75,9.69,12.36,2.61
2007,10,27,200710,9.76,14.35,12.51,18.55,13.49,11.21,11.84,10.55,7.62,4.79,7.19,10.62,16.7,14.69,16.08,17.64,21.93,12.02,11.74,11.4,12.4,3,2.74,13.43,9.01,12,3.58
2007,10,28,200710,9.53,11.1,7.22,11.02,7.49,6.86,7.32,4.65,3.66,3.73,6.45,8.06,10.2,9.23,14.47,13.7,21.59,12.4,12.21,11.66,12.33,3.71,4.72,13.87,9.24,13.04,5.79
2007,10,29,200710,1,3.08,3.19,6.2,4.65,6.54,5.4,6.05,5.52,7.1,9.55,7.54,5.83,5.02,13.04,9.91,20.59,10.59,8.37,11.62,12.95,5.73,6.67,13.77,9.76,13.87,7.37
2007,10,30,200710,3.33,5.59,6.49,7.19,5.57,8.98,7.36,8.28,8.79,10.16,12.53,10.31,7.13,7.08,12.33,9.2,21.43,11.65,9.54,12.45,13.53,6.64,6.91,12.7,9.17,12.04,6.05
2007,10,31,200710,5.79,9.55,8.28,9.78,7.58,11.03,9.18,9.98,9.91,7.61,9.93,11.74,9.31,9.17,15.39,12.21,22.7,14.21,11.33,14.71,14.68,4.68,2.51,11.55,7.55,10.9,3.52
2007,11,1,200711,9.09,11.68,8.47,13.05,8.53,6.17,8.91,5.07,2.73,3.15,4.48,6.83,12.98,10.88,18.72,17.26,22.62,16.35,14.87,14.07,13.91,1.73,2.31,11.62,6.48,11.09,4.27
2007,11,2,200711,3.46,5.86,3.97,7.89,3.93,4.66,4.3,4.41,3.45,4.31,5.26,5.23,8.82,5.89,16.04,13.76,21.38,12.62,9.62,12.77,14.45,1.82,0.7,10.7,6.42,10.59,2.78
2007,11,3,200711,1.97,4.96,3.14,8.72,3.87,6.32,5.78,5.11,2.72,2.35,4.37,7.45,7.36,5.84,12.72,10.23,18.61,11.25,8.58,13.47,15.43,0.58,0.93,10.69,5.62,10.77,4.49
2007,11,4,200711,3.3,5.24,3.77,6.99,4.49,6.09,5.25,4.24,3.31,4.16,7.92,7.84,6.78,5.82,10.66,9,15.85,9.93,8.2,14.01,17.32,2.85,3.52,11.38,6.53,10.79,7.01
2007,11,5,200711,2.84,5.58,5.2,7.36,5.42,7.61,6.16,5.03,4.06,3.95,8.68,11.56,7.82,6.76,10.97,8.94,15.26,12.68,10.6,16.77,18.29,3.03,2.42,12.69,7.42,11.1,6.67
2007,11,6,200711,4.66,7.92,5.42,8.92,4.77,2.76,3.73,3.33,0.72,-0.66,0.83,2.53,7.83,6.17,12.36,10.91,17.11,10.7,8.16,9.85,13.5,0.43,1.61,12.89,6.33,11.01,6.17
2007,11,7,200711,3.17,3.85,2.08,4.09,1.61,0.62,1.87,1.42,-0.86,-0.49,2.08,0.39,2.42,2.46,5.4,4.23,14.51,3.3,1.43,5,10.21,2.35,3.8,12.97,6.95,11.47,6.51
2007,11,8,200711,0.92,2.33,0.63,3.2,0.52,3.65,2.63,2.22,0.71,1.7,7.2,4.91,2.65,1.82,4.1,3.5,12.48,4.45,3.14,7.88,14.01,4.02,5.02,13.33,8.14,11.16,6.86
2007,11,9,200711,0.3,2.51,1.1,4.58,1.52,6.13,4.94,4,1.63,2.49,9.23,8.74,3.99,3.8,7.46,5.54,14.15,8.52,6.84,14.44,17.18,4.48,5.08,12.99,8.58,10.27,6.72
2007,11,10,200711,-0.31,2.22,1.11,4.52,2.38,4.14,4.74,4.2,1.55,3.3,8.97,7.73,5.74,5.09,11.72,8.23,14.96,12.13,8.27,15.91,17.92,5.04,5.41,11.53,8.31,9.36,6.66
2007,11,11,200711,-1.62,-0.23,-0.27,1.08,1.47,8.87,4.67,5.28,5.59,6.64,13.03,13.72,4.99,4.28,8.72,5.9,16.06,11.17,7.69,18.6,18.96,5.23,4.25,10.19,7.76,9.39,3.71
2007,11,12,200711,-1.47,0.5,1.86,3.03,3.76,15.49,11.1,8.63,7.68,5.83,10.61,16.65,8.29,8.07,11.24,8.03,18.21,14.34,12.48,18.78,18.82,4.16,1.52,10.3,5.76,8.09,3.09
2007,11,13,200711,2.24,5.98,6.54,10.18,9.38,12.05,13.42,7,3.76,5.62,7.03,13.52,11.51,11.89,14.47,12.01,19.01,16.56,15.12,18.26,19.14,3.97,3.49,11.67,7.21,10.15,4.14
2007,11,14,200711,3.41,6.16,6.27,9.7,8.56,11.68,12.57,7.7,4.42,3.84,7.14,12.39,13.52,12.28,16.78,15.17,20.06,18.17,17.09,17.87,18.48,3.18,-0.93,11.68,7.03,11.14,1.12
2007,11,15,200711,9.01,12.07,8.98,12.75,8.93,3.7,5.07,3.11,0.28,-0.29,0.41,3.48,11.46,9.56,14.36,14.04,19.56,10.98,8.07,8.16,10.18,-1.66,-1.09,11.55,4.61,12.07,5.16
2007,11,16,200711,5.67,6.15,1.95,4.87,1.75,2.07,1.54,0.78,-0.46,1.55,3.71,2.21,2.42,1.78,3.95,4.15,10.5,3.88,2.76,5.17,8.27,2.66,3.47,12.07,6.25,11.5,6.49
2007,11,17,200711,-0.9,0.44,-0.84,2.72,0.31,3.82,3.12,1.54,0.78,2.05,7.73,5.5,2.5,2.32,4.97,3.8,11.16,7.07,5.08,10.42,14.24,3.69,4.42,11.27,7.58,11.08,6.65
2007,11,18,200711,-1.58,0.02,-0.9,4.71,1.72,5.53,5.23,1.23,0.5,1.17,8.84,7.77,6.62,6.14,10.96,9.4,17.23,13.62,12.16,15.05,16.9,4.42,4.76,11.26,7.61,11.16,5.23
2007,11,19,200711,-2.49,0.28,-1.19,6.19,1.89,10.42,6.48,2.68,4.11,4.51,10.91,12.88,8.56,6.66,15.2,12.62,19.12,14.99,14.29,17.05,17.47,5.25,3.91,11.37,7.32,10.54,3.55
2007,11,20,200711,-2.13,0.42,2.03,7.47,5.74,14.61,13.87,6.41,3.5,1.92,9.04,16.1,10.43,10.45,15.26,13.47,19.58,15.8,14.63,18.01,17.54,4.22,-0.85,10.3,5.75,8.1,0.18
2007,11,21,200711,0.67,2.82,4.06,9.78,9.34,11.95,14.58,5.43,1.46,-2.22,0.44,11.56,13.75,13.25,16.69,14.51,20.07,17.4,15.68,16.18,16.4,-3.99,-6.42,8.06,1.16,5.9,-1.66
2007,11,22,200711,3.06,8.87,5.57,12.89,10.9,2.33,7.52,-0.2,-2.75,-4.55,-4.37,0.94,14.48,12.74,17.72,17.15,20.51,13.72,11.26,5.34,5.32,-8.46,-8.97,6.34,-2.22,4.57,-2.78
2007,11,23,200711,-0.15,3.07,-2.44,4.01,-0.13,-1.52,-0.01,-3.09,-5.2,-5.05,-4.92,-1.6,4.42,1.98,9.59,9.63,18.04,4.37,2.85,1.44,3.07,-7.61,-7.93,5.18,-3.1,3.46,-3.18
2007,11,24,200711,-6.9,-3.96,-4.76,-1.44,-3,-1.76,-1.42,-1.69,-3.33,-3.02,-2.12,-0.59,-0.55,-1.12,5.1,2.06,16.05,2.8,1.01,2.98,4.34,-8.3,-6.4,1.88,-3.02,3.64,-2.25
2007,11,25,200711,-3.57,-1.08,-1.46,1.96,-0.8,-0.62,-0.14,-0.44,-2.32,-0.85,-1.78,1.11,2.98,2.48,10.42,6.96,20.22,8.49,5.38,5.79,4.43,-5.8,-4.02,1.39,-3.12,5.03,-1.09
2007,11,26,200711,0.19,2.42,0.79,6.29,2.37,1,3.33,0.47,-2.37,-2.29,-0.52,2.89,10.23,9.53,16.64,14.03,22.48,14.27,12.68,6.79,5.33,-3.86,-4.97,3.3,-1.08,5.32,-1.72
2007,11,27,200711,3.56,9.28,3.68,11.86,6.3,-0.55,1.72,-1.18,-6.68,-7.91,0.05,2.08,11.35,8.78,13.56,15.32,20.31,8.14,6.8,5.96,7.08,-3.36,-4.14,4.36,0.3,5.66,0.3
2007,11,28,200711,-2.34,1.35,-1.29,2.98,-0.2,0.43,-0.26,-3.72,-7.06,-7.71,1.69,4.26,3.05,1.89,7.94,6.52,17.93,5.87,4.49,7.33,9.11,-3.25,-6.23,5.79,0.62,4.41,-1.51
2007,11,29,200711,-1.93,2.67,0.45,4.31,1.15,0.07,0.93,-3.01,-7.82,-9.27,-1.29,2.08,3.8,2.95,12.38,8.39,20.08,8,5.52,7.55,10.39,-6.19,-7.39,5.51,0.14,5.22,-0.68
2007,11,30,200711,-1.53,1.12,-2.06,1.47,-1.94,-1.74,-2.09,-5.71,-9.98,-10.86,-2.94,-0.01,1.7,-0.32,11.64,8.71,19.56,6.49,2.36,7.29,12.69,-3.7,-8.75,8.86,2.41,4.4,-2.72
2007,12,1,200712,-6.22,-3,-5.55,-0.89,-3.73,-3.35,-3.94,-8.5,-11.51,-9.24,-0.43,2.11,0.67,-1.37,9.81,5.71,18.62,7.06,3.97,11.46,16.65,0.11,-7.38,8.51,2.45,2.5,-5.05
2007,12,2,200712,-10.76,-8.16,-8.88,-2.54,-3.49,6.22,3.06,-1.27,-2.84,-8.13,0.73,10.29,3.12,1.97,11.44,6.8,20.18,12.69,9.03,16.93,17.43,-3.27,-8.61,4.5,-0.16,2.35,-1.73
2007,12,3,200712,-5.05,-0.76,-2.1,5.04,1.12,-3.61,0.7,-1.4,-8.03,-11.55,-2.96,-2.29,7.35,4.99,15.04,13.33,21.01,9.72,5.59,5.84,8.43,-3.39,-3.33,4.93,0.59,6.24,4.44
2007,12,4,200712,-4.69,-4.65,-6.44,-0.86,-3.67,-2.59,-2.59,-4.32,-7.66,-6.05,2.62,0.09,-1,-2.5,3.79,2.21,13.42,1.57,0.04,3.66,6.34,1.67,1.48,6.37,3.26,8.52,6.47
2007,12,5,200712,-6.91,-4.5,-6.19,-1.72,-4.32,-0.86,-2.33,-5.72,-7.89,-8.74,2.46,1.84,-1.08,-2.28,4.99,3.85,12.61,4.57,3.14,7.27,10.2,1.67,-0.09,7.88,4.86,9.54,3.94
2007,12,6,200712,-8.79,-5.67,-8.63,-3.18,-6.17,-5.75,-5.89,-7.07,-15.82,-9.91,-2.26,-2.33,-1.74,-3.82,6.06,3.11,15.25,3,0.1,4.2,10.09,0.41,-2.59,7.45,4.65,7.79,1.8
2007,12,7,200712,-8.61,-4.73,-6.17,-2.78,-5.68,-0.98,-2.74,-4.36,-8.05,-11.77,-1.91,0.45,-2.26,-2.68,7.05,2.91,16.87,6.9,3.57,8.73,14.52,0.33,-4.24,8.46,4.78,6.85,0.47
2007,12,8,200712,-3.37,-0.68,-2.46,0.7,-1.27,-2.33,-0.39,-5.81,-16.72,-16.56,-4.01,1.36,5.25,2.32,15.35,10.99,20.36,14.18,11.86,13.02,16.19,-1.87,-7.1,6.15,3.17,3.31,-1.93
2007,12,9,200712,-8.06,-2.2,-4.89,0.53,-1.04,-2.13,0.38,-5.35,-12.77,-15.51,-7.37,-0.43,8.86,5.37,17.84,14.71,21.28,17.41,16.29,12.69,15.46,-7.13,-9.3,3.21,-0.37,1.83,-4.66
2007,12,10,200712,-8.39,-1.27,-2.74,3.98,0.99,-1.6,2.07,-4.4,-10.47,-12.34,-7.26,-1.47,13.15,10.19,17.7,16.63,20.54,17.73,16.9,9.78,12.37,-6.13,-8.06,4.45,-0.87,2.01,-2.7
2007,12,11,200712,-7.08,-1.84,-2.4,4.09,0.83,0.72,3.71,-2.7,-8,-10.71,-3.05,4.07,13.68,10.43,17.8,16.49,21.06,17.51,16.84,13.45,16.12,-4.96,-9.41,3.29,-1.76,1.26,-4.66
2007,12,12,200712,-1.5,2.34,0.57,8.25,4.65,0.43,4.89,-3.42,-11.85,-11.47,-4.88,2.1,14.18,11.85,18.25,17.12,21.13,17.12,15.27,10.12,10.37,-8.44,-8.79,1.64,-4.19,1.02,-2.21
2007,12,13,200712,-10.94,-4.45,-6,1.08,-1.81,-0.05,2.16,-3.81,-7.64,-6.85,-5.55,0.26,10.75,6.3,18.38,16.81,20.7,14.89,12.26,7.12,6.43,-7.98,-8.19,0.82,-3.83,1.33,-2.6
2007,12,14,200712,-7.28,-1.82,-2.77,0.82,-1.36,-4.61,-0.81,-4.22,-11.47,-13.27,-5.28,-2.65,7.41,3.04,17.14,15.41,20.45,9.88,5.63,5.55,8.36,-8.37,-8.85,0.18,-4.25,1.42,-2.2
2007,12,15,200712,-10.96,-5.9,-9.07,-1.49,-4.43,-3.77,-1.94,-7.07,-12.79,-11.8,-6.08,-2.5,2.82,0.44,14.87,11.3,20.92,10.38,5.99,6.98,8.84,-11.99,-9.98,-2.27,-5.25,2.07,-0.37
2007,12,16,200712,-12.2,-4.15,-7.54,2.34,-2.3,-4.75,-1.36,-4.53,-10.29,-10.69,-8.82,-5.75,3.63,2.5,11.54,10.03,19.37,5.42,4.18,0.31,1.39,-9.44,-6.55,-1.25,-4.62,2.23,-1.15
2007,12,17,200712,-9.23,-4.88,-8.44,-1.48,-4.04,-10.26,-7.16,-5.62,-12.74,-10.33,-6.15,-5.56,-2.08,-2.92,1.23,0.75,7.83,-0.05,-1.33,1.19,2.84,-6.63,-5.71,0.67,-2.94,3.36,0.24
2007,12,18,200712,-13.13,-8.58,-8.69,-2.1,-5.37,-5.3,-5.09,-5.57,-9.63,-8.8,-3.81,-0.98,-2.05,-2.76,1.65,-0.15,8.52,1.97,0.64,4.29,7.89,-5.04,-4.69,1.18,-1.16,4.78,0.65
2007,12,19,200712,-9.43,-4.35,-5.11,0.1,-2.18,-4.67,-0.58,-2.31,-9.6,-8.93,-2.82,-0.87,0.28,0.33,6,3.36,14.94,8.16,5.65,9.16,10.92,-3.79,-2.71,2.01,0.05,5.15,1.43
2007,12,20,200712,-4.29,0.33,-2.04,0.98,-2.14,-2.02,-2.24,-3.67,-6.5,-5.62,-1.41,2.8,1.66,-0.01,10.73,6.77,16.77,11.06,7.98,11.73,12.47,-3.08,-2.05,2.7,0.1,5.19,0.87
2007,12,21,200712,-5.79,-1.13,-3.61,0.62,-2.63,2.14,0.64,-1.05,-1.43,-4.79,0.17,4.05,2.67,0.91,12.37,7.93,18.66,12.14,10.92,10.73,9.53,-2.51,-5.26,2.92,-1.89,1.34,-2.55
2007,12,22,200712,-4.65,-2.96,-2.07,3.95,0.23,4.88,4.39,0.66,-0.59,-7,-2.3,6.58,5.32,4.11,9.83,8.5,15.34,11.72,10.23,10.62,9.6,-8.97,-10.96,-2.26,-5.39,0.3,-2.58
2007,12,23,200712,-1.15,1.22,1.6,7.58,3.92,-0.46,4.64,1.15,-6.75,-12.25,-7.93,-2.58,9.34,7.81,13.52,12.91,18.9,8.41,7.64,1,1.95,-8.36,-7.54,-2.14,-4.11,2.6,0.58
2007,12,24,200712,1.24,2.48,-0.75,5.59,-0.18,-3.5,-2.49,-3.67,-7.78,-9.96,-4.33,-2.77,4.14,1.5,5.14,7.71,15.63,1.76,0.72,1.42,2.89,-6.59,-3.79,0.47,-1.85,4.73,1.09
2007,12,25,200712,-2.04,-0.2,-1.43,1.67,-0.44,-2.01,-0.66,-2.28,-7.24,-5.96,-2.72,-1,2.4,0.32,5.69,5.52,14.94,3.34,1.87,2.56,4.45,-4.13,-6.24,0.66,-3.73,1.72,-3.08
2007,12,26,200712,-3.42,-0.81,-2.05,1.89,-0.41,-0.45,0.06,-1.25,-3.84,-7.16,-2.95,0.08,2.9,1.46,7.07,5.89,15.01,4.14,3.64,2.86,5.98,-10.07,-9.62,-3.35,-5.48,0.36,-2.34
2007,12,27,200712,-2.31,0.95,-0.79,3.75,0.54,1.19,1.65,-0.82,-4.2,-9.79,-6.5,0.65,3.96,2.95,8.45,5.93,16.45,7.64,6.65,3.14,3.38,-11.02,-9.83,-3.06,-6.97,-1.77,-3.51
2007,12,28,200712,-1.82,0.82,-0.3,2.98,-0.04,1.09,1.41,-2.81,-6.82,-8.34,-5.68,0.95,6.44,4.26,14.45,10.13,20.4,9.96,6.9,5.43,4.97,-13.56,-10.87,-4.85,-7.45,-0.16,-1.66
2007,12,29,200712,-1.24,2.03,0.93,6.91,3.12,-1.3,1.98,-0.98,-5.35,-10.38,-8.4,-3.15,10.96,7.88,17.17,15.72,21.51,9.22,6.27,2.23,2.6,-13.06,-8.54,-2.55,-4.85,1.98,-0.91
2007,12,30,200712,-1.66,-0.29,-0.95,3.5,-0.13,-1.12,-0.78,-2.92,-8.23,-11.04,-8.2,-1.68,7.49,3.94,15.05,14.75,21.03,7.84,4.2,3.63,5.36,-10.22,-7.13,-0.84,-2.94,3.42,-1.7
2007,12,31,200712,-3.11,0.53,-1.08,4.06,0.73,-1.12,0.36,-2.59,-7.1,-11.24,-5.3,-1.96,5.44,3.55,10.92,11.21,19.93,6.06,3.26,4.09,6.31,-9.51,-8.75,0.82,-3.55,2.39,-3.58
2008,1,1,200801,-4.44,-1.54,-1.93,3.09,0,-4.76,-0.86,-2.34,-9.84,-13.09,-7.98,-5.05,2.93,1.68,6.96,6.15,17.69,3.35,1.1,1.18,2.57,-14.35,-11.88,-0.58,-6.65,2.82,-3.56
2008,1,2,200801,-5.99,-1.95,-6.6,-0.93,-3.99,-10.85,-6.7,-5.57,-12.65,-14.82,-11.54,-9.84,-3.41,-4.2,-1.83,-1.69,5.84,-4.16,-6.51,-3.37,-0.58,-10.84,-8.99,0.53,-5.29,3.79,-0.96
2008,1,3,200801,-18.46,-13.05,-14.99,-8.94,-9.68,-9.28,-6.99,-7.23,-13.93,-10.97,-8.57,-8.65,-6.24,-6.97,-4.05,-4.49,1.38,-5.39,-6.95,-4.04,-0.39,-6.16,-4.49,2.85,-2.81,4.5,0.75
2008,1,4,200801,-15.63,-10.9,-10.35,-8.38,-8.18,-4.94,-6.02,-6.26,-10.19,-9.04,-3.81,-2.91,-5.17,-6.56,-2.46,-3.67,6.62,-2.29,-3.77,0.13,4.82,-2.28,-2.82,5.46,-0.12,5.9,1.85
2008,1,5,200801,-7,-3.98,-4.5,-1.88,-2.99,2.29,-1.04,-2.12,-4.35,-5.45,-0.12,5.59,-0.88,-1.06,2.47,-0.08,12.69,3.71,1.56,10.14,11.97,-0.58,-0.86,6.42,1.83,5.34,0.92
2008,1,6,200801,-1.63,0.59,0.42,1.72,1.69,8.44,4.68,0.93,-0.39,-1.43,2.41,11.14,4.45,4.85,10.16,6.66,16.36,12.33,10.19,14.85,14.23,-0.88,-4.91,6.66,1.46,3.43,-1.8
2008,1,7,200801,0.46,2.68,3.69,5.53,6.51,12.17,11.93,3.82,-0.51,-2.9,2.64,13.29,10.09,10.16,13.43,11.23,17.76,15.55,14.03,16.37,15.26,-4.27,-7.04,4.83,-0.08,2.66,-2.81
2008,1,8,200801,3.67,5.34,7.66,9.3,10.26,13.42,13.66,6.79,-0.14,-5.55,0.3,11.9,12.07,11.77,15.7,13.76,19.71,16.41,14.87,15.69,14.26,-6.83,-8.19,3.01,-1.41,2.7,-2.65
2008,1,9,200801,4.71,8.11,7.62,11.46,9.8,2.76,7.28,2.46,-4.32,-8.53,-1.45,1.86,12.83,11.07,16.22,15.18,19.19,13.16,10.64,7.17,7.91,-4.55,-5.06,3.41,-0.72,3.4,-1.28
2008,1,10,200801,0.29,2.32,0.47,3.94,1.7,2.45,2.92,-0.41,-1.92,-7.3,-0.61,2.56,5.77,3.87,16.82,14.02,19.51,13.1,9.75,8.92,9.83,-6.04,-6.94,2.28,-1.6,4.52,-0.74
2008,1,11,200801,-1.11,3.08,1.75,7.9,4.72,2.58,5.72,0.59,-1.67,-8.55,-1.73,0.63,9.58,8.21,16.17,15.1,20.07,10.48,8.81,5.25,6.36,-5.09,-4.38,2.82,-1.02,5.26,0.94
2008,1,12,200801,1.68,4.39,1.48,6.36,2.49,0.75,1.73,-0.71,-3.1,-8.12,-0.97,1.51,6.36,4.17,11.44,10.76,19.57,5.41,4.01,5.25,7.48,-6.25,-5.19,2.32,-2.13,5.19,0.15
2008,1,13,200801,-2.24,0.9,-0.17,3.11,0.66,-0.21,1.41,-0.05,-2.53,-9.1,-2.81,-1.41,4.06,2.31,11.29,9.66,18.7,6.03,4.21,5.19,5.84,-7.88,-5.44,2.11,-2.85,4.88,-0.39
2008,1,14,200801,-4.04,0.12,-0.65,3.53,0.54,-2.96,-1,-0.82,-6.33,-11.61,-2.75,-2.65,3.01,1.43,5.25,5.81,13.85,2.5,0.88,3.66,5.72,-7.28,-5.89,1.29,-3.1,4.45,-0.5
2008,1,15,200801,-5.56,-1.94,-2.11,0.6,-2.58,-5.66,-3.59,-3.21,-8.34,-12.38,-3.11,-4.97,-1.39,-2.79,2.24,0.96,8.77,1.65,-1.15,4.43,6.73,-5.59,-4.9,1.02,-2.53,4.52,-2.23
2008,1,16,200801,-6.52,-3.31,-3.63,-0.46,-2.09,-3.46,-3.46,-3.65,-6.9,-8.83,-2.44,-0.8,-2.75,-2.5,2.66,-0.8,11.19,2.49,-0.64,5.32,6.66,-9.62,-11.82,-0.11,-6.1,1.87,-6.41
2008,1,17,200801,-8.05,-4.75,-4.92,-1.22,-2.76,-0.44,-1.02,-2.04,-5.82,-13.68,-8.08,-1.1,-0.97,-1.02,4.66,2.07,18.52,4.4,2.26,3.77,3.66,-15.33,-11.75,-3.68,-9.03,0.09,-4.96
2008,1,18,200801,-1.89,1,-1.34,3.33,-1.03,-5.76,-3.02,-5.13,-12.99,-15.49,-6.99,-5.73,0.75,0.46,3.76,2.69,16.24,4.43,1.26,1.05,1.94,-11.21,-9.11,-3.37,-7.45,1.51,-2.9
2008,1,19,200801,-4.37,-3.13,-4.73,-0.91,-4.57,-11.55,-6.95,-10.54,-19.88,-22.05,-10.15,-10.65,-0.04,-2.5,5.23,3.6,16.87,2.16,-1,-0.62,1.12,-11.17,-9.43,-2.08,-6.56,2.3,-2.57
2008,1,20,200801,-8.46,-4.4,-8.82,-3.59,-9.14,-15.3,-13.7,-13.54,-22.87,-20.47,-9.06,-11.82,-5.04,-8.18,-0.35,-0.76,10.53,-5.27,-8.37,-3.35,0.15,-8.21,-8.81,-0.97,-5.11,1.97,-1.82
2008,1,21,200801,-14.28,-9.14,-10.82,-8.16,-11.21,-9.06,-10.94,-12.14,-18.64,-17.21,-9.29,-6.6,-8.92,-10.71,-1.86,-5.15,9.39,-4.22,-6.55,-1.22,4.75,-9.36,-13.77,0.18,-4.08,1.23,-7.54
2008,1,22,200801,-9.74,-5.59,-7.42,-4,-7.11,-4.06,-4.48,-8.21,-12.77,-15.98,-10.71,-3.57,-4.37,-4.46,2.7,-0.69,15.83,1.55,-1.11,2.57,7.96,-11.06,-14.07,1.05,-4.31,1.15,-9.49
2008,1,23,200801,-4.78,-1.35,-4.92,0.06,-4.03,-9.13,-7.09,-10.32,-16.66,-16.71,-8.56,-7.21,0.96,-1.48,9.02,5.88,18.13,3.73,-0.1,1.67,6.39,-8.89,-11.16,2.05,-3.75,1.71,-8.54
2008,1,24,200801,-9.11,-4.54,-7.6,-3.34,-6.71,-12.1,-7.7,-10.21,-21.18,-20.6,-10.82,-9.81,-1.47,-4.5,8.28,5.23,17.29,2.36,-2.32,-0.09,4.72,-8.79,-11.1,3.93,-2.68,1.48,-8.17
2008,1,25,200801,-12.35,-6.96,-8.88,-4.67,-7.95,-13.76,-11.04,-10.96,-18.53,-16.35,-7.22,-9.82,-5.23,-7.01,-0.45,-1.82,10.96,-4.2,-6.86,-1.8,3.15,-5.7,-8.63,2.61,-2.18,2.44,-6.1
2008,1,26,200801,-8.71,-5.69,-7.22,-4.65,-7.59,-4.52,-5.03,-7.08,-8.89,-11.11,-2.91,-2.71,-3.16,-4.4,2.26,-0.52,12.45,0.51,-0.38,1.68,6.54,-5.64,-6.71,2.86,-0.98,4.81,-3.59
2008,1,27,200801,-7.77,-2.44,-4.73,-1.32,-3.88,-4.25,-3.15,-4.37,-10.72,-8.26,-1.17,-0.58,-0.32,-1.4,4.36,2.3,13.85,2.22,0.75,4.65,9.54,-4.12,-3.95,5.15,0.71,6.39,-0.45
2008,1,28,200801,-7.55,-3.25,-4.13,-2.19,-2.86,-0.89,-2.15,-3.78,-5.31,-4.72,3.04,3.35,0.53,-1.33,4.05,2.68,9.12,3.75,2.33,7.38,12.3,0.12,-4.2,5.53,2.33,3.13,-4.21
2008,1,29,200801,-5.75,-3.18,-2.64,-0.9,-1.05,5.11,3.8,0.93,-3.66,-13.8,-0.62,7.27,3.39,1.85,6.84,5.16,11.81,9.11,7.71,12.64,14.33,-7.66,-13.36,2.16,-3.05,0.38,-4.05
2008,1,30,200801,-0.47,1.38,-0.77,2.74,-0.86,-10.21,-4.25,-8.53,-20.5,-23.83,-7.15,-6.76,4.05,1.34,9.19,8.86,15.72,4.32,1.63,1.94,5.37,-8.52,-11.14,0.16,-3.64,1.04,-3.89
2008,1,31,200801,-5.74,-3.99,-7.75,-2.96,-6.66,-7.32,-7.25,-12.65,-18.06,-18.42,-7.98,-3.87,-1.38,-3.22,3.37,2.22,15.68,1.77,-0.62,3,7.5,-11.1,-10.86,-2.89,-6.24,1.25,-1.22
2008,2,1,200802,-6.81,-2.41,-4.85,0.84,-2.66,-4.01,-1.97,-6.13,-8.72,-11.92,-6.47,-4.51,2.54,0.84,10.11,9.21,18.56,5.22,2.33,0.62,2.61,-6.69,-7.08,-1.47,-3.69,2.22,-2.17
2008,2,2,200802,-2.42,2.5,-1.11,3.02,-0.96,-4.99,-3.23,-3.27,-5.79,-10.68,-3.02,-1.74,2.71,0.32,5.22,5.75,14.57,3.5,2,4.03,7.08,-6.64,-9.09,1.01,-2.74,1.54,-3.38
2008,2,3,200802,-4.17,-0.52,-2.87,1.14,-2.16,-3.72,-1.84,-2.42,-7.24,-10.66,-2.45,-0.57,3.98,2.05,8.32,6.6,17.24,7.81,5.81,9.08,12.6,-6.46,-8,1.84,-0.64,3.23,-1.97
2008,2,4,200802,-3.09,-0.62,-1.81,1.89,-0.1,2.24,2.36,-2.24,-4.33,-6.83,-0.06,6.84,6.61,4.41,12.73,10.55,19.13,14.37,11.86,16,15.21,-4.09,-7.97,3.16,-1.35,1.52,-4
2008,2,5,200802,-2.35,1.58,1.67,6.59,4.58,4.96,8.94,0.37,-2.85,-8.55,-2.37,8.43,12.48,10.79,16.29,14.29,20.6,18.27,17.09,16.35,14.81,-8.4,-10.79,-2.04,-5.38,0.17,-3.09
2008,2,6,200802,-0.89,3.01,1.89,11.47,9.09,3.05,9.59,-2.36,-4.58,-11.14,-6.64,0.98,14.91,13.65,17.49,16.82,20.48,16.02,15.38,6.78,6.16,-10.73,-8.45,-3.27,-5.35,1.74,-2.19
2008,2,7,200802,-4.76,0.85,-1.66,9.23,4.36,-2.27,0.34,-6.02,-9.16,-9.56,-4.32,-3.42,8.58,5.39,9.46,11.97,18.91,3.74,2.58,2.68,5.36,-9.08,-7.72,-0.41,-3.07,3.49,-0.67
2008,2,8,200802,-5.51,-0.25,-4.04,2.95,-0.53,0.08,0.72,-4.33,-8.41,-7.88,-2.6,-0.41,3.72,1.8,6.87,6.57,16.81,5.41,4.64,4.77,7.6,-5.5,-5.46,2.68,-1.12,4.45,-1.41
2008,2,9,200802,-4.3,-0.97,-2.31,2.28,0.09,0.69,2.53,-1.93,-5.66,-10.69,-2.02,0.41,5.51,3.89,9.02,7.62,17.31,7.9,5.5,7.19,10.12,-6.2,-6.5,3.67,-1.06,5.69,1.05
2008,2,10,200802,-2.14,0.99,-1.96,3.39,-1.49,-8.57,-4.66,-11.08,-19.69,-21.8,-6.13,-4.72,3.75,1.33,7.89,6.82,16.02,5.68,2.58,6.88,11.11,-3.75,-5.93,5.12,0.61,6.62,2.55
2008,2,11,200802,-9.45,-8.63,-12.61,-8.37,-13.23,-14.36,-13.81,-14.67,-21.06,-19.69,-7,-8.85,-5.66,-9.69,5.93,2.12,12.91,2.39,-1.93,5.12,13.66,-2.73,-3.44,5.95,1.9,6.91,1.06
2008,2,12,200802,-11.68,-8.58,-10.81,-6.94,-9.35,-7.76,-7.09,-12,-15.14,-14.95,-5.18,-5.97,-0.82,-3.73,9.46,5.12,16.99,8.41,5.9,8.49,13.23,-4.13,-3.92,5.39,0.87,7.34,2.11
2008,2,13,200802,-5.98,-0.53,-3.83,3.03,-2.14,-7.79,-5,-8.14,-11.97,-11.57,-2.4,-7.5,5.36,1.58,12.61,12.87,18.92,3.14,-0.16,2.66,7.22,-2.79,-2.35,6.15,1.46,7.29,0.42
2008,2,14,200802,-3.59,-0.46,-5.58,0.51,-5.13,-4.05,-6.54,-6.14,-7.63,-13.2,-0.94,-1.33,-0.02,-2.51,1.99,3.95,10.11,-0.13,-1.75,4.64,9.69,-1.72,-6.31,5.43,-0.04,2.42,-2.55
2008,2,15,200802,-5.65,-1.27,-3.71,1.19,-2.87,-3.29,-1.86,-8,-16.36,-16.88,-5.34,-1.98,2.86,0.63,5.82,5.15,12.69,5.27,3.62,7.06,13.03,-4.29,-6.39,3.06,-1.2,1.42,-0.68
2008,2,16,200802,-11.3,-5.23,-8.67,-0.45,-4.9,-5.35,-3.43,-9.92,-13.2,-9.04,-1.93,-0.8,4.88,0.7,10.73,8.68,16.65,9.72,7.71,8.68,12.33,-3.86,-3.72,2.62,-1.16,3.58,0.79
2008,2,17,200802,-10.14,-4.57,-5.67,0.23,-2.34,3.75,2.52,-4.04,-6.39,-4.3,1.03,5.52,5.64,3.69,13.61,9.89,19.36,12.57,11.4,10.77,10.32,-4.96,-5.05,3.13,-0.61,4.88,-0.04
2008,2,18,200802,1.93,6.44,4.04,10.48,6.1,-1.66,2.59,-2.13,-7.14,-12.09,-2.24,-0.91,12.03,8.93,15.27,15.69,20.41,8.7,6.84,5.43,7.77,-7.76,-6.28,3.55,-1.46,5.14,-0.23
2008,2,19,200802,0,2.73,-2.44,3.7,-2.12,-9.06,-5.97,-8.71,-15.06,-17.29,-2.87,-5.41,2.73,0.04,6.27,6.05,15.1,3.49,2.21,4.77,8.49,-4.55,-4.54,5.48,0.3,5.65,-0.32
2008,2,20,200802,-6.4,-3.91,-7.79,-2.31,-6.94,-6.93,-6.38,-10.85,-15.8,-20.29,-5.2,-3.89,-0.18,-3.15,6.24,4.81,12.52,5.19,2.47,7.92,13.04,-2.77,-4.34,6.29,2.38,5.67,0.61
2008,2,21,200802,-10.87,-6.52,-9.33,-4.18,-8.12,-8.78,-8,-11.24,-18.07,-17.82,-8.33,-6.7,-1.01,-5.08,9.05,6.09,17.19,7.26,3.37,7.24,14,-3.54,-3.93,5.16,1.47,4.09,0.13
2008,2,22,200802,-10.27,-5.54,-7.3,-2.26,-5.16,-4.4,-3.27,-8.03,-12.04,-12.53,-4.09,-3.66,0.27,-0.55,12.57,4.92,21.47,10.86,8.8,7.28,11.73,-2.66,-3.29,4.28,1.11,4.71,0.73
2008,2,23,200802,-6.11,-2.61,-5.56,0.43,-2.86,-4.77,-3.05,-7.49,-11.56,-10.34,-1.54,-3.26,4.34,1.27,13.69,9.72,20.64,7.37,4.23,4.76,10.53,-1.7,-2.57,5.1,1.53,3.18,0.17
2008,2,24,200802,-6.41,-3.64,-5.75,-2.28,-5.5,-3.57,-3.93,-6.43,-9.39,-7.06,1.52,-0.13,2.09,-1.12,8.83,7.94,18.49,5.55,2.78,7.63,12.85,-1.07,-2.08,6.85,2.48,5.62,1.09
2008,2,25,200802,-4.49,-2.5,-4.23,-0.4,-3.29,-1.87,-1.96,-4.22,-6.08,-5.78,3.72,1.74,3.6,1.17,10.06,7.61,18.05,8.68,5.14,10.49,14.4,0.21,-1.94,7.1,3.63,5.34,2.7
2008,2,26,200802,-2.44,-0.65,-2.15,1.79,-0.91,-0.38,0.52,-3.52,-5.86,-7.57,-2,0.15,6.71,3.78,13.64,11.4,19.41,10.59,7.8,8.07,10.45,-3.16,-3.51,5.88,0.94,6.06,1.73
2008,2,27,200802,-2.17,0.92,-4.88,2.87,-3.41,-5.28,-4.72,-9.55,-9.74,-7,-0.59,-2.58,2.07,-0.87,4.05,5.6,13.06,0.51,-1.94,2.15,5.08,-2.41,-2.03,6.64,1.69,7.62,2.89
2008,2,28,200802,-8.76,-6.06,-12.03,-5.37,-9.47,-4.74,-6.15,-9.69,-9.55,-5.56,2.63,-0.91,-3.65,-5.79,0.51,-0.92,6.05,1.26,-0.55,5.47,8.65,0.28,-0.38,8.42,3.73,8.25,2.75
2008,2,29,200802,-14.56,-9.58,-11.49,-5.94,-7.06,0.09,-2.21,-5.6,-4.42,-2.64,5.17,3.97,-2.16,-3.58,4.3,1.87,9.38,6.27,4.48,11.13,13.59,0.69,-0.6,8.94,4.9,8.66,3.6
2008,3,1,200803,-6.55,-1.92,-3.86,1.44,-1.21,-0.13,-0.21,-3.61,-7.52,-4.48,6.93,5.05,3.88,1.42,9.3,7.86,15.05,10.4,7.35,12.58,15.14,2.46,1.48,9.54,5.64,7.69,2.58
2008,3,2,200803,-4.45,-2.48,-5.03,-1.1,-4.05,5.06,1.18,-3.95,-4.51,-2.18,8.89,11.37,2.36,0.89,11.12,7.05,16.76,12.05,8.99,16.28,17.45,1.71,-1.87,6.97,3.19,4.3,-0.67
2008,3,3,200803,-6.35,-2.37,-1.86,2.53,1.77,7.77,8.56,0.56,-3.8,-7.17,0.95,7.61,6.49,6.83,13.1,9.57,18.26,14.47,12.74,13.5,12.78,-6.64,-5.54,1.46,-2.24,3.68,-0.37
2008,3,4,200803,1.05,4.2,1.8,9.14,5.78,-2.69,3.35,-6.17,-11.44,-7.78,-0.45,-2.61,13.23,11.52,17.71,15.99,20.72,13.84,12.93,4.17,4.35,-4.1,-2.71,3.32,-1.1,5.3,0.38
2008,3,5,200803,-2.03,5.45,0.22,10.55,5.18,-2.36,-1.26,-5.89,-6.88,-6.63,0.55,-0.6,10.52,8.04,9.45,12.45,17.11,4.56,3.22,4.62,8.12,-5.08,-5.72,4.61,-0.51,5.15,-0.5
2008,3,6,200803,-2.6,1.09,-2.86,3.39,0.38,-1.39,-0.09,-3.87,-9.56,-9.89,-1.51,-0.92,5.31,3.36,9.59,9.41,15.87,7.38,6.15,5.95,8.69,-7.66,-5.71,1.86,-2.15,4.45,0.88
2008,3,7,200803,-1.53,2.34,-0.71,3.74,1.88,-3.84,-1.84,-8.39,-13.73,-14.22,-3.15,-1.98,6.18,4.45,14.31,11.75,19.8,8.03,5.45,3.83,3.84,-6.62,-3.99,2.64,-2.24,6.14,2.41
2008,3,8,200803,0.94,5.93,0.12,9.92,2.45,-7.33,-5.13,-9.66,-15.43,-10.01,-4.21,-4.78,9.26,4.52,10,13.21,16.02,1.25,-1.13,0.38,4.06,-3.46,-1.5,5.19,0.67,7.29,3.67
2008,3,9,200803,-2.52,1.72,-5.26,1.31,-4.5,-2.23,-5.23,-8.61,-9.59,-7.08,1.06,-0.49,-1.17,-3.14,2.66,1.78,8.74,1.85,-1.46,4.12,8.12,-2.42,-1.73,5.85,1.28,6.52,2.5
2008,3,10,200803,-8.49,-3.47,-7.46,-0.48,-3.53,-0.18,-1.66,-5.79,-6.13,-5.96,1.9,1.82,2.2,-0.26,6.95,5.24,13.35,6.28,4.64,9.26,12.45,-2.12,-0.86,6.62,2.47,7.95,4.78
2008,3,11,200803,-7.01,-2.34,-5.54,3.16,0.07,-0.32,-0.9,-3.67,-5.28,-0.81,5.09,2.46,5.98,3.15,9.66,8.8,16.54,7.49,5.31,9.32,11.16,-0.7,1.34,7.69,4.09,9.11,4.81
2008,3,12,200803,-2.31,0.84,-1.47,4.72,0.92,3.58,0.69,-1.97,-2.97,1.95,8.25,7.7,6,3.57,10.25,9.74,17.63,8.25,6.41,11.14,12.21,0.97,0.75,9.19,4.73,8.9,1.78
2008,3,13,200803,-5.14,-1.08,-4.22,2.13,0.26,7.68,4.21,-0.49,0.26,2.62,7.66,10.04,7.23,5.58,10.7,10.65,14.82,11.31,11.22,12.55,13.89,0.53,-0.37,9.63,5.25,9.8,2.54
2008,3,14,200803,-3.29,2.26,0.56,5.31,3.99,7.69,6.76,1.32,0.06,0.39,6.25,8.87,10.35,8.48,12.35,12,15.55,13.37,10.81,14.94,15.66,0.96,-0.75,9.67,4.6,7.17,1.65
2008,3,15,200803,-0.39,3.7,2.32,7.7,5.46,5.49,5.5,-0.63,-2.3,-2.91,3.24,7.3,9.43,8.1,17.53,13.77,19.98,15.57,11.32,14.2,14.89,-2.49,-2.41,6.37,2.14,4.09,1.06
2008,3,16,200803,-0.88,1.95,0.36,6.16,2.88,2.29,2.71,-2.83,-3.38,-3.18,1.34,3.12,7.43,5.28,15.3,12.05,21.11,11.56,9.37,9.81,13.55,-1.75,-2.67,4.02,1.16,2.64,0.41
2008,3,17,200803,-2.88,-0.37,-3.59,1.77,-0.86,3.69,1.96,-3.26,-2.09,-0.29,2.85,6.49,3.71,2.32,11.79,7.68,18.52,11.26,9.57,13.66,17.59,-1.87,-3.14,2.04,0.39,3.03,0.84
2008,3,18,200803,-4.62,-1.26,-2.05,2.24,1.46,9.66,7.09,0.41,0.62,1.59,4.45,12.03,5.55,5.29,14.31,8.08,18.66,16.28,13.66,17.74,16.74,-3.3,-1.52,3.81,0.82,6.72,2.57
2008,3,19,200803,-1.76,1.26,1.35,7.08,6.18,6.83,9.42,1.27,-0.62,0.95,4.94,7.54,12.59,11.17,18.73,15.95,20.61,17.21,15.96,12.5,10.93,-1.59,0.11,7.05,3.41,8.22,1.9
2008,3,20,200803,-0.09,4.78,1.21,9.4,3.91,3.89,2.51,-1.51,-2.65,0.05,7.26,6.93,9.57,6.47,12.86,13.27,18.47,7.93,6.28,9.27,10.46,1.37,0.53,8.36,4.62,6.9,1.06
2008,3,21,200803,-5.09,-1.25,-3.79,2.11,-0.54,6.45,2.17,-4.23,-2.58,0.87,8.44,10.06,4.28,2.73,9.27,7.24,15.12,8.97,8.05,11.3,12.31,0.87,-0.92,8.89,4.34,6.17,0.16
2008,3,22,200803,-7.84,-2.69,-5.62,1.59,-0.99,4.03,2.87,-3.99,-3.12,-0.51,5.1,6.42,7.89,5.64,12.11,10.78,18.25,11.47,9.16,11.21,13.38,-1.4,-3.15,8.54,3.66,7.25,0.14
2008,3,23,200803,-7.22,-2.56,-5.96,0.81,-2.41,1.27,-1.36,-3.9,-2.53,-2.72,1.26,3.45,3.82,1.1,10.47,8.6,18.02,6.93,4.9,8.01,10.94,-3.3,-3.34,7.64,3.25,8.88,2.89
2008,3,24,200803,-7.99,-1.65,-4.92,1.74,-1.45,1.1,-0.09,-4.34,-3.77,-2.34,3.29,1.95,2.82,1.28,5.93,6.21,14.68,3.91,2.93,5.34,8.62,-0.15,0.59,8.97,4.32,9.47,1.91
2008,3,25,200803,-5.69,-1.12,-3.55,1.35,-0.98,4.35,1.64,-0.85,0.59,1.86,7.32,6.5,2.19,1.31,3.68,4.01,8.8,4.11,3.24,8.57,12.66,2.69,-0.16,9.95,6.45,9.12,0.71
2008,3,26,200803,-0.65,2.91,1.76,6.24,4.59,6.86,6.8,0.84,0.56,0.58,7.15,10.81,6.65,6.75,7.14,6.86,13.22,9.27,8.04,15.11,17.14,3.82,0.18,9.94,6.51,8.19,0.94
2008,3,27,200803,0.05,3.4,1.02,7.4,4.29,7.48,7.12,-0.22,-1.16,-0.59,8.28,12.59,10.46,8.65,11.84,11.3,16.65,13.81,13.87,17.86,17.83,3.43,-1.09,10.05,4.8,6.19,-1.36
2008,3,28,200803,-0.32,3.78,0.63,9.15,5.47,4.21,5.61,-2.27,-3.12,-1.06,3.48,7.61,13.3,10.99,15.59,15.28,18.76,16.21,14.83,15.34,16.61,-0.33,-4.38,10.08,4.2,6.07,-1.95
2008,3,29,200803,-4.52,-0.46,-3.48,3.07,-0.35,2.23,1.14,-2.19,-1.94,0.61,5.53,4.82,8.16,4.14,18.31,13.25,19.86,15.12,10.47,13.76,16.57,2.5,-1.6,10.03,5.42,7.03,-2.11
2008,3,30,200803,-3.96,-2.89,-4.03,0.44,-1.25,6.7,3.96,-0.95,0.74,1.95,7.77,10.42,3.33,2.64,13.64,6.93,20.14,16.5,13.78,18.08,19.64,3.46,-3.57,9.7,5.62,6.15,-2.11
2008,3,31,200803,-1.21,0.68,0.35,4.15,3.17,13.56,10.6,3.4,2.53,1.11,6.54,16.54,7.24,6.71,10.94,9.62,18.83,15.26,12.94,19.62,20.29,0.73,-3.87,8.03,3.78,4.07,-2.14
2008,4,1,200804,4.46,9.44,8.33,12.65,11.74,9.72,12.11,4.51,0.47,-1.07,2.39,9.4,14.43,13.46,18.43,15.96,21.25,17.29,15.71,15.86,17.43,-2.99,-5.45,8.07,2.8,5.89,-1.4
2008,4,2,200804,2.18,5.54,1.19,7.95,3.26,4.44,2.99,-0.9,-1.36,-0.36,2.97,5.18,10.51,6.77,19.82,16.48,22.2,14.29,9.28,11.72,15.08,0.28,-3.3,9.32,5.01,6.82,0.07
2008,4,3,200804,-2.15,0.88,-0.52,3.24,1.97,5.62,4.33,1.78,2.39,2.64,6.59,7.79,5.45,4.27,17.89,10.77,22.7,15.85,12.18,15.91,19.58,2.12,-1.62,8.7,5.74,8.29,1.87
2008,4,4,200804,0.87,2.68,2.35,7.44,5.8,8.18,9.52,3.38,4.75,4.73,6.53,9.75,10.9,9.89,18.79,14.8,22.79,19.07,16.11,16.03,17.34,0.03,-0.2,8.28,4.88,8.78,3.08
2008,4,5,200804,3.39,7.08,5.21,12.82,9,7.42,7.26,4.97,7.03,5.35,7.75,7.88,14.71,12.28,19.65,18.8,23.12,15.2,12.59,11.72,12.74,2.22,0.83,8.68,5.03,7.73,1.27
2008,4,6,200804,3.2,5.72,5.2,8.88,7.21,8.86,8.33,6.81,7.69,3.76,9.17,9.82,11.08,9.98,18.15,17.17,21.87,14.33,12.43,12.81,14.75,1.71,-0.89,9.04,5.63,7.93,2.47
2008,4,7,200804,2.69,4.13,5.32,6.18,7.17,10.71,12.89,8.15,6.38,1.47,4.39,9.92,8.74,9.18,18.05,13.33,21.77,16.38,14.65,15.06,17.36,1.86,0.05,9.74,5.42,6.87,1.28
2008,4,8,200804,1.67,3.69,6.6,6.93,8.6,10.16,13.08,5.56,3.95,3.05,5.85,10.91,9.8,10.75,16.68,12.6,20.68,18.01,16.75,16.78,18.39,0.3,-0.32,9.02,4.76,6.15,0.96
2008,4,9,200804,4.65,5.29,9.26,7.32,10.43,10.08,14.05,6.5,3.49,3.92,5.75,9.24,11.15,11.61,16.73,13.8,20.56,18.37,16.56,16.01,18.39,2.19,0.52,8.06,4.72,5.35,1.43
2008,4,10,200804,6.47,9.11,7.75,12.24,10.51,11.42,10.53,2.76,2.79,4.76,7.09,14.57,14.74,14.48,17.96,16.02,21.28,19.54,17.84,18.92,18.61,0.22,-0.15,5.7,2.46,6.58,2.27
2008,4,11,200804,3.98,6.56,6.18,13.11,12.33,13.33,15.47,5.72,3.09,2.59,4.45,10.27,16.59,15.88,19.78,18.42,21.5,20.88,19.26,14.57,14.52,-2.34,-0.79,6.03,2.34,9.31,3.63
2008,4,12,200804,6.53,10.86,9.81,15.49,14.07,4.13,8.06,3.39,0.9,0.38,3.9,3.61,17.46,15.08,18.71,19.1,22.16,13.95,11.52,10.27,11.57,-2.69,0.86,7.3,3.86,11.3,7.96
2008,4,13,200804,3.54,7.9,3.4,11.07,6.12,2.63,3.76,0.57,-1.21,0.88,3.38,2.09,9.36,6.84,11.27,12.41,18.97,7.58,5.16,7.76,10.51,0.22,4.03,9.44,6.55,13.2,9.98
2008,4,14,200804,1.32,3.07,1.57,5.71,2.87,3.82,3.51,1.16,0.15,3.95,4.78,3.97,5.71,4.75,7.21,7.28,13.93,5.77,4.25,6.34,9.78,3.98,7.55,12.57,8.8,12.85,7.39
2008,4,15,200804,1.62,4.06,2.81,6.12,3.57,5.55,4.95,3.53,3.94,8.37,9.32,5.63,6.37,5.19,7.77,8.22,11.13,6.44,6.17,7.6,12.12,7.28,6.07,12.65,8.19,7.76,0.6
2008,4,16,200804,4.23,6,4.99,7.2,5.83,8.77,7.08,6.55,8.2,9.59,12.12,9.96,6.66,6.77,9.14,7.42,11.8,8.97,8.01,11.44,15.74,4.57,-0.24,9.59,4.88,6.11,1.21
2008,4,17,200804,7.48,7.91,8.53,9.29,8.84,13.2,10.76,10.37,10.49,7.21,9.04,14.04,9.16,9.55,11.7,10.27,14.05,12.53,11.43,15.9,17.98,-1.06,-0.28,5.59,3.4,8.48,4.17
2008,4,18,200804,10.26,9.95,12.21,12.92,12.76,15.14,14.15,11.76,8.18,7.83,7.2,13.91,13.42,13.25,13.73,13.79,17.41,14.5,13.66,14.36,14.13,-0.06,3.04,7.66,5.04,10.31,3.96
2008,4,19,200804,10.99,12.21,14.4,14.76,14.96,12.53,13.14,12.64,9.61,8.56,9.09,9.64,14.08,13.8,16.42,15.12,19.77,14.45,12.4,12.2,13.43,4.99,4.84,10.54,7.55,8.25,0.29
2008,4,20,200804,9.21,10.29,13.67,13.51,13.26,13.25,11.51,12.79,12.01,10.74,12.88,12.73,13.93,11.63,15.15,16.28,20.02,13.33,11.71,15.24,16.78,6.4,2.39,9.83,5.91,4.84,-1.42
2008,4,21,200804,9.29,9.27,13.03,11.61,13.19,15.79,13.94,13.57,13.46,11.11,13.46,16.48,12.65,12.21,15.39,14.23,19.07,15.97,13.94,18.17,19.75,3.52,-3.4,8.58,4.11,4.41,-1.34
2008,4,22,200804,10.76,10.49,12.77,11.92,12.85,16.54,15.27,14.43,14.16,7.88,11.71,18.79,13.51,13.58,14.93,14.45,18.97,17.44,15.65,20.84,20.82,3.5,-0.86,9.48,6.3,6.72,1.06
2008,4,23,200804,13.2,13.33,14.03,13.94,14.57,18.4,16.97,14.05,11.76,8.03,13.34,19.27,15.17,14.74,17.04,16.58,19.17,19.4,17.97,21.51,21.77,6.89,2.33,10.64,8.67,8.11,3.37
2008,4,24,200804,11.69,14.05,12.66,16.02,13.93,18.38,16.2,11.97,12.61,10.95,17.14,19.74,16.64,15.93,18.56,17.57,20.19,19.25,18.55,21.13,21.35,7.14,2.03,10.5,6.73,7.01,2.5
2008,4,25,200804,7.41,9.94,10.93,14.59,13.31,19.57,18.18,13.9,14.61,6.57,12.78,19.19,17.88,16.67,19.97,19.11,21.09,20.07,19.16,20,20.49,2.03,0.08,8.88,5.66,8.66,2.55
2008,4,26,200804,6.76,8.65,13.76,14.34,16.54,11.79,15.88,11.99,6.15,1.95,6.37,9.9,18.79,17.6,20.7,19.43,21.17,19.71,18.06,15.59,18.01,0.69,0.08,10.1,6.52,11.73,4.21
2008,4,27,200804,6.96,7.79,11.39,10.41,12.7,8.89,10.52,4.51,2.18,2.6,6.23,9.3,16.85,13.98,20.59,19.29,21.31,17.08,13.12,13.99,16.65,-0.36,1.69,10.17,6.14,13.56,7.86
2008,4,28,200804,7.21,7.23,8.86,11.38,10.43,6.55,8.78,3.61,1.8,2.6,6.98,6.7,14.95,12.52,19.71,19.19,22.12,15.11,13.13,11.4,11.01,3.51,5.72,11.21,7.92,14.02,9.76
2008,4,29,200804,7.63,11.05,6.52,12.31,7.41,4.53,5.94,1.69,1.62,4.35,8.06,4.24,9.74,7.81,12.45,12.62,19.95,9.76,6.68,11.85,13.91,6.86,8.39,13.19,9.93,12.54,6.23
2008,4,30,200804,3.87,4.63,2.6,7.04,4.39,8.37,6.97,3,4.36,8.16,12.48,10,7.52,7.09,10.86,9.47,16.9,11.73,9.69,15.09,16.88,7.97,6.01,12.35,7.99,8.57,1.62
2008,5,1,200805,3.15,5.54,4.16,8.18,6.78,15.06,11.82,6.41,8.39,10.86,15,17.08,11.49,10.55,15.31,13.55,18.07,15.9,14.91,19.15,20.01,4.07,1.13,9.25,4.85,7.24,1.82
2008,5,2,200805,5.13,7.27,8.69,12.75,13.18,18.75,16.62,10.41,10.04,8.25,10.03,18.74,16.11,15.2,17.99,17.01,20.33,19.34,17.64,19.79,19,-0.55,0.86,6.65,3.33,8.9,4.62
2008,5,3,200805,5.9,7.07,11.62,12.83,15.19,11.75,16.14,11.98,7.97,4.41,5.37,9.94,17.29,16.7,18.52,18.27,20.8,19.54,17.89,14.26,15.4,-0.15,2.58,9.09,5.99,10.95,7.34
2008,5,4,200805,6.61,8.78,10.25,13.78,12.51,8.98,10.04,6.87,5.94,7.05,8.41,9.36,16.26,13.62,19.67,19.63,22.42,14.69,12.61,12.59,14.7,4.07,5.99,11.39,8.83,11.19,7.5
2008,5,5,200805,9.34,10.5,8.09,13.42,9.76,12.44,11.7,8.95,8.96,9.58,12.83,12.91,13.01,11.22,18.26,18.51,21.93,14.93,13.46,16.14,19.86,7.84,8,12.54,11.28,11.39,9.68
2008,5,6,200805,11.13,11.44,9.76,13.37,11.68,16.16,14.68,9.88,12.53,13.2,16.86,16.57,14.11,12.51,16.48,17.99,19.85,16.38,15.3,18.91,21.47,10.02,8.67,11.79,11.94,12.71,9.28
2008,5,7,200805,10.73,11.48,11.05,15.01,13.71,18.09,15.74,12.67,14.2,12.15,16.9,17.95,15.28,14.34,18.81,17.9,21.28,18.35,17.64,19.83,21.36,8.78,7.8,11.89,11.01,12.67,7.08
2008,5,8,200805,11.42,14.1,13.36,16.8,14.92,16.27,15.63,8.26,8.06,8.62,13.11,17.36,17.95,16.19,20.87,20.27,22.96,19.73,18.28,19.58,19.15,7.88,5.89,13.11,9.72,11.32,4.64
2008,5,9,200805,8.96,10.81,9.21,13.94,12.57,12.41,13.42,7.42,8.7,8.19,13.23,15.03,18.24,15.59,22.1,21.16,24.11,20.55,18.53,20.1,20.55,6.32,4.76,12.43,9.27,11.39,4.43
2008,5,10,200805,8.42,9.35,9.43,11.17,10.43,11.98,12.02,8.63,9.24,7.63,13.01,14.06,14.76,12.41,22.71,19.9,24.22,20.78,18.36,20.68,22.38,5.88,3.62,12.04,9.44,11.83,6.56
2008,5,11,200805,8.07,9.47,9.52,12.34,9.52,12.09,11.21,9.36,8.88,6.53,7.9,11.91,11,10.27,22.57,17.08,24.74,19,16.06,16.47,18.51,4.14,5.76,13.23,10.11,13.15,6.9
2008,5,12,200805,7.29,7.53,8.88,9.57,8.51,9.86,10.08,8.14,7.12,9.23,11.32,9.95,10.44,9.41,14.89,14.12,21.43,12.73,11.28,12.66,16.72,8.3,5.61,12.88,9.66,11.18,4.18
2008,5,13,200805,8.35,8.65,9.99,10.49,10.23,12.85,11.33,10.2,10.26,10.35,13.11,14.45,10.74,10.3,14.28,12.59,18.07,14.82,13.29,18.2,22.04,5.75,3.93,11.16,7.76,10.39,7.02
2008,5,14,200805,10,10.52,12.17,12.6,12.42,15.78,13.54,10.97,11.32,9.93,11.55,16.53,12.68,12.38,16.76,14.33,20.2,17.92,15.99,20.06,21.98,4.87,6.26,10.43,9.3,13.08,9.28
2008,5,15,200805,10.42,11.44,12.75,14.8,13.86,13.08,13.93,8.79,10.62,11.88,12.07,13.38,16.78,15.63,20.3,18.5,21.58,19.58,18.51,18.06,19.36,5.88,8.3,12.89,10.3,16.48,12.43
2008,5,16,200805,10.68,11.79,10.02,14.4,11.52,11.94,11.33,10.41,11.55,13.35,12.98,12.09,17.43,13.61,21.31,20.76,22.96,18.28,15.37,16.55,17.34,5.55,10.98,13.51,10.84,18.36,15.96
2008,5,17,200805,10.57,10.92,10.01,13.19,10.4,14.8,12.87,11.18,11.93,13.8,15.5,15.22,12.85,11.62,17.64,16.12,23.07,14.96,13.33,16.17,16.83,9.46,12.56,15.09,12.71,18.97,17.64
2008,5,18,200805,10.94,12.62,9.6,14.82,10.87,14.11,12.43,7.64,7.91,10.75,15.67,16.01,14.68,13.67,16.92,15.72,23.15,17.04,15.97,18.5,18.24,10.87,13.7,16.88,14.54,18.85,16.98
2008,5,19,200805,9.24,9.48,5.88,10.75,6.69,10.1,8.86,5.4,6.52,11.55,17.48,14.84,12.22,9.78,19.64,17.14,23.64,17.71,15.61,19.53,20.38,12.26,13.68,17.99,15.39,18.45,14.48
2008,5,20,200805,8.03,8.28,6.83,8.43,6.88,12.61,10.63,7.22,8.85,11.03,16.54,16.91,12.79,9.33,21.54,19.03,23.91,19.79,19.05,21.67,22.03,12.93,13.23,19.35,16.39,17.73,13.8
2008,5,21,200805,9.07,10.58,7.36,11.42,8.04,11.61,10.7,6.2,6.93,9.32,15.2,13.69,12.08,10.27,21.56,18.38,24.58,18.75,15.37,19.42,22.58,13.15,10.64,16.8,12.97,12.79,6.15
2008,5,22,200805,8.78,9.28,6.63,10.59,7.79,12.68,10.51,7.88,8.77,9.93,15.87,15.31,12.01,9.89,19.77,15.81,24.76,19.05,15.8,22.14,23.73,9.89,5.98,11.48,8.31,9.23,5.48
2008,5,23,200805,9.08,9.93,8.62,11.02,8.48,12.99,11.67,9.2,10.04,11.27,17.33,18.18,12.35,10.61,22.5,17.97,25.05,21.08,19.38,24.12,23.81,6.93,6.55,9.18,7.72,8.87,7.23
2008,5,24,200805,9.24,10.97,10.04,12.65,10.66,14.33,12.52,10.14,10.38,12.55,18.2,19.48,13.97,12.59,23.73,18.88,25.49,22.11,21.24,25.76,24.11,6.17,7.31,9.35,8.36,9.05,9.27
2008,5,25,200805,10.72,12.08,10.55,13.43,11,17.68,13.46,11.79,14,16.36,20.19,22.46,13.55,12.47,22.44,17.67,25.17,22.27,19.34,25.93,25.23,8.04,7.84,10.92,9.93,8.97,10.98
2008,5,26,200805,12.67,14.17,14.02,15.36,14.76,23.36,19.05,16.62,18.78,13.49,19.66,23.56,16.89,15.99,20.78,18.96,22.57,23.83,21.96,25.75,25.14,10.09,7.8,11.48,10.85,9.8,11.03
2008,5,27,200805,15.73,18.04,16.88,20.26,20,19.36,20.67,9.94,8.66,8.96,15.46,21.66,20.48,20.22,21.3,20.65,22.31,23.92,22.92,24.66,24.91,7.86,6.58,11.84,10.57,10.66,10.89
2008,5,28,200805,8.21,11.28,7.25,14.44,9.91,12.66,11.98,6.59,8.51,10.01,13.79,17.23,17.37,15.12,22.62,20.49,23.37,22.19,21.53,23.36,24.32,9.72,8.39,13.38,12.27,10.93,10.96
2008,5,29,200805,8.7,10.12,8.77,11.87,10.09,14.48,12.46,10.32,10.35,13.09,19.56,18.34,13.76,12.71,22.54,16.73,24.49,21.14,19.47,23.42,23.91,12.05,10.09,12.93,12.71,11.19,10.07
2008,5,30,200805,9.64,13.17,11.55,15.05,13.21,19.54,17.25,12.11,13.25,16.51,21.83,22.86,18.03,16.36,23.21,20.19,24.57,23.47,22.68,24.27,23.76,10.06,9.92,12.92,12.04,12.09,9.63
2008,5,31,200805,12.02,16.18,15.81,18.83,18.69,22.74,22.82,16.54,16.73,16.79,19.36,22.91,21.99,20.39,24.32,23.35,25.01,24.41,23.83,24.22,24.75,10.64,10.7,14.71,13.2,13.37,11.49
2008,6,1,200806,14.54,17.67,14.85,20.54,17.44,21.05,19.57,13.57,15.84,16.98,20.08,22.44,21.51,19.63,24.36,24.07,26.1,24.25,23.36,24.92,25.47,12.39,12.19,15.54,14.23,13.62,11.28
2008,6,2,200806,13.06,14.56,13.43,16.96,14.24,20.94,18.96,15.25,16.62,16.49,21.04,22.16,18.86,17.24,24.6,22.53,26.27,24.52,23.08,25.31,25.33,13.44,11.83,16.07,14.47,13.61,9.12
2008,6,3,200806,14.79,16.6,15.21,17.49,15.96,22.66,20.18,14.61,14.5,14.95,23.01,24.04,18.48,17.32,25.53,22.47,26.31,25.16,23.96,25.71,25.46,13.27,9.83,15.66,13.71,13.93,8.88
2008,6,4,200806,13.83,15.4,16.21,19.08,19.04,23.44,22.14,14.35,13.88,16.16,22.13,24.74,22.87,21.26,26.15,24.71,26.27,25.25,24.28,25.4,25.27,11.81,9.02,15.07,12.27,13.15,6.82
2008,6,5,200806,14.21,15.38,17.27,19.99,20.13,25.49,23.66,18.39,17.93,17.32,21.75,25.38,23.82,22.36,26.54,26,26.44,25.75,24.84,25.81,25.41,9.73,8.34,13.49,9.91,11.48,7.3
2008,6,6,200806,13.66,15.23,20.2,18.68,22.95,25.52,25,21.79,21.18,15.94,18.25,24.57,24.32,23.04,26.32,26.44,26.68,25.79,25.11,25.04,24.15,8.81,8.25,14.2,11.05,13.52,6.12
2008,6,7,200806,17.39,19.6,22.87,22.43,23.97,24.96,24.53,21.55,19.37,16.8,20.8,24.87,25.35,23.93,26.86,26.57,26.39,26.3,25.76,26.05,25.76,11.72,6.73,16.14,12.4,12.87,5.94
2008,6,8,200806,21.68,23.6,22.65,25.81,24.1,25.68,25.33,22.51,20.83,16.22,20.8,25.18,25.56,24.93,26.37,26.37,25.74,26.2,25.4,26.17,25.88,10.42,6.32,16.53,12.45,14.15,7.59
2008,6,9,200806,22.17,23.67,23.54,26.78,24.74,23.88,24.75,20.96,19.26,15.09,17.05,22.93,25.61,24.66,26.3,26.32,25.85,25.25,24.99,24.82,25.51,8.27,7.8,16.72,13.03,16.25,9.1
2008,6,10,200806,22.1,24.76,23.7,26.26,23.41,20.72,22.1,17.85,15.64,13.89,17.66,19.72,25.45,23.98,25.97,26.33,26.04,24.56,23.96,23.29,25.3,10.78,9.12,17.87,14.46,16.69,6.16
2008,6,11,200806,19.26,21.66,18.71,23.34,19.35,20.98,19.94,15.22,15.62,14.05,21.21,21.3,22.6,20.62,25.28,25.17,25.89,23.94,22.71,24.61,25.58,11.2,6.03,17.64,12.63,14.11,6.36
2008,6,12,200806,14.88,17.38,16.36,20.83,19.69,24.03,21.94,17.65,18.56,15.26,18.84,24.78,22.29,21.24,25.54,24.95,26.06,24.75,24.45,25.34,25.61,7.08,5.83,15.75,11.7,14.4,8.74
2008,6,13,200806,13.24,15.46,17.77,20.61,20.9,24.32,23.92,21.33,19.27,14.46,18,23.79,23.03,22.26,24.74,24.45,25.42,25.02,24.27,25.31,25.31,7.78,8.49,16.33,12.76,16.75,11.7
2008,6,14,200806,16.02,18.6,21.15,21.97,21.93,20.98,22.15,18.26,15.4,15.42,17.87,21.34,22.68,22.1,24.92,23.94,25.47,24.51,23.66,24.87,25.57,11.02,11.06,18.49,15.47,17.76,10.9
2008,6,15,200806,16.14,17.8,19.65,23.19,19.91,21.7,20.63,17.38,16.95,15.91,20.91,22.66,21.84,20.67,25.3,24.15,25.78,24.38,23.66,25.71,26.12,13.66,11.8,20.11,16.62,17.78,11.13
2008,6,16,200806,16.1,17.35,18,21.8,18.91,20.45,20.69,14.55,13.03,13.8,19.28,22.16,20.62,19.45,24.84,23.88,25.87,24.53,22.77,25.72,25.81,14.41,12.95,20.83,17.18,17.94,12.01
2008,6,17,200806,15.07,17.9,14.81,19.68,15.64,16.12,15.83,11.5,12.81,15.42,18.29,18.06,20.3,18.28,24.95,23.73,26.37,23.61,21.52,24.11,25.85,15.13,14.68,21.33,17.62,17.94,11.62
2008,6,18,200806,13.59,14.6,11.47,15.73,12.9,17.08,15.94,11.68,13.71,17.25,21.07,18.39,16.11,15.19,22.66,19.69,26.67,20.32,17.26,23.03,25.75,15.79,14.27,20.97,17.08,17.8,9.87
2008,6,19,200806,13.56,15.31,12.54,16.35,13.07,18.43,15.99,12.65,15.27,18.24,21.71,20.49,16.73,15.51,20.26,19.7,25.14,19.87,18.5,23.32,25.96,15.09,12.84,19.66,16.67,17.82,10.6
2008,6,20,200806,14.29,16.19,14.17,18.5,15.69,19.41,18.36,15.52,17.71,18.71,20.5,22.02,18.15,17.05,21.98,21.34,25.71,21.41,19.89,24.1,25.52,13.78,13.16,19.44,16.93,19.54,13.68
2008,6,21,200806,15.16,17.64,16.25,20.27,18.28,20.53,19.2,17.15,17.89,17.88,20.36,21.46,19.64,18.76,23.39,22.84,25.96,23.19,21.41,23.84,24.98,13.56,14.54,20.36,17.89,20.44,16.24
2008,6,22,200806,17.02,18.84,18.08,21.28,19.52,19.09,19.4,16.16,15.43,17.26,20.85,20.32,21.17,19.99,24.18,23.12,25.33,23.71,22.41,23.52,24.1,14.53,15.75,20.68,18.02,19.29,13.77
2008,6,23,200806,18.12,18.98,18.08,21.72,18.87,18.08,17.91,15.16,15.03,17.55,20.71,20.71,21.66,19.64,24.43,23.68,25.65,22.87,21.22,23.86,24.32,14.82,15.25,20.97,17.38,17.83,11.83
2008,6,24,200806,17.44,19.03,16.72,20.8,17.13,19.67,18.04,16.22,17.97,19.29,22.01,21.38,19.78,18.09,24.07,23.36,26.39,23.17,20.99,24.36,24.64,15.22,15.08,19.81,17.35,17.26,11.68
2008,6,25,200806,16.64,17.72,16.77,18.89,17.58,22.29,20.11,18.53,19.99,21.12,23.12,23.66,20.03,18.8,25.2,23.31,26.63,24.29,22.44,24.83,25.16,15.76,14.84,19.9,17.74,17.48,12.63
2008,6,26,200806,17.79,19.11,18.94,21.97,20.77,24.62,23.93,21.22,21.43,20.87,24.43,24.82,22.66,21.73,25.16,25.02,25.84,24.56,24.3,25.32,25.38,16.11,15.43,20.05,17.51,17.53,11.9
2008,6,27,200806,18.98,21.62,20.79,24.48,22.68,23.66,23.6,20.48,20.66,20.33,24.02,24.74,23.45,22.95,25.01,24.9,25.89,24.73,24.23,25.45,25.72,15.38,14,20.06,17.5,18.42,13.74
2008,6,28,200806,18.32,21.73,20.72,24.23,21.56,23.44,23.42,20.67,18.83,16.32,20.53,23.85,23.12,22.2,25.48,25.24,26.91,25.02,24.11,25.48,25.87,14.7,14.22,20.34,18.15,19.37,18.05
2008,6,29,200806,17.83,21.75,21.48,24.59,21.95,18.54,20.2,15.91,15.26,16.98,17.91,19.56,23.59,22.67,25.45,25.25,26.57,24.24,23.29,24.07,25.27,14.34,15.9,21.19,18.5,19.21,19.58
2008,6,30,200806,19.86,22.03,19.19,23.45,18.83,18.77,17.74,15.76,15.93,17.71,18.77,19.74,21.51,19.43,23.97,24.1,26.37,22.3,20.14,22.52,23.88,15.39,17.93,21.85,18.18,18.73,19.77
2008,7,1,200807,19.04,20.9,17.79,22.32,17.13,19.06,17.19,15.91,17.33,20.11,21.22,20.36,17.93,16.97,21.15,20.42,25.56,20.21,18.5,22.44,23.65,16.21,18.8,22.64,18.26,18.79,18.82
2008,7,2,200807,18.6,20.03,17.18,21.45,17.08,21.36,19.37,18.53,19.98,20.02,23.52,22.66,18.58,17.97,21.53,20.11,25.39,20.92,19.84,23.35,23.9,16.33,16.94,22.67,18.51,18.94,18.4
2008,7,3,200807,18.83,19.94,17.9,21.1,18.77,22.29,20.78,16.77,15.44,15.9,19.21,23.05,19.41,19.24,23.43,21.52,25.44,22.44,20.4,24.2,24.12,15.58,16.49,22.21,18.73,18.8,18.33
2008,7,4,200807,16.85,19.9,16.84,22.21,18.5,19.58,19.11,15,15.28,17.6,19.55,21.53,21.35,20.51,24.54,23.88,25.63,24.36,23.27,25.14,24.24,16.41,18.61,22.73,18.53,18.67,17.08
2008,7,5,200807,16.88,18.32,17.2,22.05,18.98,20.03,19.55,16.74,16.8,20.76,23.16,21.75,22.86,20.57,25.4,24.67,26.04,24.55,23.49,25.07,24.04,17.84,17.92,22.62,18.44,18.67,14.89
2008,7,6,200807,18.48,19.9,19.27,21.83,20.3,21.65,21.11,18.19,19.06,22.56,24.89,24.49,22.67,21.03,25.11,24.45,25.87,24.53,23.8,25.45,24.31,17.28,16.42,22.27,18.65,19.51,14.94
2008,7,7,200807,20.79,21.97,21.91,22.83,21.53,25.14,22.87,21.34,23.41,22.01,24.28,25.85,23.2,21.8,25.04,24.4,25.4,24.97,24.8,25.67,24.3,16.29,15.7,22.28,18.7,20.37,14.5
2008,7,8,200807,22.24,22.73,22.29,24.5,22.55,25.37,24.06,22.28,22.53,19.93,23.46,25.05,23.66,22.84,25.38,24.7,25.91,25.81,25.28,25.86,24.15,15.42,15.26,22.41,18.34,21.95,15.05
2008,7,9,200807,22.87,23.49,22.34,23.88,22.15,23.37,23.56,18.58,16.88,18.53,22.72,24.63,23.24,22.82,25.82,25.33,26.46,25.87,25.39,25.84,24.39,15.67,15.7,22.21,17.94,22.5,16.71
2008,7,10,200807,20.83,21.53,18.74,22.98,19.37,21.79,19.59,16.77,18.92,21.01,23.32,23.83,22.58,20.8,26.18,25.51,27.11,25.16,24.56,25.74,24.88,16.15,16.6,22.33,17.89,22.44,15.57
2008,7,11,200807,16.51,17.76,16.98,20.63,18.74,24.43,21.92,19.62,21.46,23.09,24.94,24.94,22.37,20.29,26.26,25.06,27.04,25.69,24.44,26.29,25.29,17.34,14.39,21.29,17.84,20.79,12.23
2008,7,12,200807,17.99,20.22,20.43,22.81,22.17,25.39,23.9,21.37,21.38,17.36,20.65,24.97,23.46,22.32,26.04,24.88,26.76,26.01,25.52,26.31,26.06,15.16,12.55,21.57,18.69,20.17,14.43
2008,7,13,200807,19.73,20.8,21.61,22.31,22.22,20.13,22.87,17.61,15.76,16.43,18.36,20.52,23.36,22.91,25.82,24.51,26.11,26.02,24.77,25.15,25.89,14.56,14.32,21.72,18.63,20.99,16.3
2008,7,14,200807,20.05,21.38,19.07,22.73,19.65,19.41,19.09,15.98,16.25,18.75,20.33,20.47,22.27,20.61,25.56,24.13,26.37,23.89,21.64,23.91,25.74,16.08,15.69,21.62,18.47,20.85,16.22
2008,7,15,200807,18.31,19.49,17.92,21.39,18.61,22.08,20.36,17.95,20.12,21.35,23.52,22.06,21.22,19.68,25,24.3,26.14,22.37,21.07,24.4,25.86,16.77,15.71,22.07,18.75,20.42,16.25
2008,7,16,200807,18.81,20.31,19.38,22.4,19.89,24.04,22.62,21.32,22.26,22.51,24.61,23.15,21.68,20.72,25.03,24.37,25.63,23.81,22.66,23.94,25.65,17.75,16.61,22.42,19.56,20.51,15.28
2008,7,17,200807,20.14,21.42,21.6,23.24,22.41,24.3,24.39,22.6,22.46,22.31,24.7,23.47,22.04,22,24.76,23.59,25.32,24.79,23.17,24.74,25.32,17.89,16.16,22.71,19.12,20.1,14.49
2008,7,18,200807,20.33,22.58,22.68,24.86,23.69,23.92,23.36,21.9,21.84,21.14,23.62,23.88,23.06,23.11,24.78,24.08,26.41,24.86,23.74,25.45,24.97,17.06,16.36,22.53,18.98,19.24,13.75
2008,7,19,200807,20.89,24.07,22.38,25,22.95,25.07,23.63,21.25,21.61,20.48,24.55,25.49,23.48,22.62,25.95,24.74,27.15,25.24,24.29,26.04,24.99,17.65,15.55,22.85,19.1,19.27,12.88
2008,7,20,200807,20.41,24.29,22.28,25.65,23.22,25.99,24.79,20.77,21.44,21.76,24.79,25.88,24.84,23.59,26.44,25.48,27.46,26.34,25.31,26.36,25.22,17.84,16.8,21.99,19.47,19.01,14.98
2008,7,21,200807,20.19,23.5,20.65,25.78,23.11,26.11,25.22,20.26,20.5,21.76,25.14,26.54,25.12,24.72,26.97,26.12,27.88,27.28,26.22,26.81,25.6,17.88,18.08,21.69,19.67,18.29,16.68
2008,7,22,200807,19.35,22.19,20.03,24.97,22.5,24.64,24.25,18.59,18.36,20.88,24.62,25.81,25.31,24.22,26.94,26.76,27.09,26.77,26.07,27.04,25.76,18.26,18.76,22.81,19.89,17.67,15.55
2008,7,23,200807,18.8,20.61,19.68,24.58,21.15,21.16,20.74,17.33,17.01,20.57,25.06,24,24.46,22.77,25.77,25.79,26.57,25.54,24.1,26.64,25.84,18.86,17.94,22.12,19.1,17.9,12.88
2008,7,24,200807,19.19,20.37,17.93,22.38,17.73,19.02,18.8,17.47,17.56,21.53,25.56,22.25,21.04,19.13,24.71,23.79,25.95,23.83,21.23,26.3,25.09,18.79,17.31,22.77,19.12,18.26,13.11
2008,7,25,200807,19.32,21.11,18.18,21.18,18.17,21.07,19.74,18.96,20.05,22.09,25.61,24.68,20.31,19.35,25.54,23.57,26.62,24.33,21.69,26.7,25.18,18.71,17.23,23.44,19.45,19.2,15.45
2008,7,26,200807,19.43,20.7,19.44,21.34,19.52,25.2,22.89,20.7,20.16,20.33,24.98,26.35,22.1,21,26.58,24.49,27.03,26.29,25.12,27.46,26.04,18.23,18.2,23.3,19.02,20.01,15.2
2008,7,27,200807,19.85,21.41,20.48,23.47,21.18,22.09,21.87,18.37,19.08,21.97,25.65,25.91,23.69,22.66,26.54,25.2,26.75,26.7,26.22,27.29,25.76,18.35,18.52,22.52,18.84,19.69,15.06
2008,7,28,200807,19.15,20.44,19.15,22.61,19.64,24.75,21.39,18.83,20.47,23.31,26.44,26.49,22.63,21.05,26.55,25.69,26.61,26.34,25.85,26.81,26.43,18.35,17.36,21.82,19.39,18.6,13.9
2008,7,29,200807,18.69,20.94,19.81,22.54,20.8,25.55,23.95,19.88,21.84,23.76,24.86,26.63,23.43,22.34,26.64,26.18,26.7,26.96,26.62,26.95,26.69,17.28,16.91,21.35,19.43,18.53,14.54
2008,7,30,200807,18.4,20.68,19.52,23.39,21.61,26.46,24.89,22.19,21.79,21.63,24.04,26.07,25.19,22.98,26.31,26.51,26.42,26.59,25.96,26.73,26.71,16.86,16.72,21.66,18.88,18.47,12.87
2008,7,31,200807,19.8,22.18,21.23,25.49,22.49,25.15,24.04,20.23,20.58,22.25,24.43,25.81,24.6,23.34,25.99,26.67,26.19,26.11,25.59,26.58,27.04,17.34,15.41,22.05,19.23,18.79,13.17
2008,8,1,200808,18.62,21.38,19.46,24.22,21.44,25.45,23.55,20.07,21.35,21.85,24.99,26.58,24.01,22.78,26.38,26.15,26.2,26.09,25.98,27.65,27.11,18.26,17.3,22.82,19.46,18.77,14.49
2008,8,2,200808,18.73,21.69,19.27,23.66,20.97,24.18,23.54,18.66,18.52,21.5,25.76,26.81,23.88,22.95,26.45,26.44,26.33,26.9,26.88,28.13,27.21,18.45,17.69,23.12,18.89,19.37,13.4
2008,8,3,200808,17.83,19.64,17.3,21.68,18.35,21.36,20.04,18.83,18.87,22.69,25.75,26.6,22.55,20.69,26.92,25.79,26.42,26.82,25.68,28.19,26.81,18.46,16.42,23.2,18.97,19.19,13.12
2008,8,4,200808,17.27,19.2,18.37,20.97,18.84,25.25,21.91,20.72,21.81,22.46,25.92,27.66,21.31,19.97,27.1,25.69,26.64,25.78,24.2,27.57,26.33,18.1,15.83,22.6,19.22,19.03,14.87
2008,8,5,200808,16.91,19.09,19.48,22.63,21.18,27.54,25.22,22.75,22.6,20.66,24.93,27.45,23.19,22.05,27.6,27.01,26.6,26.37,25.9,26.87,26.22,17.97,16.6,22.83,19.67,19.73,17.16
2008,8,6,200808,16.24,17.98,20.39,24.06,22.33,24.61,24.4,20.7,19.51,20.02,23.54,26.05,24.66,23.4,27.7,27.42,27.29,26.61,26.44,26.24,25.63,17.79,17.59,23.04,19.78,20.04,18.11
2008,8,7,200808,15.17,18.04,18.35,22.68,19.46,21.67,20.95,18.4,17.84,19.81,23.1,23.57,23.05,21.47,27.66,26.68,27.96,25.82,25.39,26.24,25.64,16.74,18.14,23.23,19.95,20.46,18.6
2008,8,8,200808,15.58,18.4,16.24,20.95,16.67,19.15,18.33,16.73,16.78,20.05,21.02,21.13,20.51,19.06,25.02,23.77,27.4,23.43,21.16,25.08,25.8,15.69,19.03,22.51,19.65,19.32,18
2008,8,9,200808,15.35,17.4,15.76,18.44,16.06,19.74,18.38,16.95,18.58,21.2,21.84,20.93,18.65,17.58,23.55,22.18,26.32,21.5,19.91,24.58,26.03,17.21,19.01,22.1,19,17.92,15.52
2008,8,10,200808,16.77,18.71,16.89,19.6,17.34,20.63,18.55,14.52,14.27,20.11,21.19,21.78,19.66,17.92,23.6,23.23,25.95,21.53,20.81,25.22,26.6,17.18,17.55,22.28,18.49,17.99,12.55
2008,8,11,200808,16.62,17.73,16.04,19.29,15.76,17.58,16.67,16.52,16,19.7,21.49,21.03,18.55,16.78,22.27,22.75,25.61,21.22,20.92,23.49,26.95,16.04,15.07,22.33,18.25,18.65,13.56
2008,8,12,200808,15.67,16.27,15.8,17.95,16.03,19.19,18.34,17.53,17.32,19.81,22.27,20.77,17.31,16.89,22.86,20.57,26.17,22.06,19.26,23.03,26.45,15.92,14.12,22.11,18.8,19.15,15.64
2008,8,13,200808,15.98,17.75,16.98,19.87,17.61,20.31,19.21,18.37,18.95,20.03,21.68,21.84,19.33,18.26,22.55,21.57,25.89,21.84,20.84,23.73,25.77,16.01,15.14,22.32,19.05,19.77,16.08
2008,8,14,200808,17.03,19.06,17.25,21.71,18.73,21.18,19.86,17.86,18.36,19.81,21.79,21.85,20.37,19.48,22.79,21.07,26.24,23.05,21.29,23.92,25.56,14.74,15.34,22.32,18.7,21.17,18.03
2008,8,15,200808,17.53,18.98,17.38,21.85,18.06,19.79,19.14,16.62,16.56,18.58,19.51,21.22,20.5,19.19,24.64,23,26.43,23.36,21.44,24.24,25.33,13.11,14.24,22.55,18.71,21.73,19.58
2008,8,16,200808,17.58,19.3,16.64,21.21,17.47,18.28,17.99,17.73,17.6,19.44,19.13,19.93,20.51,18.88,24.67,23.76,26.39,23.33,20.81,23.29,24.79,11.37,14.13,22.3,18.29,21.46,20.15
2008,8,17,200808,16.84,18.22,17.2,19.87,17.5,19.06,18.68,19.92,20.59,20.18,18.85,19.71,19.89,18.2,24.64,23.09,26.37,22.6,20.37,22.46,23.39,11.54,16.07,21.88,17.59,20.37,20.37
2008,8,18,200808,18.1,20.43,19.47,21.29,19.23,20.18,19.99,21.1,20.74,20.54,19.22,20.19,22.03,19.69,24.81,23.48,26.26,22.94,21.08,22.56,23.59,12.21,17.06,21.75,17.96,19.29,19.04
2008,8,19,200808,17.68,20.18,17.9,22.6,19.25,20.88,20.36,17.57,19.2,20.79,19.52,20.72,22.51,20.38,24.81,24.26,25.48,23.39,22.22,22.01,22.9,13.31,16.97,21.75,16.9,17.23,15.65
2008,8,20,200808,12.25,13.85,12.33,16.97,14.53,21.43,19.68,16.2,19.93,20.97,19.31,20.82,21.45,19.51,24.59,24.04,25.36,24.04,22.48,22.52,22.49,14.6,16.18,20.98,16.61,16.85,13.59
2008,8,21,200808,15.09,15.46,15.52,17.71,16.79,22.72,20.39,18.27,20.18,21.5,20.55,21.63,21.55,19.89,24.47,23.92,25.72,24.91,23.88,23.14,23.9,15.6,15.44,20.68,17.82,18.89,12.56
2008,8,22,200808,18.35,18.46,18.51,19.22,19.05,23.9,22.95,21.32,21.82,21.39,22.7,23.12,20.5,20.13,23.42,23.02,24.94,25.14,24.2,24.61,25.09,16.48,12.58,20.85,17.91,19.36,11.46
2008,8,23,200808,19.26,18.12,18.93,20.25,19,24.24,22.57,22.49,21.08,16.34,21,24.11,20.58,19.39,23.38,23.24,25.01,23.84,23.56,25.8,24.8,15.53,13.24,21.68,18.56,19.63,13.88
2008,8,24,200808,18.03,18.26,19.94,21.1,20.89,22.4,23.18,18.97,15.09,15.85,21.24,22.76,22.17,21.09,23.49,23.93,25.75,22.62,23.15,24.98,24.54,16.64,16.22,22.3,19.01,19.78,15.77
2008,8,25,200808,18.12,20.91,18.94,22.5,20.46,18.54,20.15,14.65,14.16,17.76,20.18,19.68,23.3,22.11,24.31,24.08,26.28,22.29,23.38,23.49,24.5,16.7,17.74,22.47,18.52,19.83,14.09
2008,8,26,200808,13.25,15.47,12.96,19.16,14.83,18.5,17.22,14.64,14.92,19.04,19.8,19.99,22,19.53,24.42,23.94,26.8,22.13,21.69,23.69,24.65,16.31,15.58,21.36,17.27,18.79,10.32
2008,8,27,200808,13.81,14.87,13.92,16.92,14.56,19.91,17.89,16.33,15.86,17.68,21.49,21.95,19.67,17.75,24.15,23.28,27.24,23.08,21.03,25.09,25.19,16.12,11.2,21.24,17.08,18.69,11.33
2008,8,28,200808,16.64,17.04,16.5,18.35,16.2,22.27,19.34,18.61,19.65,17.69,22.68,24.21,19.6,17.89,24.95,23.37,26.97,24.29,22.15,26.22,25.41,15.32,11.86,22.25,17.43,20.33,12.58
2008,8,29,200808,16.94,17.34,16.92,19.42,18.07,24,22.08,19.61,17.55,16.28,20.11,24.47,19.88,20.22,25.37,23.91,26.98,25.36,23.96,26.43,25.06,14.62,13.94,22.18,17.66,21.09,16.17
2008,8,30,200808,17.94,19.2,18.58,20.67,20.16,20.49,21.65,18.21,17.64,18.79,21.44,22.11,23.06,21.98,25.84,25.25,26.68,25.63,24.35,26.22,24.6,16.29,15.88,22.05,17.7,20.42,13.63
2008,8,31,200808,17.2,19.12,17.24,21.77,18.14,20.72,19.61,19.28,20.07,22.43,22.96,21.88,23.48,20.99,26,25.43,26.74,25.45,25.32,25.85,24.84,15.64,15.11,20.33,16.21,17.45,8.67
2008,9,1,200809,14.98,16.57,16.86,18.86,17.13,22.21,18.98,19.47,20.34,22.52,23.38,24.28,21.58,19.79,25.65,24.37,27.51,25.07,25.16,25.51,24.8,14.53,10.78,19.78,13.28,14.67,7.97
2008,9,2,200809,16.88,17.72,18.73,20.09,18.41,24.61,21.91,19.95,22.24,17.8,20.6,25.09,20.72,20.8,24.55,22.17,26.56,25.14,24.4,24.27,24.27,12.38,6.83,20.06,13.51,15.63,8.82
2008,9,3,200809,17.92,18.72,20.34,21.57,20.13,23.69,24.33,20.09,16.29,12.31,13.78,21.89,21.24,21.55,23.31,21.59,26.41,25.01,23.9,22.32,23.38,10.69,8.89,20.45,14.51,17.14,10.16
2008,9,4,200809,18.93,20.59,20.6,23.23,20.75,19.44,22.13,15.79,12.81,12.49,13.85,18.01,21.85,21.77,23.04,21.75,26.09,23.62,21.53,19.93,21.41,9.99,9.1,19.83,14.84,18.06,10.97
2008,9,5,200809,19.2,21.86,21.25,23.39,21.01,17.32,18.95,16.78,13.54,12.43,13.51,16.66,21.5,20.98,23.4,22.19,25.08,22.36,19.37,20.49,22.68,10.15,8.83,19.59,15.07,18.57,11.84
2008,9,6,200809,19.93,21.46,19.99,23.59,20.23,17.19,19.48,15.45,14.05,12.57,13.16,16.79,22.16,21,24.53,23.37,26.36,22.76,21.08,20.28,23.09,9.75,9.58,20.02,15.54,19.28,13.25
2008,9,7,200809,18.84,20.86,17.03,21.51,17.11,17.5,17.31,15.07,13.78,12.32,14.21,17.61,21.31,19.41,25.6,24.52,26.66,22.58,21.15,21.72,22.47,11.12,9.77,20.49,15.9,19.41,13.44
2008,9,8,200809,15.03,16.64,15.29,19.23,16.47,17.55,17.55,14.39,11.28,10.72,13.97,19.15,21.92,19.32,25.65,25.13,26.88,23.44,22.03,23.06,23.06,10.98,9.18,20.74,16.44,18.84,12.92
2008,9,9,200809,15.12,17.59,15.99,20.77,17.38,15.19,17.58,12.48,10.35,11.09,12,16.41,23.5,20.85,25.64,25,26.83,24.54,23.52,22.63,23.02,10.55,11.11,19.92,16.02,17.52,13.06
2008,9,10,200809,12.04,14.99,12.46,18.03,13.64,14.19,13.99,11.87,11.36,13.63,16.79,16.69,20.67,17.45,25.43,24.38,27.01,23.33,21.85,22.93,22.95,12.91,12.06,19.71,15.59,15.86,11.55
2008,9,11,200809,9.94,13.73,12.71,16.76,14.75,17.6,15.15,13.45,14.69,16.82,20.09,21.67,19.15,17.78,25.12,22.55,27.26,24.53,23.88,24.22,24.04,12.1,9.26,18.91,14.06,15.94,12.03
2008,9,12,200809,12.41,15.14,15.55,18.81,17.68,23.05,22.2,18.38,18.52,16.82,18.55,23.69,21.34,20.55,24.83,23.36,26.81,25.96,25.12,25.22,24.29,10.89,9.94,17.88,13.25,16.82,13.41
2008,9,13,200809,15.77,18.29,17.86,21.93,20.07,24.19,23.71,18.03,17.52,16.52,17.79,24.36,23.76,22.58,25.79,25.07,26.71,26.16,25.51,24.68,24.75,9.77,9.96,17.07,14.32,16.58,12.34
2008,9,14,200809,17.07,20.2,21.5,24.04,23.24,21.42,23.64,18.3,15.53,13.31,14.79,20.38,25.22,24.25,26.3,26.01,26.65,25.04,24.22,22.42,23.81,9.55,9.38,17.31,14.13,16.86,12.91
2008,9,15,200809,19.51,21.66,19.26,23.21,19.75,15.35,16.52,12.61,11.51,11.43,11.96,14.32,22.47,20.34,24.72,24.95,26.82,21.11,19.33,17.48,18.99,9.99,11.11,18.05,13.99,17.88,14
2008,9,16,200809,12.61,15.01,12.51,17.79,14.55,14.91,15.36,12.34,12.28,14.7,15.04,14.29,17.98,16.66,23.35,22.1,26.44,19.48,18.29,16.45,16.76,11.45,12.84,18.01,13.74,17.55,14.74
2008,9,17,200809,12.18,15.21,12.85,17.4,14.47,16.2,15.45,14.82,15.17,16.24,16.79,16,17.4,15.92,21.76,19.08,25.59,18.63,18.55,17.15,17.31,12.4,13.58,18.55,14.2,17.18,14.6
2008,9,18,200809,11.01,14.09,12.16,16.77,14.26,18.3,16.84,13.24,14.48,17.3,16.99,17.44,17,15.71,22.71,19.36,24.92,19.31,17.71,18.19,17.76,12.02,13.82,18.81,14.45,16.34,14.5
2008,9,19,200809,5.93,9.72,8.59,14.24,11.61,18.46,15.79,14.52,17.4,18.45,16.85,18.16,17.06,15.78,20.72,18.45,24.54,20.18,18.16,19.68,18.46,11.49,13.66,19.12,14.67,15.65,14.07
2008,9,20,200809,7.98,10.24,11.93,13.68,13.72,19.15,17.29,16.83,17.66,16.77,17.83,19.16,15.69,15.07,19.56,17.74,24.32,20.15,18.85,20.89,20.42,11.82,13.54,19.14,14.44,15.06,12.76
2008,9,21,200809,11.54,13.77,14.13,16.07,15.42,19.61,18.46,15.3,16.94,17.01,18.23,19.34,16.2,16.01,19.1,18.5,24.49,20.26,19.32,21.31,21.44,12.67,11.96,18.71,13.24,13.82,9.7
2008,9,22,200809,9.88,15.51,11.7,17.36,15.1,19.33,17.67,15.92,17.25,18.28,19.48,18.96,17.29,16.42,21.06,19.7,25.11,20.22,19.45,21.54,22,12.81,9.76,17.55,12.81,13.44,8.43
2008,9,23,200809,8.13,11.83,10.46,15.57,12.93,18.71,16.43,16.42,18.42,17.59,19.16,19.32,16.7,16.06,20.83,18.27,24.35,20.42,18.68,21.47,21.97,11.14,6.95,17.37,12.52,14.37,6.63
2008,9,24,200809,10.98,11.65,13.19,13.61,13.6,18.71,16.61,17.03,18.34,14.74,18.28,19.66,14.46,14.19,17.51,16.69,22.73,18.95,17.86,21.52,22.53,11.03,8.07,18.69,13.78,15.79,9.64
2008,9,25,200809,14.02,12.35,14.58,14.18,13.49,19.23,16.41,16.48,14.11,15.33,19.88,19.63,13.92,13.69,15.89,15.78,20.97,17.16,16.25,20.49,21.35,13.05,11.54,18.83,14.4,16.43,11.15
2008,9,26,200809,12.6,14.22,12.71,18.48,13.64,17.4,14.53,16.33,16.55,18.58,19.57,18.17,16.94,15.24,18.45,18.36,21.82,15.83,14.74,19.34,20.33,13.66,11.38,18.5,14.34,17.15,10.01
2008,9,27,200809,16.28,18.69,16.41,20.42,17.26,16.74,16.96,15.75,17.19,15.01,18.72,17.22,17.9,16.96,18.61,19.98,22.32,17.41,17.51,18.53,20.12,12.82,11.42,19.27,14.79,17.53,11.28
2008,9,28,200809,18.09,19.16,17.54,19.79,18.02,18.05,17.38,14.63,14.09,13.33,18.65,18.86,18.58,18.06,20.31,20.57,23.02,19.87,19.83,19.18,19.92,12.5,11.28,18.67,14.41,17.82,11.68
2008,9,29,200809,16.29,17.64,15.36,18.81,16.03,18.07,16.89,13.13,12.86,12.23,16.55,19.41,18.71,17.43,21.76,20.9,23.95,20.2,18.36,19.6,19.32,11.36,10.61,17.48,14.07,17.65,12.41
2008,9,30,200809,13.96,15.62,13.39,17.4,14.47,14.41,15.61,12.42,10.17,10.83,12.32,15.02,17.96,15.81,21.89,21.21,24.44,19.39,18.12,18.87,19.44,10.64,12.04,17.14,14.11,17.78,13.5
2008,10,1,200810,13.07,14.95,13.09,17.13,12.23,11.06,11.25,9.24,8.1,11.09,13.78,12.25,15.77,13.01,18.77,19.7,23.29,15.31,13.8,15.95,18.65,11.16,12.84,17.19,13.84,18.02,14.6
2008,10,2,200810,11.85,13.52,9.13,13.25,9.13,10.62,9.91,8.26,8.66,11.04,12.62,11.29,11.33,10.04,13.65,13.62,20.79,14.09,12.41,15.34,18.62,10.68,12.99,17.12,13.4,17.17,14.66
2008,10,3,200810,7.38,9.37,7.45,12.24,9.31,11.2,10.3,7.14,7.02,11.04,14.16,11.84,11.29,10.02,16.04,13.85,20.48,15.13,11.86,15.69,19.36,10.66,12.11,16.79,12.73,14.37,11.4
2008,10,4,200810,6.61,8.41,7.14,11.16,8.73,12.08,12.05,7.52,5.65,10.43,15.63,14.68,13.72,12.29,18.57,16.18,22.47,16.69,14.2,18.64,20.08,10.64,10.96,14.98,12.42,12.82,10.58
2008,10,5,200810,7.63,10.35,8.95,13.77,11.08,12.79,11.89,8.13,6.82,12.78,17.31,16.95,15.37,13.73,19.94,18.07,23.22,18.06,16.39,19.81,20.45,9.51,8.71,13.57,10.23,11.97,7.5
2008,10,6,200810,6.64,9.36,7.35,13,9.79,15.81,12.94,10.14,11.73,14.68,15.62,18.16,15.31,12.88,19.77,17.94,24.09,18.83,17.96,20.22,20.72,7.12,6.25,12.68,9.44,13.1,8.67
2008,10,7,200810,6.02,7.13,5.72,9.54,6.55,15.29,12.21,10.47,13.22,12.17,12.86,18.17,12.87,11.33,20.29,16.92,24.28,19.99,17.06,20.59,20.1,6.14,7.13,13.8,10.63,14.13,9.23
2008,10,8,200810,7.02,8.7,7.8,9.98,9.06,15.82,15.75,12.42,12.63,10.25,11.64,14.06,13.84,13.03,20.59,17.21,24.29,19.84,18.36,16.45,16.09,8.28,7,15.01,10.9,14.79,5.24
2008,10,9,200810,10.4,13.54,13.32,16.91,15.38,12.53,14.26,11.83,9.5,8.04,12.6,13.58,17.96,17.39,20.21,20.26,24.44,18.2,17.49,16.36,17.18,8.59,3.7,15.03,10.38,12.55,2.86
2008,10,10,200810,11.44,13.74,11.33,15.96,12.46,13.46,13.27,9.68,8.33,7.28,13.55,14.65,18.33,15.71,20.57,20.26,24.24,18.67,17.52,17.35,18.38,7.84,1.54,14.5,7.51,8.33,2.25
2008,10,11,200810,9.09,10.76,10.47,13.09,11.65,16.5,14.48,11.73,12.27,9.41,14.22,17.1,15.93,14.57,20.54,19.58,24.4,20.4,19.97,19.82,21.33,7.15,-0.66,12.68,6.62,5.12,1.2
2008,10,12,200810,9.53,11.41,12.18,13.96,13.48,19.85,16.65,15.48,16.95,11.64,16.6,19.85,14.52,14.33,19.59,18.76,23.91,20.01,19.57,21.07,21.85,6.66,-2.3,6.82,5.16,4.1,1.15
2008,10,13,200810,10.48,12.48,14.15,15.28,14.77,20.25,16.32,16.75,18.53,10.29,12.8,19.62,15.08,14.93,20.96,18.34,24.2,20.15,19.32,21.11,22.21,1.4,-2.51,4.66,4.44,6.39,5.42
2008,10,14,200810,11.33,13,14.75,16.71,14.95,18.09,18.56,14.18,10.08,5.86,7.6,17.11,16.99,16.63,20.57,18.15,24.11,21.9,20.81,20.44,20.99,2.06,0.97,5.67,5.67,9.73,7.81
2008,10,15,200810,11.5,14.48,12.38,17.72,15.57,16.91,18.56,10.37,8.45,6.86,8.54,16.77,18.53,18.78,19.51,18.31,22.7,21.18,21.39,20.26,19.21,3.65,1.96,8.59,6.73,11.66,4.75
2008,10,16,200810,10.69,13.77,13.12,18.31,16.35,10.95,15.4,8.97,5.85,4.5,7.47,10.45,19.38,17.88,19.84,19.28,22.46,19.96,18.63,16.54,16.36,5.21,3.18,11.96,8.43,12.76,6.37
2008,10,17,200810,7.97,10.21,7.38,12.35,9.2,8.62,9.97,6.67,6.91,6.5,9.74,7.75,15.52,13,20.03,19.09,22.3,17.32,15.3,13.97,15.92,6.82,5.38,13.66,9.82,14.19,9.66
2008,10,18,200810,3.2,5.63,4.21,10.19,6.18,9.62,8.74,7.61,7.33,7.82,10.48,9.69,10.35,8.46,17.82,14.87,22.06,12.75,11.25,13.81,16.13,8,8.13,14.37,10.26,13.75,10.76
2008,10,19,200810,3.37,5.31,4.15,7.78,4.1,8.84,5.94,7.46,8.32,10.18,12.86,10.13,8.12,6,12.07,11.07,18.88,9.76,7.99,13.36,15.85,8.46,7.02,14.7,10.51,12.18,7
2008,10,20,200810,2.9,4.6,4.41,5.46,4.55,9.99,7.83,9.19,10.27,7.99,11.89,12.15,6.61,6.39,10.68,8.18,18.51,11.41,10.17,14.39,17,6.67,5.88,14.67,10.98,11.42,6.93
2008,10,21,200810,5.22,7.05,6.54,7.35,5.69,10.02,8.98,5.71,3.76,4.87,11.04,13.01,8.71,7.36,13.37,10.12,19.7,13.69,12.43,16.6,17.47,6.57,4.77,13.47,9.69,11.2,4.23
2008,10,22,200810,4.49,6.58,3.43,6.5,3.3,7.02,4.61,2.9,3.29,5.47,9.2,11.98,5.31,4.55,14.56,9.75,20.29,12.72,11.01,16.13,17.45,0.68,-0.14,10.72,5.73,11.88,4.43
2008,10,23,200810,1.1,3.93,2.49,6.61,2.52,7.02,5.14,4,5.67,4.63,4.5,10.12,4.88,4.5,13,7.53,21.37,13.72,11.49,11.76,10.61,-2.47,1.03,8.15,3.68,12.19,5.97
2008,10,24,200810,2.38,3.63,3.45,5.86,3.98,10.7,7.42,5.97,7.63,5.7,4.94,7.97,8.84,6.85,14.98,12.3,21.59,12.41,10.38,10.17,10.79,1.25,2.82,9.69,6.25,12.51,5.46
2008,10,25,200810,5.35,8.01,7.64,12.67,9.55,8.11,8.41,7.86,6.5,6.27,7.61,8.11,13.2,11.2,15.8,17.29,21.55,11.4,9.27,11.18,13.68,3.95,4.26,10.27,7.51,12.86,7.14
2008,10,26,200810,11.77,14.08,8.7,12.38,7.63,8.21,8.23,7.67,5.67,4.28,8.19,9.29,10.16,9.35,12.15,13.44,18.55,11.89,10.05,13.33,16.52,5.76,2.28,11.58,9.16,13.46,6.57
2008,10,27,200810,9.14,9.56,7.01,10,6.29,3.27,4.25,4.69,2.14,-0.73,0.22,2.17,8.08,6.95,11.2,11.22,16.9,9.27,6.61,8.2,12.52,2.42,1.79,13.1,9,13.3,6.97
2008,10,28,200810,9.1,8.77,5.06,7.53,3.87,2.23,3.23,2.51,0.47,0.18,1.91,1.19,4.48,3.7,4.2,4.89,10.58,3.81,3.49,3.99,8.07,4.71,5.16,13.7,9.5,13.59,7.97
2008,10,29,200810,3.67,3.4,0.48,4.57,1.81,2.94,2.82,2.53,0.92,3.94,6.32,3.57,3.36,2.94,3.69,3.71,8.18,4.17,3.18,7.05,11.22,6.01,6.78,14.41,10.21,13.27,7.88
2008,10,30,200810,0.37,1.51,-0.1,3.34,1.73,6.53,4.13,3.68,4,7.39,9.86,8.87,3.74,3.3,6.8,5.02,11.06,7.48,6.44,11.21,14.69,6.47,6.63,14.14,10.34,13,8.15
2008,10,31,200810,1.64,3.09,2.8,4.85,4.14,10.86,7.79,8.18,8.39,8.21,11.76,13,6.18,5.87,9.26,6.83,16.46,10.08,9.46,14.12,16.86,6.65,7.04,14.39,11.18,12.78,9.94
2008,11,1,200811,3.77,7.4,6.28,9.18,8.01,13.27,11.13,6.15,5.91,6.79,11.7,14.66,9.2,9.27,10.22,8.84,16.87,11.37,11,15.29,17.12,7.24,8.09,14.94,10.52,12.69,8.57
2008,11,2,200811,-0.67,2.09,1.16,8.48,6.41,14.03,12.64,5.11,7.78,9.74,12.61,15.26,11.7,12.16,13.17,11.42,18.2,12.65,12.41,15.72,16.85,7.92,8.13,14.36,9.69,11.18,8.15
2008,11,3,200811,0.21,2.28,3.33,7.48,8.28,15.06,12.71,11.12,12.16,11.81,13.85,15.35,11.57,11.58,14.14,12.67,19.39,13.14,12.1,15.25,16.73,7.34,5.48,12.56,8.2,8.97,5.26
2008,11,4,200811,6.4,8.61,9,11.11,10.25,13.65,12.72,12.73,14.47,11.25,13.03,13.82,12.01,11.29,15.1,14.69,19.23,13.81,12.73,14.6,17.43,6.09,3.66,10.26,7.28,7.39,4.31
2008,11,5,200811,11.05,11.92,11.53,13.98,11.84,12.55,12.01,11.82,12.36,11.2,13.43,13.4,13.61,12.65,15.33,14.74,17.68,14.32,13.45,16.18,18.63,2.06,0.17,7.53,3.91,5.76,1.76
2008,11,6,200811,11.38,13.28,11.98,15.02,12.44,13.01,12.46,11.47,12.32,7.83,7.23,14.29,13.33,12.84,16,14.63,17.58,14.68,13.61,16.21,15.63,-3.38,-2.27,3.47,0.81,7.59,4.27
2008,11,7,200811,11.93,13.67,12.44,15.64,13.81,7.44,11.93,10.51,6.66,1.01,2.65,5.81,14.88,13.86,15.12,14.86,18.62,15.06,13.39,10.81,10.69,-3.61,-0.9,4.91,1.97,9.62,7.77
2008,11,8,200811,12.25,13.76,12.25,15.48,11.84,3.66,6.49,5.27,3.06,-1.92,1.89,2.78,12.98,11.44,14.02,14.18,18.63,9.11,7.61,7.64,9.51,0.7,1.82,6.72,3.95,10.4,8.37
2008,11,9,200811,10.12,10.67,6.32,10.23,5.59,1.58,3.11,2.3,-1.58,-4.21,0.2,0.98,8.26,6.25,8.1,8.94,15.44,6,4.99,6.34,10.6,1.33,2.34,7.65,4.94,8.68,6.35
2008,11,10,200811,5.04,5.6,2.99,6.91,2.5,0.3,1,0.09,-2.63,-4.73,1.11,2.16,4.82,3.57,6.66,6.87,13.55,5.19,3.57,7.37,14.62,1.45,2.34,6.64,4.54,6.9,5.08
2008,11,11,200811,1.82,2.77,1.31,3.64,1.06,2.43,0.62,0.43,-2.11,-2.37,3.19,6.14,2.74,1.73,8.6,6.7,15.96,7.29,6.02,11.06,15.68,0.8,1.66,6.65,3.27,7.81,4.19
2008,11,12,200811,0.3,2.2,1.66,4,2.36,7.27,5.4,2,2.21,0.86,4.12,9.26,5.68,4.78,12,8.17,19.79,11.37,8.59,12.74,14.62,0.19,2.54,6.6,4.8,10.42,8.82
2008,11,13,200811,1.15,3.41,3.18,7.73,5.65,10.26,10.12,6.98,5.06,3.61,7.4,9.35,9.03,8.73,16.79,13.76,22.8,15.32,12.76,12.66,13.33,3.01,4.76,8.89,5.74,11.44,8.37
2008,11,14,200811,7,11.03,8.83,13.39,9.52,11.4,11.01,8.03,4.43,3.15,7.07,11.03,12.66,11.39,17.86,16.33,23.65,15.82,13.68,13.55,14.03,1.31,-0.4,10.13,6.25,12.13,3
2008,11,15,200811,10.48,13.68,10.56,15.51,11.5,5.84,8.42,4.28,1.09,-0.73,0.88,4.41,15.23,12.92,16.81,17.6,22.74,12.39,10.96,7.47,8.03,-4.67,-1.99,7.36,2.29,11.33,4.71
2008,11,16,200811,11.65,11.65,6.57,10.36,4.96,1.7,2.1,1.04,-2.15,-0.5,2.46,2.32,6.02,4.49,6.4,7.65,12.91,4.51,3.16,3.97,4.6,0.32,1.85,6.62,3.5,11.04,6.86
2008,11,17,200811,1.26,2.87,0.08,3.24,0.27,1.37,1.21,-1.19,-3.63,-2.02,4.44,3.67,1.93,1.48,4.43,4.09,8.9,4.24,2.51,7.06,7.83,3.04,2.83,8.34,5.76,11.42,7.93
2008,11,18,200811,-1.36,0.44,-2.61,1.29,-2.4,-2.46,-1.95,-3.01,-5.73,-3.41,2.08,-0.4,0.48,-1,3.84,2.39,9.93,2.74,0.24,5.38,8.78,4.11,4.4,9.24,6.49,11.33,7.17
2008,11,19,200811,-4.12,-2.9,-4.53,-1.62,-4.11,-1.14,-2.36,-2.16,-3.4,-0.34,5.74,1.74,-2.29,-3.17,-0.08,-1.1,6.82,0.58,-0.97,5.49,9.67,4.09,3.38,9.22,6.01,10.63,5.42
2008,11,20,200811,-6.06,-4.2,-3.88,-0.31,-2.15,-0.52,-0.48,-0.88,-4.23,-4.03,2.03,2.08,0.02,-0.86,3.34,1.36,9.13,4.3,1.55,8.23,10.86,0.25,-0.39,9.23,5.09,9.24,4.43
2008,11,21,200811,-6.19,-3.98,-5.14,-0.16,-3.01,-5.11,-3.29,-4.29,-8.33,-8.24,-3.19,-3.45,-0.58,-2.21,3.99,2.48,11.58,1.78,-1.36,2.21,5.14,-1.69,-1.01,8.34,1.8,7.95,2.1
2008,11,22,200811,-6.28,-5.29,-6.75,-3.4,-5.35,-4.59,-4.77,-4.27,-8.27,-4.92,-0.72,-2.57,-4.07,-4.3,-0.75,-2.33,8.53,-1.67,-3.5,0.55,5.37,-0.67,-1.62,7.42,2.39,7.85,2.32
2008,11,23,200811,-6.83,-5.43,-5.85,-2.37,-4.07,-1.9,-3.09,-3.23,-3.06,-1.93,1.76,0.43,-1.26,-2.46,1.9,0.69,11.05,3.79,1.22,7.65,12.22,0.37,-0.82,7.66,3.49,7.8,1.23
2008,11,24,200811,-5.54,-2.26,-3.54,-0.78,-2.93,2.41,0.11,-0.06,-0.89,-1.75,2.23,6.02,-0.05,0.21,6.83,2.81,13.94,9.23,7.35,12,13.41,-1.57,-2.43,7.23,2.63,8.01,1.15
2008,11,25,200811,0.39,5.02,1.24,5.49,1.02,-0.32,-0.1,0.86,-2.84,-3.2,2.05,1.56,3.41,2.29,8.91,6.87,14.99,6.02,3.18,6.64,8.13,-0.16,-0.87,7.69,3.01,9.03,2.21
2008,11,26,200811,2.4,2.56,0.06,2.36,-0.12,-0.42,-0.39,0.15,-3.42,-2.23,3.28,2.89,0.57,0.28,3.62,1.82,10.23,4.25,2.2,7.38,10.24,0.77,0.21,9.2,5.25,9.06,2.14
2008,11,27,200811,0.51,1.42,-0.15,2.15,-0.87,0.98,-0.12,-0.91,-3.8,-1.55,2.86,4.2,1.48,0.84,6.31,3.51,10.81,7.64,4.78,10.31,13.76,1.49,-0.84,8.84,5.47,8.22,0.68
2008,11,28,200811,0.17,1.02,-0.97,2.59,-0.98,0.81,0.4,0.24,-2.23,-2.74,1.58,3.61,3.76,2.24,12.09,7.38,13.79,11.5,6.72,11.2,14.06,-0.73,-1.2,7.21,3.43,7.48,2.02
2008,11,29,200811,0.29,0.93,-0.43,1.47,-0.74,0.81,-0.2,-0.68,-4.1,-3.48,1.77,4.06,2.96,0.89,14.84,9.69,16.89,11.43,5.92,9.89,11.13,-2.45,-1.12,6.47,2.48,8.13,5.11
2008,11,30,200811,-1.4,-0.2,-1.92,1.86,-1.3,1.5,0.79,-0.81,-1.79,-2.59,0.1,2.77,4.59,2.66,15.45,10.75,18.41,10.3,7.35,6.42,7.92,-2.24,0.55,6.8,3.22,9.7,6.9
2008,12,1,200812,2.04,7.33,1.84,8.89,2.32,-0.29,0.99,-0.17,-3.84,-4.58,-0.63,-0.14,5.76,4.05,7.16,8.68,15.36,3.94,2.64,3.24,5.82,-2.21,0.95,7.6,3.35,9.85,6.09
2008,12,2,200812,1.87,3.81,0.22,3.77,-0.3,-1.9,-2.02,-2.35,-6.11,-3.11,1.26,-0.28,1.9,0.54,3.46,3.03,10.86,2.13,1.38,2.42,6.2,0.99,2.01,8.14,4.07,9.08,5.69
2008,12,3,200812,-0.6,0.87,-1.49,1.43,-1.49,0.54,-0.22,-1.05,-3.28,-4.73,0.81,1.29,0.8,0.3,3.11,2.26,8.06,3.78,2.05,7.15,11.58,-1.24,-2.68,6.95,2.55,7.32,3.22
2008,12,4,200812,0.45,2.27,0.87,3.2,1.12,-3.36,0.28,-3.05,-8.84,-8.79,-4.96,-3.02,2.69,3.07,5.36,4.16,14.15,7.74,3.91,4.41,4.98,-6.22,-7.07,5.38,-0.15,6.18,0.07
2008,12,5,200812,-1.46,1.25,-2.39,2,-2.5,-6.26,-5.38,-6.72,-10.11,-9.23,-5.17,-4.5,2.63,-0.61,8.47,6.46,15.62,0.8,-2.1,0,1.05,-6.89,-6.78,5.47,-1.74,5.58,-0.66
2008,12,6,200812,-4.69,-2.09,-5.33,-1.97,-4.84,-3.7,-5.69,-5.87,-7.15,-6.4,0.01,-1.37,-1.06,-3.47,5.44,4.41,14.84,-0.16,-2.16,1.23,3.66,-1.7,-1.52,5.37,-0.31,5.89,1.86
2008,12,7,200812,-2.16,-0.61,-4.27,-0.26,-3.91,-7.14,-5.12,-7.36,-13.8,-10.12,0.4,-3.59,-1.04,-2.93,3.22,3.17,12.61,0.02,-1.65,3.6,6.93,1.25,-0.42,5.92,1.26,6.91,2.05
2008,12,8,200812,-10.33,-8.15,-11.93,-5.81,-7.94,-2.57,-4.08,-5.96,-8.29,-6.1,3.43,2.25,-4.25,-5.19,2.8,0.3,9.88,1.63,-0.12,6.64,10.88,0.97,-1.77,7.41,1.85,5.99,1.63
2008,12,9,200812,-9.72,-5.43,-5.89,0.32,-1.69,3.53,1.95,-1.63,-4.22,-7.61,-0.89,6.76,0.86,1.8,10.28,6.44,17.35,8.66,6.56,12.59,13.28,-4.98,-5.7,3.99,-1.01,3.89,-0.36
2008,12,10,200812,3.71,8.64,3.26,11.3,6.17,-1.48,3.2,-4.26,-11.03,-8.48,-5.4,-2.1,11.77,10.22,17.54,15.62,20.88,13.57,12.13,3.51,2.59,-5.8,-2.76,1.62,-2.6,4.37,2.09
2008,12,11,200812,-2.57,3.72,-1.87,8.55,0.95,-3.23,-1.21,-5.52,-8.85,-5.81,-0.73,-2.64,12.59,6.21,17.57,17.35,20.15,6.9,5.87,0.97,2.43,-3.17,-2.35,4.24,-0.62,6.1,2.32
2008,12,12,200812,-1.9,3.67,-2.37,7.4,-0.58,-4.21,-3.24,-7.11,-12.48,-7.66,-0.59,-0.56,6.4,2,7.27,10.02,13.28,2.07,0.49,2.53,5.52,-3.49,-3.56,6.32,0.5,6.69,0.58
2008,12,13,200812,-7.98,-3.66,-7.16,-0.69,-4.01,-2.42,-4.47,-5.83,-7.72,-6.15,1.72,1.57,-0.76,-2.63,2.14,1.57,8.91,1.59,-0.04,5.25,8.22,-0.44,-3.64,6.55,1.5,4.92,-1.02
2008,12,14,200812,-9.58,-3.99,-4.48,-0.29,-1.97,3.92,0.76,-0.17,-0.41,-11.6,-0.94,8.69,1.13,0.6,4.12,2.81,14.58,5.73,3.5,12.57,13.27,-5.02,-14.45,4.35,-1.35,0.96,-5.01
2008,12,15,200812,1.7,4.58,3.16,7.5,4.43,-3.23,3.82,-2.8,-12.26,-20.72,-15.31,-5,9.31,8.17,12.99,11.71,19.14,12.26,9.63,5.8,8.71,-13.43,-17.2,1.37,-3.23,1.18,-8.8
2008,12,16,200812,0.15,4.93,-1.82,7.27,-0.54,-10.55,-6.12,-11.39,-19.47,-21.37,-14.09,-8.95,9.09,3.79,16.38,14.35,19.65,8.14,2.91,-0.28,1.71,-10.09,-15.01,3.94,-2.94,0.79,-10.46
2008,12,17,200812,-5.91,-0.73,-3.02,3.05,-0.87,-5.27,-1.96,-7.27,-12.92,-16.83,-9.61,-4.32,6.31,3.1,16.91,14.09,19.67,11.57,7.62,4.25,7.87,-6.7,-12.64,4.27,-2.93,0.23,-8.73
2008,12,18,200812,-4.2,-0.85,-2.63,2.34,-1.7,-5.81,-3.47,-8.34,-15.71,-16.38,-6.83,-2.36,8.34,3.01,17.64,15.51,19.17,13.11,9.51,8.92,13.37,-3.81,-10.95,4.17,-2.1,-0.17,-4.71
2008,12,19,200812,-7.57,-2.7,-5.04,1.39,-1.44,0.34,1.17,-5.81,-8.45,-13.8,-4.22,3.32,9.68,5.79,17.02,15.58,19.03,15.74,14.81,14.06,15.44,-4.63,-10.87,1.93,-2.03,1.57,-6.11
2008,12,20,200812,-13.35,-6.06,-9.49,0.92,-3.11,-2.04,-1.15,-8.54,-7.91,-13.18,-8.77,-1.55,9.71,4.97,17.4,15.36,18.53,14.03,9.93,10.73,13.86,-7.72,-15.13,1.42,-3.08,1.17,-7.51
2008,12,21,200812,-12.12,-3.8,-8.76,-0.32,-4.88,-10.42,-5.57,-8.18,-13.26,-19.5,-14.86,-11.54,4.17,0.9,14.16,12.74,17.98,7.05,3.47,-0.04,4.96,-11.42,-15.93,1.66,-3.4,2.77,-5.5
2008,12,22,200812,-9.52,-6.1,-9.64,-6.12,-10.45,-15.07,-13.86,-10,-17.63,-21.04,-14.74,-13.52,-6.61,-9.42,-0.89,-1.65,10.49,-6.51,-9.89,-6.68,-2.19,-8.3,-9.57,2.54,-2.54,3.49,-4.05
2008,12,23,200812,-15.66,-10.97,-12.01,-5.94,-9.47,-8.03,-8.92,-10.98,-14.65,-13.98,-7.39,-5.63,-6.35,-7.6,0,-2.62,10.93,-1.59,-4.51,-0.26,3.47,-6.41,-11.33,3.37,-2.46,1.76,-6.63
2008,12,24,200812,-6.09,-1.73,-3.79,0.85,-2.17,-0.62,1.48,-2.94,-7.51,-14.77,-7.33,0.02,2.91,2.77,9.43,6.73,18.52,10.77,7.08,9.31,10.83,-10.21,-12.34,2.24,-3.52,2.6,-6.02
2008,12,25,200812,0.21,3.67,0.17,6.06,1.02,-7.59,-3.67,-6.18,-14.1,-15.7,-5.2,-3.15,8.59,4.46,16.08,14.54,19.96,9.98,5.11,6.88,10,-5.95,-7.56,4.55,0.19,4.09,-3.26
2008,12,26,200812,-9.11,-2.53,-4.62,0.3,-2.65,0.88,-0.89,-4.93,-4.53,-7.53,3.26,5.79,1.98,0.62,16.69,10.03,20.65,12.64,8.57,13.96,15.54,-2.18,-8.26,3.35,-1.5,0.25,-5.53
2008,12,27,200812,-3.18,0.95,0.58,4.26,3.18,12,10.03,2.99,0.73,-6.81,0.92,14.27,7.49,8.4,16.96,11.49,19.92,17.68,16.07,17.19,14.43,-9.88,-11.66,-3.71,-6.83,-0.65,-1.7
2008,12,28,200812,3.63,6.91,5.8,10.03,7.46,3.5,8.2,2.38,-5.61,-9.85,-3.8,1.85,12.82,11.11,16.81,15.29,19.45,13.82,11.97,6.17,4.59,-7.66,-5.06,-2.59,-4.63,2.2,1.91
2008,12,29,200812,0.33,3.17,0.07,5.04,0.67,0.46,0.55,-1.79,-6.61,-6.78,0.35,1.6,6.55,2.78,14.61,13.78,18.62,7.49,4,4.97,5.57,-3.11,-2.96,0.66,-1.4,4.38,1.28
2008,12,30,200812,-3.27,-0.58,-2.15,1.46,-1.16,-0.29,-0.39,-4.92,-9.45,-9.9,1.19,2.54,2.87,0.96,7.13,6.51,15.36,5.24,3.52,5.93,7.08,-1.32,-4.21,3.01,-0.51,4.32,-1.69
2008,12,31,200812,-8.66,-3.99,-6.66,0.43,-3.01,-3.97,-2.09,-6.94,-13.97,-16.35,-4.48,-2.61,1.9,0.16,6.78,5.43,14.07,4.25,1.67,4.29,7.85,-4.07,-6.9,3.73,-0.74,4.67,-0.31
2009,1,1,200901,-14.53,-11.61,-12.61,-6.87,-8.34,-5.52,-5.5,-8.37,-12.86,-9.78,-2.57,-3.4,-4.39,-5.47,1.74,-1.47,11.97,0.4,-1.61,1.42,6.76,-2.65,-5.1,4.21,-0.59,4.38,-0.05
2009,1,2,200901,-11.86,-8.6,-8.02,-3.46,-4.57,-2.58,-2.05,-5.33,-10.68,-12.15,-0.12,-0.23,-2.17,-1.75,5.65,0.87,16.08,6.08,3.07,8.17,11.49,-1.16,-3,4.49,1.28,5.75,1.27
2009,1,3,200901,-7.57,-2.99,-4.6,-1.16,-3.69,-0.91,-2.52,-6.29,-9.94,-11.07,0.37,4.11,1.71,-0.09,12.97,6.8,18.4,12,9.28,12.93,13.89,-0.94,-9.06,4.14,-0.21,3.13,-5
2009,1,4,200901,-9.64,-5.73,-8.09,-2.77,-4.51,2.16,1.81,-3.16,-5.79,-14.29,-7.16,2.33,4.17,2.57,15.93,10.75,18.79,15.15,14.36,9.91,10.8,-9.31,-15,3.67,-4.54,0.6,-6.3
2009,1,5,200901,-5.24,-1.11,-2.31,1.7,-0.21,-5.71,-1.9,-7.63,-16.26,-16.49,-6.47,-3.72,7.7,4.92,16.22,12.98,19.33,11.25,7.41,3.34,3.35,-9.85,-12.26,1.58,-4.63,1.13,-2.25
2009,1,6,200901,-5.76,-2.99,-6.03,-0.48,-3.86,-3.93,-2.7,-7.91,-12.03,-12.02,-4.4,-1.32,6.88,2.43,17.05,15.09,19.4,12.01,8.96,4.3,5.29,-7.23,-6.23,0.49,-2.22,3.06,0.75
2009,1,7,200901,-6.83,-2.04,-3.35,3.77,-1.05,-1.73,0.06,-3.77,-9.23,-12.74,-1.93,-0.54,8.85,4.94,15.31,15.39,19.34,9.49,7.41,4.5,5.32,-4.27,-2.49,1.41,-1.38,5.09,4.1
2009,1,8,200901,-5.15,0.16,-3.17,2.37,-2.41,-5.43,-3.88,-4.48,-10.28,-15,-0.45,-2.29,2.47,-0.07,6.69,5.46,14,4.73,2.17,5.73,8.03,-0.37,-0.76,3.84,1.21,6.56,3.93
2009,1,9,200901,-9.7,-6.15,-8.76,-1.89,-4.59,-3.5,-4.34,-6.7,-12.72,-10.95,2.33,1.23,-1.72,-3.24,4.45,1.81,12.97,3.94,0.51,8.06,11.19,-0.53,-3.37,4.57,0.58,4.64,-0.74
2009,1,10,200901,-12.04,-9.18,-10.56,-2.03,-3.96,-0.65,-1.05,-6.71,-10.84,-12.22,-3.39,1.3,1.64,0.32,7.07,4.7,13.87,10.1,7.08,9.76,10.46,-5.8,-6.5,1.15,-2.44,3.42,-0.32
2009,1,11,200901,-10.67,-4.92,-8.39,0.69,-3.55,-4.9,-3.73,-7.62,-12.35,-9.24,-1.49,-2.45,5.19,1.25,12.78,11.79,17.16,6.55,3.2,2.84,3.54,-6.01,-4.19,0.98,-2.81,4.86,2.09
2009,1,12,200901,-11.25,-6.97,-9.07,-3.73,-5.85,-4.17,-3.54,-6.81,-12.99,-9.47,0.04,-0.53,0.66,-1.88,5.13,5,14.29,2.17,0.72,3.88,4.5,-4.56,-3.06,2.88,-1.36,6.75,3.57
2009,1,13,200901,-8.77,-6.36,-5.92,-1.21,-3.35,-5.17,-2.45,-7.9,-15.4,-17.69,-5.42,-4.07,0.85,-0.43,4.62,2.52,14.65,2.38,0.71,2.01,3.94,-5.62,-3.09,3.88,-1.21,7.53,2.58
2009,1,14,200901,-7.91,-5.01,-10.36,-3.29,-8.11,-10.07,-8.85,-13.5,-20.38,-19.65,-2.04,-4.22,-1.98,-4.62,1.91,1.15,9.67,-0.68,-2.33,1.02,3.13,-3.64,-4.28,4.21,-0.66,7.85,1.89
2009,1,15,200901,-17.92,-11.9,-14.64,-4.93,-9.69,-17.27,-11.52,-14.22,-25.14,-26.62,-10.95,-13.74,-3.23,-5.73,1.18,0.38,7.92,-2.12,-5.27,-1.31,4.48,-4.76,-5.56,4.14,-0.98,7.33,1.82
2009,1,16,200901,-18.9,-14.06,-16.22,-9.75,-14.57,-19.7,-19.03,-15.46,-26.01,-20.65,-7.82,-15.17,-10.11,-12.98,-3.42,-5.61,6.85,-7.93,-11.62,-5.27,2.82,-3.91,-3.7,4.48,-1,7.12,0.89
2009,1,17,200901,-16.32,-13.3,-14.81,-11.53,-15.2,-9.3,-14.34,-14.51,-14.96,-9.01,-0.75,-5.42,-11.1,-12.65,-3.48,-7,6.22,-4.12,-6.66,1.28,7.65,-2.18,-3.81,5,-0.22,6.8,0.61
2009,1,18,200901,-10.79,-5.85,-9.3,-3.66,-7.38,-4.21,-4.55,-8.64,-12.18,-5.81,1.15,-1.12,-4.25,-3.64,2.34,-1.16,10.71,4.71,0.7,6.77,10.35,-2.43,-3.82,4.96,-0.2,6.37,-0.58
2009,1,19,200901,-4.6,-1.44,-6.53,-1.4,-6.38,-5.28,-6.9,-8.53,-10.1,-7.63,1.38,-2.32,-1.01,-3.16,5.55,2.41,14.34,3.1,0,4.73,7.85,-1.25,-3.05,5.29,-0.12,6.13,-0.86
2009,1,20,200901,-8.7,-4.35,-8.02,-3.54,-7.77,-6.44,-7.66,-10.42,-10.19,-7.98,-0.03,-3.94,-4.22,-6.49,1.13,0.51,10.71,-1.5,-3.95,1.87,6.83,-1.39,-3.07,5.87,0.42,6.39,-1.76
2009,1,21,200901,-10.33,-7.39,-11.25,-5.59,-9.7,-6.52,-8.18,-9.35,-11.33,-9.06,0.84,-3.95,-5.87,-7.01,-2.29,-4.13,2.97,-1.82,-3.64,1.95,6.44,-0.71,-3.03,7.16,1.04,7.65,-2.24
2009,1,22,200901,-8.62,-7.19,-7.45,-4.61,-6.93,-4.01,-5.75,-7.44,-10.84,-8.65,2.29,-0.05,-4.23,-4.51,-1.09,-2.88,3.19,0.85,-0.98,5.1,8.65,0.07,-2.82,9.34,3.36,8.57,-1.02
2009,1,23,200901,-7.73,-4.13,-5.05,-1.26,-3.61,-2.74,-1.82,-6.57,-10.25,-11.77,0.83,1.14,0.97,0.57,4.09,2.38,7.87,7.03,4.97,8.74,13.16,1.7,-5.15,9.66,5,8.21,-1.48
2009,1,24,200901,-6.45,-2.27,-7.06,-0.11,-4.33,-10.47,-5.78,-11.74,-20.09,-21.05,-8.86,-7.22,3.37,0.17,10.63,7.7,12.25,7.21,3.6,3.9,8.6,-2.99,-7.71,9.6,3.62,8.02,-1.68
2009,1,25,200901,-16.17,-11.71,-13.94,-7.36,-10.72,-13.01,-10.32,-15.28,-22,-20.79,-10.26,-9.47,-2.57,-5.54,9.52,3.96,14.63,1.8,-2.21,-0.2,5.14,-3.66,-8.74,8.03,2.97,5.45,-2.7
2009,1,26,200901,-14.08,-9.41,-11.76,-5.47,-9.12,-10.66,-8.82,-14.9,-20.19,-20.93,-11.52,-7.93,-1.24,-4.38,10.97,4.19,16.2,4.53,-0.22,1.05,9.37,-7.65,-13,4.91,0.02,2.28,-6.99
2009,1,27,200901,-11.39,-7.53,-9.66,-4.23,-7.14,-9.03,-6.94,-12.86,-17.87,-18.91,-11.43,-7.73,-0.47,-3.35,13.5,6.28,18,8.83,3.24,2.67,10.12,-11.04,-15.17,1.07,-3.88,0.64,-7.28
2009,1,28,200901,-10.15,-4.52,-6.77,-0.74,-4.33,-7.88,-5.87,-10.56,-13.99,-13.22,-8.54,-7.17,2.69,-0.14,15.05,10.85,19.1,8.19,5.06,-0.23,2.84,-9.72,-8.12,-0.57,-4.05,2.93,-1.13
2009,1,29,200901,-5.42,-1.38,-5.86,-1.1,-6.18,-7.43,-8.12,-9.34,-11.35,-9.24,-3.03,-5.34,0.93,-3.49,8.77,8.28,17.29,0.66,-1.57,-0.47,3.1,-7.74,-6.93,1.66,-2.93,4.37,-1.81
2009,1,30,200901,-6.07,-3.65,-5.33,-2.29,-5.27,-4.69,-4.68,-8.5,-12.5,-8.31,-1.22,-2.79,-0.49,-2.68,3.81,3.53,12.66,1.14,-0.75,2.22,4.3,-4.3,-3.12,2.45,-1.62,5.69,0.58
2009,1,31,200901,-5.91,-4.56,-8.36,-4.72,-8.07,-4.91,-8.29,-9.79,-8.24,-2.81,2.41,-0.36,-3.04,-5.49,2.17,0.2,7,1.87,0.43,4.94,5.84,-2.45,-2.51,3.72,-0.1,6.16,0.12
2009,2,1,200902,-8.53,-4.26,-4.87,-0.87,-2.89,0.51,-0.24,-3.37,-3.92,-3.19,1.23,2.48,0.81,0.15,4.63,2.78,8.6,5.44,3.77,6.76,8.64,-2.5,-4.52,4.44,-0.01,5.75,-2.13
2009,2,2,200902,-2,1.05,-0.6,3.08,1.14,-1.64,-0.34,-4.19,-5.41,-6.81,-1.43,-0.16,3.79,2.88,6.9,5.42,13.73,6.89,4.67,6.28,7.53,-3.76,-3.99,3.49,-0.51,6.15,0.77
2009,2,3,200902,-4.41,-0.39,-4.53,1.23,-2.68,-6.71,-4.87,-7.17,-11.77,-12.64,-2.85,-4.7,1.34,-1.25,4.63,4.69,12.18,1.22,-1.18,2.53,5.37,-2.05,-2.26,4.66,0.91,7.37,1.79
2009,2,4,200902,-10.04,-6.36,-9.3,-2.67,-6.24,-10.8,-7.81,-11.37,-14.51,-12.61,-4.26,-9.27,-3.12,-4.82,-2.12,-1.22,5.24,-3.99,-6.89,-1.07,5.95,-1.14,-1.68,5.74,1.88,7.83,2.25
2009,2,5,200902,-12.61,-10.04,-12.55,-7.82,-10.65,-9.92,-10.27,-11.83,-13.34,-7.64,0.2,-4.56,-6.72,-8.73,-4.79,-4.9,1.04,-4.25,-6.42,1.54,7.7,-0.25,-0.98,6.47,2.44,6.96,2.08
2009,2,6,200902,-12.85,-10.44,-10.53,-7.17,-8.34,-3.05,-6.11,-8.13,-8.68,-4.23,4.81,4.31,-4.25,-5.76,-0.34,-2.05,4.78,1.85,0.55,9,12.31,0.96,0.32,7.08,3.33,6.02,2.18
2009,2,7,200902,-8.78,-5.17,-5.34,-2.29,-2.52,6.65,2.99,-1.43,-1.48,-2.42,7,11.67,2.74,2.15,5.11,3.6,9.68,8.73,7.93,14.01,15.05,0.33,-1.24,5.94,3.05,5.56,1
2009,2,8,200902,-0.13,2.47,1.44,4.95,4.1,4.92,5.52,-2.21,-4.73,-4.31,5,9.35,8.34,7.95,8.38,8.23,12.58,12.83,11.68,15.15,15.08,1.05,-2.05,5.15,3.34,4.69,-0.41
2009,2,9,200902,-9.12,-2.07,-3.21,1.71,-0.18,5.63,3.13,-2.79,-3.39,0.34,8.25,10.68,7.22,4.67,12.55,10.96,13.7,13.01,13.27,14.72,14.47,-0.59,-1.59,3.39,0.6,3.13,-0.99
2009,2,10,200902,-8.89,-2.27,-1.2,3.41,2.46,11.53,9.25,3.14,2.93,2.51,6.66,12.18,8.49,7.1,12.43,11.7,15.48,13.79,12.88,14.64,13.39,-3.25,-4.07,1.64,-2.14,0.36,-3.12
2009,2,11,200902,-1.08,2.16,2.97,8.23,7.47,10.52,11.53,4.24,1.55,-0.24,4.35,9.94,11.87,11.14,13.87,13.43,17.62,15.47,13.85,14.05,10.92,-4,-6.34,-0.17,-2.98,1.8,-1.59
2009,2,12,200902,2.03,4.76,3.92,8.95,6.42,3.16,4.65,1.32,-0.62,-3.54,1.77,4.22,9.67,7.59,13.29,13.32,18.78,9.38,8,9.01,9.55,-4.52,-6.51,1.58,-1.63,2.27,-2.43
2009,2,13,200902,-5.13,-0.67,-3.18,3.43,0.67,0.94,1.16,-2.2,-2.91,-7.7,0.71,4.14,4.03,2.39,8.47,7.23,16.26,8.34,6.96,11.28,12.78,-4.89,-7.11,1.24,-1.66,2.15,-2.12
2009,2,14,200902,-8.34,-4.33,-6.18,-0.7,-2.27,0.67,0.62,-3.92,-4.19,-9.49,-4.31,1.74,3.32,1.43,9.73,7.91,16.43,9.75,8.8,8.84,10.86,-6.71,-7.57,1.46,-2.28,1.62,-2.11
2009,2,15,200902,-5.39,-3.97,-5.44,-0.39,-2.8,-2.66,-1.46,-4.06,-7.26,-10.25,-4.41,-1.23,2.55,-0.02,10.81,7.43,17.52,7.47,3.97,6.6,9.36,-7.38,-7.46,1.76,-2.11,3.43,-1.37
2009,2,16,200902,-3.91,-3.42,-5.15,-1.56,-3.77,-4.04,-2.78,-5.3,-7.49,-7.7,-3.12,-3.09,0.31,-1.87,7.6,4.55,15.4,3.34,0.49,4.06,8.76,-3.93,-5.21,4.9,0.67,4.98,0.01
2009,2,17,200902,-3.82,-1.84,-4.89,-1.04,-3.75,-1.4,-1.66,-3.01,-4.21,-6.3,1.99,0.54,-1.8,-2.22,3.77,0.77,10.99,2.54,0.23,7.32,13.33,-1.12,-3.14,4.75,1.32,3.3,0.32
2009,2,18,200902,-4.21,-2.46,-3.29,-0.09,-1.54,3.69,3.43,-1.39,-2.91,-7.14,2.17,6.39,0.65,1.5,9.97,5.01,14.92,11.73,8.35,13.79,14.96,-3.22,-4.11,3.14,-0.21,3.48,0.66
2009,2,19,200902,-1.71,1.7,-0.52,3.94,-0.08,-4.42,-2.19,-8.46,-11.73,-12.38,-2.59,-3.21,4.02,2.1,12.95,10.52,17.79,7.5,3.84,5.32,8.72,-4.44,-4.69,3.04,-1.25,4.68,1.08
2009,2,20,200902,-5.08,-3.75,-7.5,-3.7,-7.52,-6,-6.37,-8.82,-11.59,-9.18,1.35,-2.4,-3.91,-5.64,1.13,-0.21,9.6,-0.17,-2.46,4.09,7.4,-3.93,-4.81,3.81,-0.48,5.68,1.43
2009,2,21,200902,-6.9,-3.97,-5.78,-2.5,-4.55,-2.11,-3.12,-6.4,-7.14,-9.15,-1.41,-0.12,-2.58,-3.28,1.95,0.36,7.46,2.6,0.69,5.41,9.81,-4.32,-5.81,5.63,0.57,7.01,1.14
2009,2,22,200902,-5.18,-1.17,-2.81,0.49,-2.04,-5.08,-3.81,-5.22,-8.11,-10.73,-1.96,-3.74,-0.39,-1.27,4.74,3.67,12.65,2.45,-0.61,2.82,4.88,-1.56,-3.08,7.43,1.98,8.33,2.65
2009,2,23,200902,-3.28,-2.02,-5.97,-2.28,-5.49,-5.14,-4.76,-8.7,-9.55,-10.28,-1.01,-3.19,-3.42,-4.46,1.16,-0.55,10.84,-0.18,-2.43,3.25,7.12,1.58,0.11,10.8,5.88,9.36,4.01
2009,2,24,200902,-7.01,-5.85,-9.28,-4.83,-7.82,-2.82,-4.68,-8.29,-8.39,-6.05,4,0.8,-4.46,-5.43,1.87,-1.4,10.18,1.31,-0.71,6.18,12.59,4.32,1.39,10.83,7.01,8.19,3.5
2009,2,25,200902,-9.04,-5.66,-7.54,-3.9,-4.76,2.11,-0.07,-3.05,-2.05,-3.05,7.75,6.14,-1.4,-1.9,6.5,0.42,14.68,6.86,4.1,12.7,15.91,3.25,0.01,10.07,5.83,7.39,2.82
2009,2,26,200902,-4.96,-2.3,-1.21,-0.14,0.88,6.49,5.62,-1.15,-3.1,-8.05,7.6,12.07,2.93,3.22,11.86,5.9,15.45,12.89,10.53,16.69,16.99,2.54,-3.07,8.45,4.64,6.46,-0.18
2009,2,27,200902,-0.16,2.54,2.45,4.98,5.26,5.26,8.45,-3.22,-7.2,-14.36,-2.41,5.01,8.86,8.02,14.07,11.49,16.77,15.88,14.03,13.79,16.22,-0.69,-6.93,7.31,3.09,5.84,-3.41
2009,2,28,200902,-0.97,3.32,-3.61,5.34,-0.14,-2.15,-1.81,-11.74,-13.29,-13.73,-5.27,-0.89,7.53,4.2,15.45,13.13,17.85,11.4,7.46,6.74,10.73,-5.13,-7.87,7.18,1.71,7.28,-1.01
2009,3,1,200903,-9.07,-4.37,-6.85,0.7,-2.9,-4.94,-4.02,-10.82,-12.8,-14.9,-6.04,-5.58,1.96,0.91,10.29,7.52,14.79,2.73,1.61,-0.42,2.62,-2.27,-3.78,8.52,2.88,9.85,3.05
2009,3,2,200903,-8.07,-4.95,-9.19,-3.32,-8.09,-7.05,-8.45,-13.78,-13.71,-11.85,-4.06,-6.35,-3.17,-5.62,2.04,0.82,7.39,-1.34,-3.2,0.11,5.07,2.59,0.93,10.48,5.83,9.97,4.76
2009,3,3,200903,-10.1,-9.04,-11.89,-9.06,-11.14,-8.08,-9.08,-12.4,-11.82,-7.91,0.02,-5.35,-7.72,-9.12,0.06,-3.56,6.14,-2.16,-4.99,2.36,8.85,4.88,3.06,11.56,7.04,7.94,3.61
2009,3,4,200903,-12.47,-10.37,-9.49,-9.05,-8.1,-3.1,-3.96,-7.66,-5.97,-4,5.36,-1.11,-5.2,-5.78,1.27,-2.29,7.88,1.58,-0.4,7.19,13.85,5.24,1.98,10.19,5.85,4.98,1.43
2009,3,5,200903,-9.32,-6.06,-5.08,-4.34,-3.22,5.03,1.92,-2.55,-1.64,-0.7,10.84,9.46,-0.36,-0.38,4.74,1.87,12.6,7.84,5.43,15.53,17.02,3.41,-0.59,7.68,3.36,3.46,0.54
2009,3,6,200903,-2.99,0.2,1.78,2.45,4.2,12.87,12.11,4.16,1.48,-0.75,8.11,14.32,5.36,6.19,10.59,7.24,15.01,13.54,12.25,17.22,17.63,0.47,-4.89,6.91,2.85,3.41,-1.36
2009,3,7,200903,2.11,4.89,5.19,8.41,10.01,12.1,13.63,1.69,0.39,-4.79,7.83,15.12,12.95,13.2,14.11,13.66,16.22,16.53,15.69,18.06,18.06,-0.09,-5.83,4.86,1.67,3.22,-1.56
2009,3,8,200903,2.05,7.45,6.24,11.89,11.82,11.9,13.84,0,-1.78,-4.67,5.67,14.21,14.64,14.2,14.47,14.38,17.22,16.81,16.02,17.39,17.25,-1.89,-4.09,4.49,0.24,4.2,-2.01
2009,3,9,200903,-1.55,2.97,2.66,8.79,7.82,5.51,7.29,-1.1,-2.56,-4.41,5.53,7.78,13.53,11.53,16.68,15.59,18.03,16.52,14.79,15.5,18.12,0.63,-7.16,6.33,2.58,3.45,-3.48
2009,3,10,200903,-1.35,0.45,0.53,4.95,2.56,11.26,8.84,0.2,0.16,-8.08,1.96,13.99,8.23,7.5,18.26,13.3,18.73,17.54,16.49,18.66,18.22,-2.63,-10.65,6,0.84,2.01,-4.7
2009,3,11,200903,0.41,2.46,3.75,7.53,6.72,2.65,8,-2.11,-7.59,-15.37,-6.57,1.77,11.37,10.13,17.93,16.03,18.74,15.58,13.38,10.38,13.59,-5.23,-11.44,6.97,0.3,3.69,-4.8
2009,3,12,200903,-4.94,-0.52,-4.79,3.14,-1.88,-4.08,-2.34,-10.21,-13.7,-15.27,-5.44,-2.13,5.04,1.43,16.04,11.71,18.89,8.12,2.94,4.04,5.28,-2.66,-7.74,7.4,0.87,5,-3.26
2009,3,13,200903,-9.78,-4.78,-6.6,-0.26,-2.69,-2.64,-2.08,-8.81,-8.32,-8.39,-1.04,-0.87,2.61,0.77,13.59,6.64,18.78,7.71,3.47,3.69,4.22,-2.35,-5.33,6.98,1.66,6.09,-0.96
2009,3,14,200903,-4.82,-1.56,-2.04,1.68,0.17,0.72,0.81,-3.36,-3.33,-2.56,2.35,2.26,2.24,1.93,12.05,5.31,19.34,10.5,6.6,7.04,5.44,-1.78,-2.29,6.59,1.86,5.93,0.85
2009,3,15,200903,-1.04,1.76,0.93,4.3,3.26,4.31,4.28,-0.01,0.64,0.68,5.43,6.72,5.06,5.05,15.63,9.18,20.26,12.95,10.37,9.85,9.29,0.4,-0.08,6.59,3.16,6.17,2.13
2009,3,16,200903,-2.12,2.76,2.97,5.72,5.15,9.25,7.61,2.57,4.5,4.1,8.73,10.83,7.69,7.61,16.72,11.46,19.9,14.36,12.53,12.61,12.29,2.06,1.63,7.45,4.89,7.68,1.47
2009,3,17,200903,-0.76,1.83,4.34,5.21,6.34,11.02,9.75,5.2,7.56,5.27,11.01,11.8,8.24,8.2,15.14,11.19,19.48,13.41,12.12,13.84,14.06,4.58,2.02,9.59,6.56,8.79,1.4
2009,3,18,200903,2.13,3.65,5.59,5.22,7.61,10.93,10.85,5.95,4.62,2.2,9.19,12.59,8.39,8.76,13.87,9.81,17.82,13.16,12.26,14.67,15.01,4.86,0.84,11.11,7.1,9.2,2.03
2009,3,19,200903,3.75,5.93,4.15,6.87,7.05,6.44,7.63,-1.77,-2.08,-0.59,5.63,8.28,9.84,8.82,14.18,11.61,18.06,13.26,11.41,13.25,15.28,3.64,1.71,11.63,7.57,10.29,3.48
2009,3,20,200903,-3.67,0.57,-2.32,3.59,-0.08,2.34,0.21,-4.38,-2.92,2.11,6.88,5.32,5.31,2.33,12.63,10.24,17.81,9.57,5.97,11.83,15.21,5.41,4.21,11.91,8.6,10.23,5.05
2009,3,21,200903,-3.93,-1.3,-2.95,1.16,-1.89,4.84,0.74,-1.03,3,5.32,10.79,7.93,2.1,0.48,9.11,5.44,16.4,7.3,4.59,11.91,15.83,6.75,5.31,10.86,9.03,9,4.34
2009,3,22,200903,-2.34,-0.27,-0.99,2.26,0.65,7.17,4.55,1.71,4.7,7.42,13.18,10.16,4.05,3.22,9.41,5.85,15.14,10.55,9.62,14.07,16.99,7.4,5.42,9.99,7.24,5.66,2.74
2009,3,23,200903,-6.98,-3.46,-5.49,0.58,-1.17,9.62,5.71,-1,3.58,7.48,14.43,12.73,5.57,4.22,10.87,8.06,15.5,12.32,12.52,15.94,17.79,3.53,0.57,5.39,2.91,1.59,-0.36
2009,3,24,200903,-4.34,-3.22,-4.88,-1.58,-2.74,11.71,6.55,0.23,4.27,4.16,6.08,13.96,3.31,2.75,13.71,8.61,17.3,13.98,12.56,16.44,16.69,-1.12,-2.77,4.27,1.1,3.88,1.43
2009,3,25,200903,-1.96,0.36,-0.1,1.58,0.8,9.94,10.46,4.48,4.39,-0.87,1.89,7.74,3.04,4.96,15,8.64,17.38,15.85,14.05,12.69,14.43,-1.49,-2.54,5.59,2.33,6.31,1.69
2009,3,26,200903,-0.1,1.92,2.6,3.66,4.35,7.11,9.22,3.25,1.53,-2.79,3.24,8.42,6.91,7.6,16.18,12.43,18.99,16.05,14.27,13.29,15.39,-1.53,-5.3,6.56,3.06,8.06,0.85
2009,3,27,200903,2.78,5.62,5.32,8.97,7.11,6.71,7.33,1.09,-1.7,-6.02,-1.28,7.27,10.78,9.81,16.98,14.76,19.84,15.44,13.39,13.48,13.59,-8.43,-6.84,3.15,-0.26,8.03,2.15
2009,3,28,200903,4.87,6.7,7.05,8.59,8.89,4.96,8.49,-0.31,-2.59,-4.67,-1.32,5.11,11.47,10.59,17.77,15.59,21.55,15.87,14.28,8.39,5.78,-5.77,-1.87,4.08,0.77,9.13,3.7
2009,3,29,200903,3.94,5.4,7.87,10.31,9.56,2.84,7.48,0.45,-2.28,-2.08,2.19,3.01,13.46,10.91,14.6,16.17,20.59,8.7,7.9,5.37,8.15,-0.59,-0.06,7.51,3.52,8.35,0.67
2009,3,30,200903,3.47,5.53,4.14,7.71,3.09,3.08,2.11,-1.69,-2.28,-0.77,5.51,6.41,6.45,4.37,9.36,8.87,15.55,7.84,6.77,10.07,13.05,-1.18,-4.1,6.12,1.12,4.89,-0.56
2009,3,31,200903,1.76,4.64,2.1,4.77,2.84,7.71,6.04,0.88,0.51,-0.48,2.43,9.39,6.25,5.36,12.13,10.16,18.83,11.67,9.57,12.99,13.58,-5.73,-4.17,4.54,0.53,6.33,1.34
2009,4,1,200904,1.77,3.58,4.14,5.79,6.36,5.78,8.64,3.49,1.63,-1.67,1.65,5.41,10.52,9.14,16.71,14.17,22.14,13.58,11.4,9.25,10.86,-2.33,-2.61,6.16,3.16,7.65,-0.24
2009,4,2,200904,5.44,7.76,6.9,9.83,9.09,8.64,8.66,3.45,1.51,-1.18,3.87,9.07,13.16,10.97,17.84,15.81,22.41,15.48,12.82,12.85,14.18,-3.33,-2.54,7.26,3.16,9.25,2.34
2009,4,3,200904,7.55,9.38,9.37,11.95,11.61,7.09,10.65,3.67,1.4,-0.63,4.62,6.43,13.3,11.98,16.55,16.46,21.93,13.66,12.08,9.7,11.25,1.39,-0.53,9.38,4.17,6.62,0.66
2009,4,4,200904,8.7,7.51,4.84,9.09,4.94,5.97,5.41,1.36,1.23,0.1,6.69,8.01,8.54,6.92,12.84,11.85,19.14,11.8,9.7,12.72,15.19,0.43,-2.19,5.88,1.9,3.78,0.29
2009,4,5,200904,4.51,4.31,2.56,7.39,4.54,8.29,7.15,0.31,1.06,-0.99,1.81,10.64,9.19,7.69,15.32,13.21,21.43,15.31,13.27,13.74,13.78,-5.66,-2.89,4.52,1.11,5.89,3.19
2009,4,6,200904,3.96,5.56,4.56,9.54,8.05,2.82,5.55,-0.58,-1.35,-2.86,-2.08,2.01,12.01,10.27,15.71,15.81,21.49,9.94,8.53,4.95,6.73,-4.67,-1.46,7.53,3.05,8.73,6.02
2009,4,7,200904,4.49,5.62,1.48,5.7,0.59,1.99,0.39,-2.24,-1.11,-2.59,-0.34,1.65,3.85,1.82,5.45,6.05,11.92,3.88,2.63,3.57,7.24,-0.15,1.86,10.33,5.56,9.58,7.88
2009,4,8,200904,1.31,1.47,-0.9,2.92,0.19,3.51,2.7,-0.37,0.41,0.68,6.38,5.02,3.1,2.21,5.54,4.98,9.94,6.04,4.8,9.06,12.47,3.51,4.07,10.58,7.28,7.25,7.74
2009,4,9,200904,2.38,4.41,2.06,6.11,3.09,6.02,6.05,1.61,2.23,1.52,7.24,7.45,7.34,6.26,11.61,9.62,14.61,11.58,9.38,14.68,17.77,2.49,2.88,6.99,5.46,6.4,4.57
2009,4,10,200904,3.58,7.14,4.87,8.47,6.45,7.39,7.48,1.7,2.23,1.14,4.98,8.65,10.23,8.97,16.36,13.59,18.21,16.43,14.64,14.39,14.29,1.26,2.85,8.46,5.56,6.99,4.89
2009,4,11,200904,2.99,6.59,3.78,9.23,7.04,5.58,6.39,0.67,1.48,2.51,5.98,6.6,11.56,10.05,17.03,15.75,21.06,13.37,11.54,10.68,13.49,3.64,4.81,7.72,6.28,6.87,4.4
2009,4,12,200904,0.71,2.31,-0.4,3.69,0.89,5.3,3.63,0.39,2.49,5.11,7.11,6.72,6.28,3.9,13.66,10.74,19.9,11.71,9.27,12.33,15.49,2.36,4.51,7.85,5.13,8.59,5.18
2009,4,13,200904,0.5,1.12,-0.16,2.74,1.1,6.65,4.03,1.84,3.07,6.42,6.78,6.68,6.13,4.26,16.19,10.96,21.65,15.63,13.08,12.74,13.91,3,4.47,10.31,7.2,10.54,4.5
2009,4,14,200904,1.89,3.68,3,5.88,5.26,6.73,7.5,3.25,3.78,7.22,8.86,6.83,10.64,8.73,17.52,15.41,21.98,13.34,11.47,11.33,13.8,5.36,4.51,11.65,7.76,8.26,0.87
2009,4,15,200904,3.03,4.62,4.95,6.59,7.1,6.84,7.25,5.23,4.92,8.4,11.11,8.57,10.1,8.31,12.54,13.86,18.49,10.74,9.53,12.3,15.3,6.77,3.85,9.14,4.9,3.29,1.43
2009,4,16,200904,2.82,4.08,5.08,6.07,6.29,9.1,8.74,6.19,7.04,9.25,12.19,10.14,8.21,8.1,12.84,11.1,17.19,11.55,10.61,13.74,16.68,4.3,1.15,3.02,3.36,4.32,3.35
2009,4,17,200904,4.47,5.95,6.28,7.58,7,10.91,9.11,8.12,9.02,10.05,11.09,12.51,8.9,8.64,13.53,9.52,18.82,14.07,12.69,14.78,17.14,1.98,1.2,4.8,2.79,7.93,5.5
2009,4,18,200904,6.96,8.78,7.84,10.77,9.2,13.66,12.41,9.72,11.28,8.93,11.36,15.16,11.85,11.15,12.41,11.87,17.68,15.03,13.06,17.16,16.63,1.75,3.55,8.24,5.24,10.58,5.57
2009,4,19,200904,4.81,8.48,7.74,10.8,10.37,14.14,13.59,7.74,9.07,7.53,10.37,14.17,12.66,11.83,15.75,13.47,19.07,16.37,13.9,16.96,15.88,2.54,4.64,11.33,7.77,13.02,8.19
2009,4,20,200904,3.72,4.73,5.29,7.78,8.15,10.87,11.6,5.75,4.4,6.17,9.54,10.4,13.64,11.48,18.44,16.88,20.76,15.54,13.56,13.63,14.3,5.03,6.84,12.96,9.45,14.97,11.07
2009,4,21,200904,4.38,8.81,6.98,11.34,8.72,6.73,7.17,4,3.41,6.45,10.11,7.4,12.71,9.8,14.79,15.35,20.11,11.79,10.04,13.41,16.11,7.24,8.75,14.42,10.85,15.65,12.3
2009,4,22,200904,9.57,9.91,7.18,10.37,6.19,7.51,6.42,4.08,4.83,8.41,14.28,10.35,8.63,6.98,12.58,11.46,17.87,12.21,9.04,16.13,18.29,8.1,9.49,14.61,11.78,15.54,10.37
2009,4,23,200904,7.48,7.41,4.45,7.48,4.89,11.53,7.77,3.54,6.2,11.95,17,15.98,8.43,7.46,16.31,11.99,19.46,16.48,14.45,19.16,19.11,8.91,8.51,14.1,11.76,13.01,4.87
2009,4,24,200904,6.98,7.66,7.2,8.8,8.37,17.38,14.31,10.62,14.01,12.01,17.5,18.36,12.47,11.41,20.05,17.49,20.45,18.26,18.2,19.69,20.11,9.11,3.68,12.96,9.46,9.67,2.1
2009,4,25,200904,11.74,12.89,14.93,15.31,16.05,19.52,18.36,15.01,13.43,6.79,13.17,20.21,18.58,17.12,20.28,20.29,20.11,19.35,18.74,21.11,21.54,7.21,1.78,11.59,7.86,7.16,2.59
2009,4,26,200904,14.59,17.6,17.18,19.52,17.76,19.93,18.93,10.13,7.08,6.92,12.82,19.96,19.73,18.49,19.2,19.89,20.64,19.45,18.98,20.97,22.07,4.55,2.03,8.46,6.69,7.33,3.13
2009,4,27,200904,11.24,16.24,17.4,19.57,18.32,18.58,19.09,14.59,13.54,7.45,10.66,18.61,19.03,18.69,18.68,19.1,20.78,19.75,18.88,20.99,20.85,2.41,1.41,9.31,5.95,8.47,4.24
2009,4,28,200904,15.89,17.79,16.85,19.35,17.22,16.47,17.71,10.31,7.6,7.1,7.98,16.07,18.16,17.88,19.38,18.33,21.38,20.08,19.27,19.56,20.17,4.12,3.26,11.61,8.28,7.81,4.06
2009,4,29,200904,7.03,11.38,8.39,14.06,11.92,15.73,14.69,6.92,7.67,9.44,14.35,17.31,16.62,16.08,19.57,18.6,21.08,20.68,19.88,20.66,21.9,8.33,3.53,11.05,8.56,7.64,3.26
2009,4,30,200904,6.23,8.35,8,9.02,10.23,18.48,16.89,10.57,12.4,10.74,16,19.08,14.28,13.96,19.81,18.64,21.51,20.11,19.2,20.79,21.61,8.12,2.43,11.54,8.6,9.14,4.2
2009,5,1,200905,10.33,12.36,12.62,14.54,14.69,15.86,17.26,10.94,9,6.75,10.76,16.53,18.16,16.27,20.73,20.07,21.73,20.3,18.74,21.8,22.43,7.46,2.76,13.36,10.47,11.87,5.97
2009,5,2,200905,11.06,13.61,10.66,16.43,13.88,10.91,12.18,7.28,7.52,7.24,8.84,11.54,18.26,16.23,21.27,20.7,22.82,20.54,18.63,18.7,21.87,6.77,4.66,14.9,11.29,11.5,8.14
2009,5,3,200905,8.15,10.66,9.16,13.92,10.51,12.04,11.46,8.57,9.21,9.19,9.94,11.92,17.65,13.39,21.39,21.26,22.95,19.39,17.11,16.73,20.76,5.88,6.14,14.69,10.74,12.12,7.18
2009,5,4,200905,10.09,11.11,9.72,11.75,10.04,13.42,12.91,9.24,10.03,10.38,11.06,12.43,16.21,12.18,21.04,20.89,22.62,18.27,15.64,16.37,19.01,7.03,6.05,15.1,10.71,11.83,6.19
2009,5,5,200905,8.44,9.79,9.25,12.02,10.47,14.94,13.22,10.22,10.94,11.99,12.53,14.73,14.18,11.92,21.68,20.39,23.53,19,16.47,17.88,21.33,8.04,6.6,15.46,11.98,12.92,7.3
2009,5,6,200905,8.06,10.1,10.69,13.89,13.42,16.22,14.41,12.24,13.94,13.69,15.55,17.22,15.84,14.19,21.82,20.41,23.73,20.12,17.32,20.59,22.93,8.86,7.12,15.77,11.84,13.82,6.5
2009,5,7,200905,9.88,14.2,13.14,16.16,15.25,17.92,15.51,13.85,14.92,12.11,15.93,18.15,18.34,15.88,22.12,21.49,23.65,21.34,19.79,22.71,24.48,10.84,6.99,17.12,12.86,13.98,5.65
2009,5,8,200905,11.79,14.63,13.43,17.49,15.66,17.84,17.81,13.74,12.09,10.37,17.13,20.56,18.44,16.72,22.57,21.81,24.09,22.39,21.01,24.27,24.42,9.29,4.05,16.98,11.76,13.58,4.47
2009,5,9,200905,13.97,15.71,15.29,18.87,17.94,15.91,17.27,9.97,9.13,7.33,10.81,15.92,20.84,19.17,22.31,23.06,24.02,21.89,21.35,21.18,23.02,6.27,4.17,16.63,11.37,13.87,6.32
2009,5,10,200905,11.61,13.8,9.89,15.72,11.54,12.01,11.34,5.63,6.35,7.21,10.46,12.48,16.28,13.63,22.4,20.36,24.47,19.7,16.32,18.05,21.99,7.75,6.17,16.31,12.27,14.17,8.14
2009,5,11,200905,7.52,8.39,6.91,10.99,8.39,12.14,11.66,6.01,7.89,10.25,10.71,13.07,11.25,10.59,22.26,17.4,24.96,18.46,14.03,16.56,21.53,8.15,7.65,16.3,12.75,14.44,9.06
2009,5,12,200905,8.05,9.4,7.69,11.94,9.44,12.77,10.68,8.17,10.22,13.05,14.73,14.48,11.53,11.13,19.12,14.08,24.25,17.74,14.43,18.31,22.71,10.95,8.36,16.28,12.84,13.16,5.14
2009,5,13,200905,9.79,11.34,9.55,12.83,9.95,16.57,11.92,9.35,12.61,13.58,18.2,19.22,12.72,11.43,18,15.59,23.37,19.51,17.01,22.7,23.98,9.93,3.62,15.52,10.91,12.35,3.47
2009,5,14,200905,9.61,10.74,11.31,13.32,13.89,18.12,17.68,12.79,11.72,7.95,11.34,18.44,16.31,15.8,20.92,18.91,23.92,21.66,20.21,22.34,23.06,7.38,4.81,15.95,11.64,13.6,7.21
2009,5,15,200905,13.45,15.33,13.18,17.77,15.75,15.77,15.47,10.1,11.32,11.03,16.08,18.97,19.71,18.41,22.64,20.97,23.95,22.49,22.03,23.3,23.77,9.75,6.77,16.39,13.05,15.31,7.34
2009,5,16,200905,12.28,15.81,14.73,17.64,17.54,17.86,19.17,11.23,9.19,7,11.87,17.88,20.41,19.4,22.27,21.26,24.08,22.63,21.63,21.58,22.26,8.1,6.86,16.76,13.04,16.74,10.15
2009,5,17,200905,12.67,15.29,11.06,16.4,12.36,8.74,9.16,4.5,4.94,8.32,11.32,9.86,16.62,14.11,21.69,20.4,24.01,17.68,14.97,15.52,17.64,9.2,10.7,18.18,13.58,18.85,13.48
2009,5,18,200905,5.75,8.01,4.75,9.17,5.14,10.37,7.9,6.84,8.66,13.09,14.87,11.24,9.32,7.14,15.77,12.57,21.92,12.13,9.78,13.54,16.96,12.52,13.15,19.24,15.88,18.97,14.65
2009,5,19,200905,7.02,8.62,6.68,9.32,7.27,13.56,10.54,10.45,13.61,13.67,18.4,14.4,8.18,8.08,12.28,10.03,19.03,12.4,10.85,15.08,17.3,14.21,13.94,18.98,15.88,16.9,11
2009,5,20,200905,10.54,12.77,11.89,12.52,11.85,16.77,14.36,14.8,18.05,17.93,18.22,16.25,11.04,11.51,16.4,14.8,20.73,15.05,14.11,16.22,17.58,13.62,11.21,18.24,14.38,14.95,6.16
2009,5,21,200905,14.76,15.98,15.04,14.63,14.05,17.93,16.75,15.93,16.35,13.86,16.51,17.33,14.82,13.98,18.68,18.09,21.52,19.2,17.97,18.9,18.6,12.49,8.05,16.88,13.74,14.95,7.83
2009,5,22,200905,15.73,16.91,15.62,17.46,16.42,20.36,19.33,14.02,13.66,12.84,16.52,20.41,18.32,17.59,19.9,19.77,22.39,20.56,19.55,20.6,20.04,11.84,10.11,15.18,13.61,14.93,10.41
2009,5,23,200905,11.62,15.03,14.61,19.42,18.14,21.31,19.91,13.07,14.82,13.52,18.66,21.13,20.15,19.21,20.68,20.82,23.07,20.75,20.89,21.35,21.04,11.25,11,14.93,13.61,15.33,11.98
2009,5,24,200905,12.66,15.34,15.74,20.01,19.15,22.18,21.15,13.52,13.11,12.92,18.93,21.36,20.33,19.68,20.86,20.74,23.47,20.79,20.23,21.16,21.49,11.25,12.08,16.23,13.98,14.42,11.95
2009,5,25,200905,11.74,16.04,13,20.74,17.67,19.05,19.89,10.42,10.54,14.31,19.55,19.78,20.58,20.21,22,20.96,23.84,21.63,20.72,21.09,21.99,11.1,11.42,15.9,14.07,14.76,11.28
2009,5,26,200905,5.67,9.23,8.3,14.85,12.36,20.2,18.77,9.89,11.84,13.83,17.02,19.72,19.71,18.16,22.61,21.03,24.24,21.77,21.07,22.34,23.06,8.96,10.43,16.03,13.49,15.51,11.04
2009,5,27,200905,7.84,8.95,10.81,14.23,14.15,21.29,21.23,13.76,12.36,13.36,13.82,20.25,18.33,17.39,22.18,20.55,24.48,22.73,21.3,21.71,22.12,8.82,10.9,16.27,13.47,16.8,11.48
2009,5,28,200905,9.1,11.26,14.86,17.35,18.25,17.55,20.74,14.03,11.45,14.93,15.38,17.04,20.02,19.09,23.61,21.95,25.17,23.23,21.95,19.76,21.37,10.49,12.22,16.69,14.69,17.74,13.26
2009,5,29,200905,10.23,12.19,15.31,17.16,17.67,17.16,16.94,12.89,13.9,15.12,18.02,17.29,20.59,18.74,23.91,23.34,25.51,20.94,19.36,19.11,21.58,12.01,13.55,17.03,15.38,17.54,16.37
2009,5,30,200905,13.56,15.96,13.69,18.72,15.11,17.5,16.48,10.62,12.31,14.55,19.32,19.94,18.68,17.19,21.7,21.68,24.99,20.15,19.09,20.62,21.64,12.36,14.37,17.13,15.32,17.2,16.37
2009,5,31,200905,11.51,13.8,9.85,17.7,13.58,16.48,16.34,7.62,8.96,14.13,19.12,19.28,19.3,18.04,22.33,21.83,24.09,21.66,21,21.76,22.49,12.71,14.34,16.26,15.34,16.91,15.04
2009,6,1,200906,8.28,9.43,6.97,12.32,9.7,19.36,15.61,10.14,13.52,15.11,20.41,21.66,17.53,15.15,23.49,22.96,24.82,22.32,21.26,22.52,22.84,12.57,12.63,15.95,14.88,16.3,14.63
2009,6,2,200906,11.04,14.87,13.27,17.2,16.92,20.17,20.66,10.14,11.27,12.71,18.07,21.68,20.97,19.61,24.11,23.61,24.99,23.71,23.24,22.88,23.51,10.9,9.77,16.52,14.3,15.47,14.24
2009,6,3,200906,11.05,14.7,11.94,18.46,14.54,16.55,17.06,10.46,10.75,10.66,13.44,18.73,22.34,20.76,24.1,23.47,24.83,23.8,23.65,22.06,23.01,9.48,10.34,17.34,14.77,15.17,14.97
2009,6,4,200906,11.79,13.98,11.99,15.18,12.89,14.17,13.21,10.04,11.72,12.44,13.36,15.92,20.35,16,23.23,23.19,24.61,21.5,21.54,19.98,21.8,11.55,12.03,17.19,15.03,14.46,15.8
2009,6,5,200906,12.3,13.43,12.51,14.81,13.86,15.04,14.23,11.94,12.9,12.31,16.76,16.21,17.88,15.49,21.44,21.6,24.35,19.17,17.54,19.24,21.78,13.13,12.44,17.12,14.78,12.59,15.08
2009,6,6,200906,13.42,14.42,14.67,16.14,15.65,17.26,16.05,11.34,9.67,9.14,18.67,18.31,18.04,16.53,21.65,21.21,23.86,18.53,17.29,20.4,23.39,11.97,9.6,13.99,12.79,11.86,13.07
2009,6,7,200906,13.26,15.67,13.65,18.88,16.8,19.49,18.52,11.94,10.32,10.91,19.4,20.51,19.26,18.09,22.73,21.22,24.61,20.99,20.52,22.43,23.61,10.68,7.2,13.59,12.45,13.1,11.24
2009,6,8,200906,11.35,15.62,13.57,19.93,19.1,21.83,21.31,12.69,11.97,11.77,18.11,23.03,21.83,20.84,23.87,22.75,24.99,23.29,22.61,23.61,23.81,9.28,6.88,14.49,12.94,14.16,10.96
2009,6,9,200906,10.88,13.61,16.33,19.49,20.43,20.58,22.05,13.59,12.04,11.38,16.54,21.35,23.14,21.55,24.87,24.13,25.37,23.81,22.99,24.65,24.94,10.7,8.27,15.23,13.68,14.06,12.14
2009,6,10,200906,12.18,15.3,16.46,19.95,19.15,20.44,19.16,12.83,13.9,12.41,17.79,22.89,22.38,20.94,25.3,24.69,26.41,25.08,24.21,25.46,25.4,10.35,8.71,15.22,13.22,13.61,12.42
2009,6,11,200906,14.41,15.97,17.46,18.38,19.31,20.39,19.97,14.05,14.24,13.12,16.56,22.9,22.47,20.55,25.82,24.51,27.25,25.3,23.82,24.6,25.43,10.08,9.48,15.23,12.87,13.31,12.16
2009,6,12,200906,16.47,18.17,17.45,20.08,18.13,18.38,18.47,13.43,13.98,14.33,17.13,20.4,22.24,20.22,26.56,24.98,27.04,24.83,23.45,24.66,25.76,10.96,10.5,15.03,13.31,13.82,13.22
2009,6,13,200906,15.56,18.31,16.59,20.62,17.29,19.36,18.06,14.07,14.92,15.68,18.24,21.88,21.67,19.78,25.72,24.67,26.86,24.33,23.02,25.58,26.33,12.36,12.13,15.77,14.29,14.16,14.15
2009,6,14,200906,15.16,16.15,15.61,19.1,16.59,20.34,18.43,15.19,16.56,17.29,19.59,21.82,21.19,19.32,24.71,24.19,26.89,25.06,24.03,25.76,26.07,13.2,12.78,16.25,14.42,14,13.72
2009,6,15,200906,13.88,14.48,15.16,17.8,16.58,20.78,19.8,15.47,17.54,18.12,21.62,22.74,20.52,19.11,24.64,23.88,27.36,25.36,24.11,26.08,25.98,12.61,12.54,15.71,14.58,14.03,13.53
2009,6,16,200906,13.79,13.97,15.05,16.16,16.82,21.45,19.35,15.76,17.18,18.64,22.51,23.83,20.26,19.24,26.52,23.34,27.75,25.69,24.38,26.1,26.03,12.19,12.82,15.55,14.49,15.17,14.17
2009,6,17,200906,14.54,13.99,16.27,14.82,16.13,23.31,21.81,15.68,17.07,19.42,23.1,26.26,18.62,18.08,26.79,22.48,27.93,25.95,25.05,26.41,26.13,13.65,13.51,16.24,15.22,16.31,14.55
2009,6,18,200906,14.08,13.61,13.87,16.92,16.14,24.52,21.5,17.21,18.86,21.85,24.35,26.61,21.07,20.21,27.21,24.58,27.68,26.39,26.08,26.23,26.23,13.61,13.01,17.25,15.8,17.61,13.16
2009,6,19,200906,14.91,17.03,15.92,19.02,17.65,26.16,23.38,19.57,22.12,21.23,23.28,25.82,22.36,21.01,27.02,25.94,27.6,26.7,25.78,26.52,25.87,12.68,11.9,17.91,15.72,18.36,12.38
2009,6,20,200906,16.71,18.49,17.43,20.66,19.76,25.56,24.95,21.22,22.17,20.2,22.01,25.92,24.5,23.04,27.56,26.95,28.39,26.9,26.42,26.46,25.49,13.44,13.36,18.36,16.01,16.24,10.85
2009,6,21,200906,17.21,17.72,18.08,20.01,18.55,25.16,23.11,19.72,20.55,20.05,22.37,26.16,22.18,20.99,27.6,25.69,28.91,27.36,26.93,26.63,26.05,13.23,12.92,17.6,14.85,13.72,9.84
2009,6,22,200906,16.21,16.06,18.06,19.98,18.78,26.54,23.05,19.98,21.71,21.46,25.06,26.93,20.57,20.03,26.89,23.16,28.98,27,25.81,27.05,26.43,14.32,11.37,17.46,14.75,14.18,8.34
2009,6,23,200906,16.3,16.28,18.03,19.93,18.91,27.48,22.93,21.95,24.58,22.84,26.15,28.58,21.6,20.53,26.45,23.6,28.45,26.84,26.51,27.67,26.33,15.91,10.83,19.02,16.19,16.01,10.79
2009,6,24,200906,17.72,16.64,18.85,20.41,19.32,26.97,23.24,23.21,24.16,21.12,25.61,27.54,21.76,20.25,25.72,23.9,27.4,26.34,24.49,27.95,26.52,16.59,13.99,20.35,18.01,17.52,13.94
2009,6,25,200906,19.66,18.72,20.34,20.64,20.77,26.9,24.93,22.65,22.76,22.46,26.22,27.02,21.56,20.84,25.9,24.67,27.01,25.33,23.97,27.21,26.89,17.98,16.04,21.37,19.16,18.14,13.42
2009,6,26,200906,19.97,21.01,20.36,22.34,21.79,27.19,25.51,19.65,20.76,22.29,25.9,27.51,22.51,22.05,26.17,25.63,26.77,26.21,25.1,27.43,26.77,17.28,14.97,20.94,18.15,17.23,11.52
2009,6,27,200906,17.87,19.05,17.04,21.5,18.49,23.86,22.08,17.94,19.87,20.74,24.33,26.15,23.47,21.9,26.41,25.94,26.97,27.27,27.2,27.88,27.12,15.23,12.42,20.78,17.88,18.43,11.87
2009,6,28,200906,17.49,17.68,17.62,20,17.86,23.82,22.12,19.09,18.67,16.73,20.92,24.8,20.85,20.18,27.51,24.9,27.52,27.43,27.4,27.66,26.98,15.17,13.24,21.43,18.18,20.67,14.19
2009,6,29,200906,17.65,17.83,17.83,21.25,18.31,18.61,18.25,15.76,15.18,17.2,21.8,20.41,21.31,19.62,26.69,24.85,27.25,24.92,21.95,25.32,26.29,15.88,15.02,22.19,18.79,20.59,13.18
2009,6,30,200906,17.62,19.05,17.73,20.76,17.76,18.22,17.73,13.87,13.34,16.25,21.56,20.84,19.28,18.45,23.17,22.42,26.6,22.1,20.21,24.64,26.12,15.79,15.99,22.12,18.93,19.37,12.93
2009,7,1,200907,17.15,17.51,17.06,21.51,17.19,17.43,17.17,13.26,12.37,17.01,20.42,19.25,20.86,19.17,22.99,22.53,26.24,22.76,20.89,24.92,26.06,16.3,16.04,22.72,19,19.4,13.47
2009,7,2,200907,17.13,16.92,16.99,20.82,17.37,18.37,16.82,14.35,15.02,18.76,21.89,20.63,19.84,18.14,24.81,23.45,26.79,22.9,20.37,24.6,26.05,16.84,16.23,22.7,19.14,19.68,15.32
2009,7,3,200907,17.06,18.05,16.39,19.9,16.38,19.35,18.34,15.43,17.75,19.39,22.62,21.21,18.38,17.28,24.12,22.14,27.19,22.52,20.52,25.85,26.56,17.06,16.44,22.77,19.55,19.41,16.82
2009,7,4,200907,16.11,17.77,15.65,19.65,16.97,19.57,18.67,14.92,17.77,18.3,22.76,22.85,18.97,18.74,22.67,21.18,27.23,22.57,20.66,26.8,27.18,16.46,16.22,22.75,19.52,18.99,17.36
2009,7,5,200907,14.57,15.75,14.56,18.44,15.76,20.27,18.9,16.28,17.6,18.48,20.05,22.07,19.33,18,23.99,22.6,27.43,24.57,23.58,26.47,27.22,15.49,16.4,22.64,19.18,17.94,17.27
2009,7,6,200907,16.05,17.39,16.12,19.35,17.73,20.62,19.93,15.49,16.67,19.09,20.59,21.36,20.2,18.81,25.81,24.2,27.52,24.45,21.75,24.47,26.16,15.78,16.81,21.47,18.04,16.94,13.99
2009,7,7,200907,14.88,17.41,16.54,20.71,18.38,21.01,19.48,13.27,15.45,19.22,21.5,21.76,21.05,19.61,24.25,24.08,26.59,23.35,21.65,24.23,26.09,15.97,14.51,21.44,16.96,15.64,11.24
2009,7,8,200907,13.37,15.96,13.8,19.8,15.31,21.15,17.57,13.71,15.55,18.81,22.63,22.17,19.76,17.89,24.27,23.59,26.56,23.39,21.93,24.9,26.95,15.49,13.91,21.67,16.8,16.04,11.09
2009,7,9,200907,14.58,15.1,15.61,18.27,16.8,21.2,18.38,16.68,16.72,19.91,24.1,24.14,19.46,18.09,24.03,23.06,26.16,23.6,22.28,26.14,27.06,16.04,12.64,20.88,17.04,16.08,12.02
2009,7,10,200907,16.02,15.81,17.55,18.38,18.6,23.13,20.56,18.94,21.01,19.52,25.52,25.35,19.76,19.33,23.8,21.96,26.06,24.36,22.87,27.41,26.66,17.29,13.71,20.98,17.83,16.47,14.17
2009,7,11,200907,16.6,16.84,18.69,18.16,20,24.65,23.39,19.85,18.62,17.51,25.63,26.92,20.85,20.93,23.6,22.07,25.59,24.83,23.73,27.31,26.22,18.59,15.7,22.69,18.91,18.03,15.97
2009,7,12,200907,16.91,17.97,17,21.57,19.98,21.36,21.4,14.46,14.38,17.78,25.23,24.83,22.93,22.13,24.74,24.06,25.96,26.07,25.39,27.23,26.12,18.61,17.01,22.94,19.04,18.2,16.66
2009,7,13,200907,14.89,15.49,13.66,19.67,16.68,20.71,18.1,13.82,15.27,18.05,24.84,24.09,22.5,20.11,25.91,25,26.73,25.49,25.01,27.47,26.59,18.33,17.25,23.06,18.38,17.75,13.49
2009,7,14,200907,13.02,15.15,12.89,18.66,14.16,20.19,17.68,13.88,15.67,19.31,25.19,23.87,19.37,17.3,25.59,23.79,27.05,24.66,22.84,27.6,26.63,17.22,13.39,22.75,17.66,18.76,13.68
2009,7,15,200907,13.71,16.06,14.78,18.2,16.34,23.24,19.52,16.92,19.69,18.43,23.22,25.99,19.93,18.72,25.54,23.08,27.56,25.75,25.19,27.53,26.75,16.04,13.85,22.82,18.7,19.48,15.15
2009,7,16,200907,15.52,18.4,18.59,21.35,20.71,21.78,22.73,17.98,16.07,15.09,22.25,24.16,23.45,22.53,26.56,25.03,27.75,26.81,26.4,27.62,26.81,16.29,15.14,23.32,19.54,20.01,16.85
2009,7,17,200907,19,21.46,19.57,24.12,20.15,17.98,19.5,14.23,12.58,13.67,19.54,19.22,23.41,21.65,26.27,26.21,27.91,25.18,23.91,25.48,26.22,15.91,16.38,23.36,19.69,20.42,17.75
2009,7,18,200907,19.08,20.18,18.09,22.52,17.73,15.91,15.82,13.53,14.38,15.43,18.71,16.57,20.45,18.4,23.65,23.85,27.42,20.14,17.38,22.17,25.56,15.93,17.13,23.41,19.71,21.61,17.75
2009,7,19,200907,17.83,18.97,16.03,19.1,16.21,16.74,16.49,14.7,15.04,17.15,19.72,17.52,17.5,16.57,21.54,20.9,26.41,19.66,18.07,22.13,25.77,17.04,17.95,23.69,20.46,22.46,16.34
2009,7,20,200907,17.22,18.78,17.21,20.42,18,18.59,18.06,16.46,16.29,18.68,21.88,19.52,19.72,18.41,21.73,22.23,25.31,19.95,18.71,23.63,26.28,17.61,16.47,23.87,20.72,21.98,15.89
2009,7,21,200907,18.26,18.73,18.31,20.36,18.83,20.21,19.31,17.84,17.57,18.07,21.25,21.12,20.6,19.13,22.02,22.33,25.01,21.11,19.14,24.53,26.36,15.9,15.26,22.95,19.99,20.91,17.48
2009,7,22,200907,18.19,19.94,18.09,22,19.31,20.13,19.33,18.41,18.26,17.95,19.61,20.35,22.26,20.83,23.82,23.33,25.88,22.64,21,23.22,25.74,15.6,16.64,23.02,19.52,20.24,17.92
2009,7,23,200907,18.32,20.78,19.72,21.44,20.68,20.74,19.61,17.71,18.64,19.23,21.56,21.24,22.49,20.75,24.91,24.3,26.85,23.42,22.35,23.21,24.18,16.31,18.39,23.48,19.53,20.38,17.26
2009,7,24,200907,16.47,18.05,18.64,20.95,18.64,21.34,20.27,17.87,18.75,20.09,23.51,22.62,21.72,20.14,25.38,24.73,27.17,23.6,22.34,23.96,24.43,17.18,18.46,23.34,20.34,20.26,16.47
2009,7,25,200907,16.56,19.2,18.5,21.81,19.11,22.76,21.23,18.44,18.25,18.71,22.98,23.47,22.5,21.04,25.2,25.06,27.22,24.29,23.16,25.2,25.39,17.08,18.15,23.17,20.66,20.21,17.9
2009,7,26,200907,18.63,20.76,20.17,23.98,20.95,20.49,21.15,17.22,18,19.59,22.14,21.92,23.26,21.99,25.5,25.2,26.73,24.92,23.78,26,25.88,17.17,18.32,24.07,20.81,20.94,18.31
2009,7,27,200907,19.97,21.74,19.21,23.82,20.19,21.13,20.91,18.19,19.49,20.6,23.01,22.39,23.39,21.65,25.6,25.3,26.67,24.72,24.05,25.39,26.25,17.1,17.39,24.22,20.44,21.93,19.21
2009,7,28,200907,19.93,21.7,19.36,23.24,20.39,23.37,22.67,20.08,19.4,17.5,21.49,23.85,23.55,22.13,25.58,25.15,26.72,24.96,24.19,24.87,26.14,16.09,15.61,23.94,20.06,21.72,20.83
2009,7,29,200907,21.23,22.71,21.4,24.52,21.38,21.04,21.85,17.65,15.83,15.2,18.62,21.51,23.86,22.08,24.68,24.82,27.24,24.34,22.45,25.66,26.93,14.72,14.28,22.53,19.92,21.5,20.96
2009,7,30,200907,21.05,21.8,20.39,24.11,20.68,19.62,20.47,16,15.25,15.22,17.33,21.57,22.3,21.13,25.86,24.46,27.52,25.32,23.24,24.89,26.44,12.49,13.32,22.11,18.94,21.09,20.1
2009,7,31,200907,19.98,21.05,18.8,24.14,20.41,19.33,20.84,17,17.04,16.47,17.79,19.67,23.27,21.27,26.2,25.26,27.35,25.06,23.38,23.75,25.62,13.58,14.77,21.35,19.2,20.83,20
2009,8,1,200908,19.24,20.5,18.56,22.24,19.68,19.43,19.86,17.51,17.56,15.8,19.19,20.17,22.23,20.89,25.44,24.99,27.04,24.83,23.12,24.79,26.45,13.86,15.25,21.47,19.41,20.59,19.98
2009,8,2,200908,19.65,20.37,19.52,22.44,20.78,18.65,20.58,16.43,15.04,16.68,19.58,19.97,23.61,22.16,25.69,25.21,27.26,25.08,23.61,24.64,26.36,15.17,17.24,21.74,19.67,19.66,19.24
2009,8,3,200908,18.98,21.04,18.41,23.18,19.3,19.91,18.96,17.11,19.88,20.28,23.44,21.61,22.08,20.52,25.68,24.56,27.45,24.8,23.49,26.52,25.77,16.6,17.69,22.14,19.4,18.84,18.61
2009,8,4,200908,18.94,21.52,19.47,23.22,19.98,24.9,22.85,20.18,19.16,17.89,23.99,25.96,22.82,21.08,26.46,24.98,27.56,26.31,25.41,26.51,25.97,16.38,16.74,22.45,19.08,18.58,17.27
2009,8,5,200908,19.95,22.09,19.96,24.63,21.22,22.6,22.96,16.21,15.92,16.79,22.92,24.23,23.13,21.87,26.49,25.41,27.43,25.82,25.15,27.06,26.62,17.08,16.48,23.13,19.83,18.62,16.78
2009,8,6,200908,16.46,18.59,15.13,20.84,17.64,20.07,19.77,15.94,16.85,18.32,23.01,22.65,22.37,20.94,25.39,24.92,26.81,25.22,24.27,27.29,26.52,17.79,17.32,22.83,18.67,16.61,15.25
2009,8,7,200908,15.44,17.85,15.45,19.27,16.55,20.54,18.42,15.5,16.62,19.75,24.65,23.8,20.69,19.16,25.65,24.27,27.01,25.18,23.89,26.85,25.95,16.81,15.35,19.2,15.58,14.85,13.19
2009,8,8,200908,13.26,15.36,14.68,19.19,17.21,24.54,21.28,17.35,19.62,21.78,25.09,26.12,21.6,19.45,26.12,24.99,27.27,25.63,25.05,26.93,26.11,14.05,12.57,17.01,15.03,15.94,13.12
2009,8,9,200908,14.47,16.23,17.48,21.95,20.85,26.53,25.35,22.96,24.55,20.97,23.52,26.47,24.21,23.39,26.72,25.25,27.31,26.12,25.47,26.63,26.29,12.83,12.73,17.54,15.55,17.59,15.02
2009,8,10,200908,18.71,21.24,22.09,25.13,23.86,25.68,24.97,22.68,21.61,19.87,22.96,25.96,24.52,23.68,26.73,25.79,27.36,26.29,25.53,27.06,26.55,13.65,14.12,18.79,16.98,19.06,15.25
2009,8,11,200908,20.72,23.2,22.06,25.82,22.73,23.49,24.44,20.26,20.07,20.13,22.46,23.62,24.34,23.3,27.33,26.75,27.66,26.63,25.75,26.82,26.7,14.9,15.71,20.1,17.98,19.74,16.45
2009,8,12,200908,19.5,21.38,20.62,24.22,21.31,21.21,21.49,18.71,19.67,21.54,23.77,22.31,23.76,22.64,26.47,25.79,27.75,25.49,24.34,25.74,26.49,15.5,16.61,21.85,18.54,19.72,16.02
2009,8,13,200908,18.28,18.87,20.23,21.52,20.15,21.22,20.99,20.03,21.51,22.71,23.53,22.56,22.93,21.24,25.64,24.43,27.15,24.7,23.19,24.5,25.74,16.35,16.68,21.86,18.43,19.45,14.39
2009,8,14,200908,19.33,19.35,21.03,22.17,21.52,22.23,21.85,20.74,23.24,23.01,23.5,22.65,23.1,21.81,25.26,24.2,26.47,25.12,23.75,24.64,26.11,16.18,15.69,20.78,17.22,17.76,11.67
2009,8,15,200908,21.74,21.74,21.6,23.18,22.59,23.13,22.76,22.12,22.94,22.22,23.58,23.26,22.92,22.31,25.07,24.1,26.19,25.76,24.56,25.74,26.58,15.26,12.5,20.4,16.06,16.47,10.96
2009,8,16,200908,22.21,23.09,22.62,23.6,22.91,24.02,23.76,21.9,22.07,18.69,22.31,24.49,23.26,22.79,25.02,24.42,26.27,25.41,24.6,26.19,26.6,12.93,9.83,19.06,14.95,17.05,12.4
2009,8,17,200908,23.09,23.84,23.2,24.06,22.97,24.46,23.76,22.17,20.37,16.24,20.5,24.86,23.4,22.55,25.46,25.11,26.51,24.67,24.36,26.75,26.67,12.54,10.69,19,15.88,17.99,14.38
2009,8,18,200908,23.35,24.02,22.84,24.24,22.4,22.8,23.39,20.7,17.9,15.6,20.1,22.63,24.14,22.94,25.46,25.4,26.67,24.32,22.76,26.1,26.05,13.76,12.77,19.41,16.57,19.18,16.55
2009,8,19,200908,22.47,23.38,21.96,25.17,22.44,22.8,23.47,18.1,17.21,18.01,21.41,23.46,24.19,23,25.75,25.71,26.66,25.08,24.06,25.78,26.15,13.17,14.19,19.95,16.69,19.71,18.17
2009,8,20,200908,20.15,23.73,20.63,24.98,22.43,23.05,23.51,19.47,17.42,16.66,18.94,22.93,24.6,23.34,25.91,25.71,27.15,25.16,24.31,25.62,26.36,12.87,14.72,21.27,17.79,19.69,19.2
2009,8,21,200908,21.58,23.93,23.08,26.49,23.25,18.9,21.33,17.78,15.47,15.7,17.35,18.97,24.39,23.02,25.75,25.85,27.51,24.36,23,23.81,26.14,14.65,16.4,22.08,19.19,20.29,17.58
2009,8,22,200908,22.11,23.34,20.95,24.25,21.22,16.59,18.14,14.8,13.7,15.94,17.4,17.12,23.48,21.88,25.25,25.34,26.69,22.63,20.17,22.04,25.97,16.15,17.26,22.2,19.64,20.35,14.96
2009,8,23,200908,21.75,22.79,20.93,23.42,19.99,17.05,16.78,15.37,15.03,18.32,19.64,17.67,21.1,19.51,22.24,24.01,25.71,19.38,18.11,21.14,25.78,17.54,17.23,21.57,19.19,19.11,13.44
2009,8,24,200908,18.85,21.82,18.45,23.06,18.49,18.03,18.48,16.91,17.43,21.32,22.33,18.59,21.44,19.32,21.74,23.52,25.26,20,19.29,21.84,25.6,16.37,15.73,20.77,17.01,17.17,12.68
2009,8,25,200908,18.7,20.74,17.93,22.34,18.97,19.19,19.75,18.59,19.23,20.64,23.69,19.82,22.09,20.31,23.22,24,25.48,21.52,21.14,22.9,25.34,15.15,14.68,20.41,17.31,16.93,13.92
2009,8,26,200908,18.83,21.35,18.38,23.19,20.19,21.38,21.32,17.53,18.35,19.38,22.56,22.02,23.11,22.21,24.78,24.8,26.04,23.51,23.28,24.41,25.39,14.81,15.65,20.61,16.92,17.43,14.04
2009,8,27,200908,12.65,17.11,14.46,21.85,18.97,21.96,21.55,15.15,17.38,19.08,21.09,22.62,23.26,22.23,25.07,25.32,25.89,24.23,23.89,24.58,25.3,14.8,15.91,20.94,17.7,18.02,15.53
2009,8,28,200908,10.78,15.27,13.76,20.91,18.57,21.18,21.62,15.07,15.7,18.27,19.46,21.53,23.39,22.13,23.75,24.99,25.92,23.45,23,24.12,24.94,14.16,15.75,21.36,17.9,19.39,16.46
2009,8,29,200908,11.94,17.56,16.9,22.18,19.54,18.03,19.98,14.47,13,15.11,18.23,19.88,22.97,21.59,23.8,24.08,26.76,23.93,22.52,23.18,23.66,13.93,15.52,21.55,17.67,20.39,15.86
2009,8,30,200908,14.51,18.29,16.47,21.62,17.14,15.04,14.81,12.34,11.27,13.26,15.39,15.93,21.7,19.23,24.76,24.25,27.1,22.56,20.77,22.27,23.1,14.05,15.32,21.63,17.28,20.16,15.14
2009,8,31,200908,14.7,16.68,13.15,17.85,13.64,14.88,14.45,11.82,12.51,14.2,14.86,15.56,18.22,15.99,24.39,22.72,27.04,20.56,18.22,19.48,22.27,14.1,15.56,21.33,16.9,18.95,16.37
2009,9,1,200909,11.74,14.27,12.47,16.45,13.17,14.77,14.91,13.83,13.1,15.4,16.21,15.83,17.14,15.2,23.33,19.97,26.52,19.94,18.01,19.24,22.69,15.23,15.83,21.39,17.28,18.76,16.78
2009,9,2,200909,14.25,15.22,15.04,16.63,14.74,16.31,14.95,14.75,13.72,17.16,18.71,16.66,17.38,15.33,21.36,19.88,24.7,20.37,18.56,20.08,23.45,15.64,16.59,21.67,17.74,20.02,16.58
2009,9,3,200909,16.29,15.82,16.68,17.57,15.62,17.43,16.5,15.43,15.59,18.28,19.19,18.41,17.93,15.97,21.49,20.65,24.52,21.46,20.2,21.41,24.4,15.14,16.7,21.71,18.03,20.42,15.43
2009,9,4,200909,17.24,17.05,17.36,18.89,16.28,19.04,17.85,16.53,16.47,18.21,18.65,20.36,18.57,17.1,23.01,21.29,25.46,22.05,21.12,23.39,24.73,14.62,15.8,21.31,17.98,19.59,13.16
2009,9,5,200909,15.47,18.47,17.01,21.03,17.6,19.63,18.9,17.76,17.02,18.33,18.28,20.45,19.38,18.32,23.41,21.42,25.9,22.84,21.6,23.88,24.16,14.53,15.68,21.44,17.6,17.75,13.51
2009,9,6,200909,11.89,15.74,15.23,20.78,17.27,20.3,18.35,17.23,16.87,19.42,19.17,20.88,20.69,19.07,23.07,21.45,25.81,23.43,22.48,24.24,24.05,14.74,16.32,20.67,16.44,17,11.34
2009,9,7,200909,12.37,14.06,16.4,18.94,17.82,20.91,20.25,17.77,18.02,19.4,20.33,21.07,19.5,19.37,22.86,21,25.92,23.44,22.19,24.55,24.66,14.9,14.35,20.61,15.78,15.88,9.63
2009,9,8,200909,15.6,16.7,17.93,18.72,17.99,20.39,20,18.36,17.93,20.2,21.81,21.59,18.87,18.69,22.74,21.29,25.51,23.34,22.01,24.79,24.96,15.49,11.58,20.29,15.71,15.9,9.54
2009,9,9,200909,14.08,17.33,17,19.07,18.46,20.23,20.28,18.84,18.16,18.34,20.68,21.62,19.23,18.74,23.51,21.48,25.56,23.4,22.44,24.66,24.93,14.77,11.23,20.37,16.32,16.82,11.85
2009,9,10,200909,11.32,13.51,14.7,17.43,16.19,21.4,19.77,19.32,19.56,19.19,20.35,21.74,17.39,16.91,23.9,20.82,25.57,23.36,21.67,24.49,24.42,14.54,13.72,20.58,17.2,18.66,13.95
2009,9,11,200909,11.27,12.96,12.33,17.39,13.69,21.52,18.32,18.52,19.26,19.32,19.79,21.99,16.96,15.75,22.8,19.61,25.6,23.04,21.81,23.68,23.63,14.21,13.33,20.84,17.19,20.03,15.29
2009,9,12,200909,13.92,16.11,14.85,17.34,14.72,19.67,16.54,17.58,19.13,17.24,17.67,21.83,17.95,15.37,23.07,21.16,25.16,22.42,22.1,22.95,22.26,11.63,12.33,20.52,16.87,20,16.61
2009,9,13,200909,16.27,17.78,16.26,19.01,16.88,18.11,16.62,17.36,19.48,18.44,18.62,19.59,18.49,17.18,23.53,21.45,25.04,21.37,19.81,21.65,20.68,11.93,12.47,20.25,16.34,17.85,16.94
2009,9,14,200909,13.58,16.24,15.27,18.57,17.21,17.51,17.84,18.76,19.59,19.2,18.43,17.93,18.54,17.34,24.05,21.72,25.91,22.05,20.42,21.2,20.73,13.81,14.59,19.89,15.66,15.31,15.72
2009,9,15,200909,13.89,16.76,16.01,19.58,18.2,19.19,20.02,18.06,19.05,19.33,18.81,19.81,20.3,19.25,24.11,22.45,26.09,22.92,22.45,22,21.82,14.1,14.8,18.35,15.41,15.1,14.62
2009,9,16,200909,10.53,13.93,12.11,18.2,15.16,19.53,18.78,14.7,17,18.94,18.18,20.4,20.75,18.56,24.28,22.58,26.15,23.15,22.12,21.61,22.38,13.3,15.3,17.68,15.68,17.11,15.6
2009,9,17,200909,10.59,12.35,12.42,15.76,14.2,16.1,15.68,13.86,15.43,18.73,17.77,19.34,18.6,17.13,24.18,21.67,26.06,22.65,21.23,21.97,21.07,12,15.61,17.85,14.98,18.13,14.59
2009,9,18,200909,11.52,13.61,12.72,16.52,15.4,15.8,16.07,14.95,16.98,18.6,17.4,18.02,18.86,18.33,23.24,21.12,26.01,22.92,21.53,21.96,20.72,12.09,14.94,18.1,15.05,19.03,12.95
2009,9,19,200909,8.56,11.22,9.31,14.89,12.3,17.23,15.78,12.96,17.78,18.55,16.4,17.47,19.34,17.09,23.32,21.67,26.32,22.74,21.72,21.6,21.67,12.15,15.3,19.04,15.59,19.02,14.03
2009,9,20,200909,8.93,10.88,10.32,13.31,12.35,17.2,15.84,13.86,16.13,17.37,16.98,19.45,18.22,16.61,23.33,21.87,26.17,22.77,20.58,22.33,22.91,12.14,13.57,19.12,15.29,18.08,10.41
2009,9,21,200909,13.06,13.5,13.99,14.98,15.97,19.42,19.94,16.18,15.58,16.09,17.36,20.81,18.77,18.05,23.35,21.95,26.02,23.38,21.07,23.75,24.15,9.1,7.67,18.84,13.47,17.62,10.14
2009,9,22,200909,14.33,16,17.46,18.86,18.5,21.53,21.43,18.65,17.28,14.36,11.9,20.07,20.06,19.41,23.68,21.75,26.14,23.77,21.75,21.59,21.05,3.32,7.9,15.46,10.14,17.24,12.99
2009,9,23,200909,17.95,19.61,19.26,21.53,20.02,20.88,22.34,19.35,18.31,15.24,11.68,18.25,21.46,20.96,24.59,22.1,26.2,24.06,22.83,19.15,16.16,4.24,11.54,13.07,10.18,17.52,15.15
2009,9,24,200909,17.09,20.16,18.41,22.94,20.52,20.33,20.41,16.31,18.12,16.42,13,18.66,22.87,21.59,24.46,23.42,26.13,23.98,22.9,18.95,15.47,5.59,12.95,14.4,11.84,17.78,15.36
2009,9,25,200909,10.5,13.94,11.96,17.55,15.37,18.92,17.93,14.98,17.24,16.13,13,17.72,20.65,18.65,25.14,24.26,26.5,23.93,22.81,18.84,16.76,7.55,12.79,16.08,13.39,17.84,14.23
2009,9,26,200909,6.81,8.89,9.03,13.49,12.21,17.29,18,15.07,15.04,15.6,14.57,17.23,16.7,15.8,24.93,20.66,26.75,23.43,21.57,20.45,21.06,9.66,12.86,17.54,14.66,18.76,13.72
2009,9,27,200909,10.04,12.83,12.93,17.21,14.3,16.6,17.1,15.5,15.74,14.51,16.23,16.62,17.97,16.43,23.69,20.48,26.64,21.42,19.14,21.56,23.19,11.77,10.86,18.23,14.75,19.17,11.15
2009,9,28,200909,15.01,16.75,14.09,17.33,13.48,14.14,14.43,13.12,10.54,9.21,11.01,14.49,16.53,15.17,21.53,19.18,25.76,20.7,17.68,20.63,22.57,9.6,8.26,17.89,14.37,18.09,10.42
2009,9,29,200909,13.64,14.58,11.05,14.6,10.52,10.58,10.9,10.99,7.92,7.4,9.68,9.63,12.02,10.81,18.04,16.25,24.79,14.15,10.79,14.74,19.42,9.96,10.85,18.03,13.85,14.88,8.45
2009,9,30,200909,10.84,11.69,8.14,12.51,9.79,12.25,11.79,7.95,6.14,9.05,12.86,11.64,12.05,11.05,13.71,13.26,20.6,13.44,12.82,15.51,21.63,11.9,8.97,17.98,12.15,10.64,4.78
2009,10,1,200910,6.81,7.33,5.67,10.67,8.04,12.99,10.18,6.44,6.22,10.02,15.37,15.59,11.81,10.23,15.69,14.73,19.74,15.36,14.71,19.57,23.66,4.33,2.47,11.8,7.51,9.73,5.29
2009,10,2,200910,6.63,8.34,7.4,11.88,9.31,12.49,12.12,8.24,8.2,7.61,8.09,12.19,14.36,12.92,18.27,16.97,22.22,17.82,16.37,16.53,19.22,1.56,2.49,11.14,7.02,11.37,6.89
2009,10,3,200910,9.55,14.01,12.35,18.17,13.7,10.1,11.15,9.15,8.02,6.75,7.26,9.63,17.11,14.88,19.67,19.46,23.72,15.22,12.34,14.1,17.99,3.54,3.7,12.77,8.77,11.7,4.89
2009,10,4,200910,13.14,16.07,12.76,17.83,12.28,10.36,10.84,9.11,7.71,7.06,8.15,10.94,12.77,12.54,17.2,15.47,24.97,14.79,11.32,15.46,19.78,6.1,4.41,14.25,8.11,8.41,4.33
2009,10,5,200910,11.19,13.09,10.09,13.19,10.58,10.51,11.2,9.51,8.43,7.32,10.73,11.48,12.87,11.78,17.31,14.88,25.84,14.84,12.55,15.96,20.9,7.3,2.34,12.78,7.67,6.58,4.67
2009,10,6,200910,9.55,10.55,9.11,11.5,9.53,13.3,11.39,9.39,8.8,7.15,10.7,14.62,14.83,11.99,19.12,16.98,25.97,18.77,17.09,19.78,24.05,3.5,1.28,9.93,7.76,8.14,5.24
2009,10,7,200910,9.54,12.69,10.72,15.65,12.5,10.22,12.06,9.76,7.71,6.43,7.73,9.95,17.46,15.22,23.76,20.68,27.27,20.47,16.75,17.32,21.84,4.6,2.84,12.16,8.69,9.66,7.21
2009,10,8,200910,8.93,9.91,9.1,11.39,10.07,10.09,9.5,8.94,7.03,5.23,7.68,12.68,11.25,10.49,21.67,16.23,27.56,19.49,14.72,20.25,24.37,5.02,1.1,10.74,9.47,10.88,6.73
2009,10,9,200910,8.59,10.74,10.31,14.7,12.04,10.54,13.01,8.48,4.68,2.16,4.71,11.14,17.11,15.88,24.63,19.51,27.27,23.96,22.54,18.43,19.5,1.51,-0.85,10.29,7.26,11.56,6
2009,10,10,200910,10.34,14.7,10.88,18.11,14.02,5.83,10.54,5.78,1,-1.7,1.15,6.06,19.71,16.76,24.15,23.73,27.2,17.76,15.13,12.3,13.85,0.61,-4.38,11.9,7.67,11.91,3.88
2009,10,11,200910,4.43,7.44,5.77,10.43,7.47,2.96,6.02,1.94,-0.74,-2.21,-1.74,4.88,13.13,10.2,21.36,18.48,26.54,14.92,12.4,12.16,14.27,-0.04,-3.9,12.49,8.33,11.6,2.31
2009,10,12,200910,3.47,5.42,3.8,8.43,5.76,5.4,6.33,2.95,0.89,-0.86,2.29,8.99,13.5,9.96,21.58,17.16,26.37,16.26,14.31,15.16,16.25,3.22,-2.61,13.06,9.34,11.03,1.51
2009,10,13,200910,4.1,7.22,5.79,11.73,9.36,8.17,9.69,4.94,0.96,-0.78,2.88,10.2,14.78,13.02,20.54,17.71,26.15,18.19,16.5,17.3,19.67,5.08,1.33,13.74,10.84,10.89,4.49
2009,10,14,200910,2.17,4.06,2.7,7.6,4.35,6.99,6.52,3.93,2.52,0.57,3.67,8.99,10.45,7.77,19.53,15.94,25.35,17.95,15.12,17.31,21.68,6.29,3.92,13.09,11.11,11.05,7.16
2009,10,15,200910,0.63,3.35,1,7.72,4.44,7.5,6.61,3.83,3.43,2.39,7.54,10.15,8.96,7.85,18.28,12.7,25.76,18.28,14.86,18.65,22.93,7.85,5.61,14.72,11.65,13.63,8.67
2009,10,16,200910,0.54,3.43,0.97,6.57,2.98,6.3,5.36,3.43,3.19,3.01,8.37,8.09,9.41,7.23,18.34,14.66,25.1,14.16,10.63,14.47,18.32,6.44,5.64,15.79,11.62,15.99,11.22
2009,10,17,200910,1.6,4.14,1.85,7.29,3.1,5.36,4.53,3.67,3.04,3.17,7.41,6.5,7.26,5.49,10.48,11.11,18.97,8.52,6.67,10.94,14.88,6.03,7.15,16.06,11.48,16.59,12.79
2009,10,18,200910,2.92,5.96,3.22,7.66,3.86,5.99,4.72,4.06,3.76,6.76,8.2,5.95,5.53,4.85,7.88,7.62,12.68,7,5.32,9.33,14.33,8.38,9.57,17,12.7,16.5,10.63
2009,10,19,200910,3.21,4.85,2.64,6.14,3.43,7.8,6.1,7.4,8.05,9.56,12.3,9.51,5.55,5.16,7.59,7.69,12.1,7.25,6.48,11.21,16.11,10.15,8.37,16.72,12.84,13.26,9.06
2009,10,20,200910,4.67,6.47,7.06,7.38,7.53,12.36,10.29,9.8,9.51,8.38,13.77,13.63,8.2,8.26,10.06,9.11,17.1,9.87,8.96,15.07,18.92,8.56,5.35,13.69,10.06,10.62,7.13
2009,10,21,200910,7.91,10.83,10.18,11.96,11.66,14.91,13.21,10.72,9.61,7.24,12.51,15.47,11.87,11.9,13.41,11.61,20.44,12.77,11.31,16.83,19.26,4.44,3.1,10.13,7.84,11.29,7.93
2009,10,22,200910,6.59,13.04,11.12,13.72,11.56,14.34,12.9,9.11,7.29,4.54,6.46,15.86,12.58,12.57,16.64,13.64,22.43,16.62,14.35,17.39,16.18,0.62,3.7,10.45,6.78,12.16,7.23
2009,10,23,200910,3.61,8.48,7.15,13.23,11.97,13.91,14.36,5.87,4.06,3.55,4.59,10.92,14.86,13.88,20.54,18.56,23.73,16.91,16.26,11.78,11.67,1.43,3.78,10.67,6.99,12.76,7.79
2009,10,24,200910,4.27,10.22,10.06,16.3,13.7,7.81,11.31,7.56,4.38,4.43,6.75,6.96,18.42,15.72,18.93,20.39,23.1,12.41,12.33,10.33,12.59,3.84,5.13,10.94,8.22,13.79,6.44
2009,10,25,200910,10.57,13.78,9.13,12.86,8.73,8.91,7.06,5.37,6.8,6.14,8.83,10.26,11.65,9.44,12.38,15.42,19.69,9.36,8.29,12.28,15.64,2.84,1.47,11.36,6.59,12.27,3.89
2009,10,26,200910,4.26,7.03,5.85,9,7.35,11.13,9.59,8.57,7.66,4.95,6.22,10.75,9.32,8.63,14.28,13.87,20.15,11.29,10.24,13.07,15.35,-2.09,0.24,8.05,4.33,12.03,7.13
2009,10,27,200910,3.66,7.5,7.49,10.86,8.61,10.34,10.54,8.88,5.96,5.24,5.09,9.38,12.8,10.91,17.63,15.81,23.73,14.38,12.61,12.08,11.04,0.64,1.72,8.05,4.02,9.35,2.79
2009,10,28,200910,6.29,9.58,9.63,13.19,11.27,12.04,11.55,8.42,5.73,6.14,6.88,11.82,15.72,13.15,20.15,19.64,24.87,14.51,13.16,12.33,13.88,-0.66,-2.3,4.82,1.57,4.19,0.68
2009,10,29,200910,5.19,7.78,8.8,11.27,10.91,12.14,11.75,9.44,9.82,6.97,9.04,13.02,12.9,12.03,19.23,15.69,25.43,16.87,13.19,17.83,18.32,-5.06,-4.14,0.92,-1.74,3.7,1.98
2009,10,30,200910,6.53,8.27,9.6,11.45,11.13,16.12,15.82,12.43,12.58,5.52,4.56,13.51,13.83,13.55,19.8,15.94,24.73,21.28,18.62,14.39,10.71,-6.58,-2.18,1.72,-0.32,7.78,7.22
2009,10,31,200910,10.52,12.13,12.04,14.76,12.88,7.36,11.7,8.47,4.22,2.2,5.54,6.12,15.31,14.22,19.35,18.17,24.57,13.89,12.72,9.45,8.95,-0.27,2.83,6.65,3.46,10.38,8.38
2009,11,1,200911,9.81,12.28,7.55,12.68,7.91,5.12,5.6,4.21,2.44,4.94,9.46,7.38,12.11,9.76,13.53,15.7,22.04,9.41,8.8,11.26,11.66,2.67,3.59,9.48,6.28,11.47,5.13
2009,11,2,200911,4.22,6.15,5.56,9.65,6.21,8.59,5.79,5.19,4.61,4.1,8.96,10.5,9.29,7.66,12.77,12.26,19.11,8.83,8.28,12.28,12.91,3.01,1.55,11,7.04,12.11,3.5
2009,11,3,200911,4.27,6.4,6,9.63,6.64,5.23,5.75,3.62,0.82,1.61,5.86,7.58,8.97,7.41,12.84,11.53,19.51,11.1,9.86,12.25,13.63,2.78,1.5,11.57,7.49,12.72,4.2
2009,11,4,200911,2.68,4.39,3.15,6.76,3.59,6.22,3.92,2.56,2.46,3,6.54,7.45,6.14,4.09,13,11.07,19.96,10.82,8.31,12.89,14.26,3.96,1.5,12.11,7.64,12.44,4.66
2009,11,5,200911,0.93,4.12,2.9,7.02,3.48,6.16,5.75,4.04,3.26,2.8,6.88,6.79,8.28,5.84,12.88,11.69,20.1,11.15,8.21,13.08,14.91,4.71,3.68,12.97,7.98,11.66,6.41
2009,11,6,200911,0.96,3.9,1.56,4.81,2.17,7.58,4.55,2.49,4.27,5.92,11.23,10.7,4.98,3.99,9.2,7.31,16.53,9.2,7.71,13.77,14.77,6.14,5.48,12.99,8.1,10.31,6.22
2009,11,7,200911,0.11,1.73,1.45,3.92,2.41,12.23,8.04,7.9,9.71,8.23,11.58,14.16,5.2,5.29,10.67,7.71,18.64,10.88,10.28,14.49,15.06,6.13,3.25,12.63,7.36,9.42,3.34
2009,11,8,200911,5.03,6.92,7.49,8.69,7.87,13.51,11.94,9.25,7.8,6.6,10.81,14.08,9.46,9.98,13.97,11.2,20.22,13.17,11.57,15.3,16.1,4.79,1.37,11.6,5.85,8.25,2.9
2009,11,9,200911,6.15,8.45,8.98,11.15,10.4,14.34,12.68,10.94,10.44,6.12,9.51,14.89,12.09,11.7,15.95,13.98,21.58,15.11,13.35,16.65,17.14,2.53,-0.04,11.61,5.63,7.92,3.29
2009,11,10,200911,9.3,11.45,10.35,12.8,11.49,12.61,12.72,7.37,5.61,5.01,8.75,13.91,13.96,13.17,18.36,16.59,22.61,16.55,14.46,16.81,16.78,2.98,1.56,11.58,6.52,9.26,4.13
2009,11,11,200911,4.57,8.18,5.58,11.28,7.83,7.64,7.45,4.4,3.84,5.66,9.17,9.97,11.76,10.37,15.31,16.11,21.59,13.19,11.96,14.39,15.85,4.62,2.44,12.17,7.47,10.71,3.41
2009,11,12,200911,2.2,4.35,2.8,7.96,4.12,3.9,3.77,3.38,3.09,7.15,10.98,6.74,7.56,6.6,11.89,10.57,17.47,9.35,7.35,12.16,15.02,5.54,3.02,12.04,7.35,8.92,1.12
2009,11,13,200911,2.27,5.95,3.18,9.66,5.57,5.64,5.13,4.95,5.64,6.71,10.65,8.09,8.58,8.08,11.92,10.8,14.85,8.53,7.71,11.45,15.19,4.47,-1.9,10.37,5,5.66,-0.48
2009,11,14,200911,4.42,9.71,6.91,12.17,10.57,9.3,9.47,7.77,8.22,4.45,7.35,11.8,11.85,11.6,14.04,13.53,16.35,11.36,10.98,13.75,16.25,0.11,-4.44,8.2,3.31,5.07,-0.89
2009,11,15,200911,10.99,13.49,11.04,14.22,12.34,11.43,11.55,7.85,3.95,1.45,4.85,12.44,13.48,12.56,13.37,14.61,16.34,12.97,12.45,15.46,17.11,-3.24,-6.2,4.3,-0.33,4.48,-0.38
2009,11,16,200911,8.57,11.25,6.99,12.26,9.52,8.82,10.33,3.62,2.12,0.99,2.42,9.16,12.57,12.41,13.75,14.05,16.88,14.45,13.46,13.01,12.41,-7.02,-4.27,2.59,-2.01,5.05,2.56
2009,11,17,200911,1.3,3.64,1.74,6.57,4.7,7.96,8.02,3.17,1.82,1.15,1.78,5.64,11.94,10.01,14.44,13.69,18.86,12.01,11.67,6.45,6.15,-4.2,-0.89,3.97,-0.02,6.23,4.44
2009,11,18,200911,1.38,3.28,2.41,7.05,4.9,7.06,8.89,4.37,2.22,1.05,2,5.09,10.27,9.08,15.78,13.92,19.29,8.4,8.56,6.84,7.9,-1.89,-0.09,5.59,1.48,6.09,1.67
2009,11,19,200911,2.72,5.82,5.23,9.8,8.59,6.97,8.11,7.2,5.48,2.41,3.19,6.77,11.86,10.94,13.92,15.82,18.13,8.56,8.55,8.05,10.48,-1.75,-1.8,6.17,1.88,4.82,1.88
2009,11,20,200911,6.65,11.65,8.75,13,8.79,7.43,7.23,6.51,6.47,2.72,4.19,7.65,11.02,9.23,11.75,14.74,17.56,8.54,8.21,10.93,13.1,-2.05,-0.87,5.93,1.79,5.78,4.53
2009,11,21,200911,5.8,6.55,5.73,7.44,6.24,8.22,7.33,7.14,5.78,2.6,5.17,9.98,7.63,6.81,12.71,11.27,19.41,10.22,9.03,12.11,11.23,-1.04,-0.23,5.65,2.24,5.06,1.45
2009,11,22,200911,2.52,5.24,4.87,6.94,6.57,9.62,8.18,7.79,7.59,4.94,7.31,11.13,7.88,7.58,12.65,9.67,20.37,11.07,9.02,11.2,10.65,-1.75,-3.36,5.42,1.16,5.4,1.31
2009,11,23,200911,1.6,4.36,3.65,7.8,5.13,8.17,6.86,6.89,8.14,4.17,6.64,10.49,8.74,7.22,11.5,10.23,21.04,11.99,10.27,12.45,11.77,-2.7,-3.04,5.14,0.75,5.3,0.38
2009,11,24,200911,3.33,7.82,5.59,10.14,7.65,9.24,8.92,6.37,6.09,3.42,4.79,10.14,9.51,9.13,11.97,11.43,19.62,12.84,11.45,11.21,11.18,-5.66,-3.91,3.56,-1.18,5.75,2.7
2009,11,25,200911,4.92,8.08,7.55,10.84,8.82,8.04,9.45,7.65,6.6,1.59,2.07,5.77,10.43,10.15,12.7,11.31,19.4,11.51,10.01,7.25,6.71,-3.4,-1.96,3.71,-0.34,6.5,3.86
2009,11,26,200911,7.03,9.24,7.5,11.26,7.47,3.64,5.06,5.16,2.3,-0.97,1.14,2.57,8.34,7.71,9.25,9.93,16.48,6.35,4.76,5.09,7.04,-0.81,-0.4,4.37,0.83,6.82,4.01
2009,11,27,200911,4.98,7.42,5.25,7.99,3.93,1.19,2.02,1.79,-1.59,0.4,4.26,2.44,4.99,3.63,5.04,6.15,10.57,3.84,3.29,5.64,8.59,0.05,0.18,6.27,2.05,6.99,3.98
2009,11,28,200911,3.34,5.22,3.14,5.38,2.8,3.41,2.14,1.8,0,1.62,5.54,6.55,2.92,2.39,5.47,4.54,9.53,5.93,4.87,8.93,11.51,0.06,-0.92,6.95,3.34,5.01,0.51
2009,11,29,200911,0.93,3.3,2.93,5.09,3.52,6.42,5.97,2.8,1.01,0.4,3.62,8.57,5.9,5.75,9.11,6.74,12.95,9.89,7.67,11.94,14.24,-1.79,-2.87,5.37,1.44,4.39,1.59
2009,11,30,200911,2.7,6.37,4.69,8.65,6.1,3.79,5.66,1.91,0.6,0.13,1.87,3.91,8.96,8.04,11.36,10.54,15.84,12.01,9.17,9.62,9.69,-2.88,-1.89,4.82,-0.4,5.06,2.2
2009,12,1,200912,-0.59,1.89,0.22,4.47,1.69,3.1,2.6,2.1,1.53,0.87,3.13,3.57,4.29,2.98,10.46,7.75,17.58,5.58,3.84,5.66,6.35,-1.97,-2.46,4.49,-0.46,5.39,1.11
2009,12,2,200912,0.85,3.09,2.16,5.17,2.86,3.46,3.03,2.72,1,-1.79,-0.05,3.59,4.58,4.25,14.29,9.35,21.26,9.71,6.17,6.75,6.09,-6.44,-7.97,3.81,-1.3,4.98,-1.86
2009,12,3,200912,5.96,11.07,7.63,13.75,9.18,1.3,5.06,1.75,-1.75,-5.86,-5.05,-0.39,11.92,9.71,13.11,14.75,20.41,7.91,6.7,2.61,2.63,-12.65,-11.5,2.76,-3.66,4.12,-3.68
2009,12,4,200912,4.77,6.65,3.56,7.41,3.4,-2.69,-0.72,-2.09,-5.22,-7.97,-6.4,-3.2,6,4.15,6.81,9.1,15.04,3.67,2,0.29,0.52,-14.29,-11.59,-1.23,-6.34,3.23,-3.77
2009,12,5,200912,1.8,3.61,0.61,4.64,0.61,-3.09,-2.85,-3.62,-5.66,-8.54,-5.76,-2.69,4.94,1.91,7.54,9.21,13.55,1.23,-0.3,-1.09,-0.79,-9,-9.39,-1.17,-5.52,3.12,-4.13
2009,12,6,200912,-1.65,0.6,-1.74,0.98,-2.1,-2.74,-3.96,-2.91,-4.94,-8.46,-4.83,-1.81,-0.72,-3.02,2.95,3.08,10.52,-0.25,-2.17,0.72,4.22,-9.43,-12.71,0.74,-5.27,0.31,-6.36
2009,12,7,200912,-2.56,-1.37,-1.77,-0.25,-2.47,-0.64,-1.97,-2.27,-4.96,-8.88,-7.34,0.46,0.61,-0.96,7.72,4.34,16.78,4.1,2.24,4.71,7.55,-10.98,-15.31,2.68,-3.92,1.04,-10.42
2009,12,8,200912,-2.36,-0.13,-1.27,0.87,-0.78,-0.38,-0.38,-2.19,-5.76,-10.77,-7.88,0.72,2.39,0.74,10.9,6.83,19.89,7.88,4.07,6.88,11.1,-9.35,-16.26,3.13,-4.18,-1.83,-13.43
2009,12,9,200912,-3.88,0.67,-0.83,6.45,1.64,-0.17,2.67,-0.4,-3.87,-14.17,-11.7,-2.78,7.6,5.78,15.63,12.99,22.15,11.9,8.68,4.18,7.4,-16.48,-18.77,-0.81,-8.55,-2.44,-13.1
2009,12,10,200912,-0.52,2.46,-1.13,4.69,-1.91,-10.46,-6.75,-5.95,-13.57,-17.78,-14.67,-10.96,2.8,-0.58,7.52,8.43,19.14,0.16,-2.61,-3.2,1.52,-15.83,-16.43,-0.6,-8.19,-0.77,-11.17
2009,12,11,200912,-6.26,-5.12,-7.15,-4.01,-7.67,-8.23,-7.75,-9.81,-16.48,-15.81,-10.82,-6.96,-4.06,-5.89,0.73,-0.54,11.83,-1.6,-3.85,-1.06,3.52,-11.97,-13.11,0.38,-4.91,2.65,-9.23
2009,12,12,200912,-9.6,-6.2,-6.77,-3.6,-5.61,-3.7,-4.3,-6.34,-12.98,-12.57,-6.78,-2.64,-3.02,-3.79,2.88,0,14.93,0.81,-1.91,3.1,7.69,-6.72,-8.52,3.41,-0.93,4.86,-5.34
2009,12,13,200912,-6.24,-3.5,-4.09,-0.55,-2.48,1.1,0.42,-1.48,-5.79,-14.73,-4.62,2.63,1.63,1.29,9.6,7.09,19.56,7.88,5.27,8.59,10.95,-3.14,-8.34,5.42,0.76,5.38,-3.01
2009,12,14,200912,-0.25,2.09,0.36,3.6,1.45,3.11,2.51,-2.56,-6.72,-16.14,-7.96,4.43,5.64,5.07,14.21,10.3,21.7,12.27,9.53,11.3,12.73,-4.01,-9.86,4.9,0.64,4.12,-3.1
2009,12,15,200912,-0.13,2.25,1.18,5.92,3.31,-3.96,2.66,-3.12,-12.12,-18.92,-12.08,-5.6,9.4,7.62,17.03,14.36,21.43,12.09,9.44,4.96,9.5,-6.41,-9.16,3.11,-1.15,4.98,0.15
2009,12,16,200912,-5.26,-1.48,-4.15,1.43,-2.59,-9.18,-5.6,-8.56,-18.09,-16.14,-7.34,-6.24,2.2,-0.7,10.76,7.59,19.56,3.07,-0.01,1.34,4.73,-3.32,-3.18,3.41,-0.09,6.3,2.59
2009,12,17,200912,-13.73,-7.4,-9.02,-2.4,-5.14,-3.92,-4.43,-7,-12.22,-10.4,-2.12,-0.98,-1.71,-3.47,4.66,1.51,16.5,2.38,0.63,3.19,6.94,-1.99,-1.81,4.32,0.26,6.25,2.7
2009,12,18,200912,-14.14,-10.67,-10.5,-4.37,-5.35,-0.5,-1,-3.16,-7.01,-8.12,-0.89,0.04,-0.97,-1.69,7.75,2.51,18.85,5.36,3.28,5.72,7.97,-4.1,-3.89,4.14,0.02,6.86,2.63
2009,12,19,200912,-11.72,-7.63,-8.34,-2.8,-4.42,-0.36,-0.07,-1.57,-3.9,-8.77,-3.29,-1.67,-1.43,-1.7,6.12,3.32,14.46,4.77,2.99,3.72,6.9,-5.99,-4.76,3.93,-0.86,7.19,2.74
2009,12,20,200912,-9.43,-4.77,-7.47,-3.25,-5.24,-0.98,-1.12,-2.84,-4.88,-7.19,-2.32,-2.36,-2.38,-3.01,4.54,2.26,9.63,2.49,1,2.84,5.97,-4.06,-2.42,3.54,-0.69,7.14,3.24
2009,12,21,200912,-7.89,-6.64,-7.67,-5.85,-4.91,-0.51,-0.92,-3.53,-5.46,-7.12,-1.15,-1.32,-4.07,-3.6,2.89,1.67,7.37,3.12,1.84,4.86,7.66,-2.59,-2.11,4.79,0.32,6.95,3.47
2009,12,22,200912,-8.44,-8.44,-8.65,-4.15,-3.14,0.52,-0.79,-2.86,-5.51,-7.23,-0.97,2.1,-2.31,-2.53,4.95,2.68,9.32,5.12,4.11,7.84,11.22,-2.65,-3.81,5.41,0.79,4.53,-0.49
2009,12,23,200912,-9.06,-10.41,-10.01,-5.84,-6.32,2.56,-0.49,-4.93,-5.09,-5.76,-3.01,6.55,-0.78,-2.15,6.74,3.08,13.86,8.12,6.41,12.37,13.11,-4.37,-6.61,2.46,-2.22,0.87,-3.7
2009,12,24,200912,-4.37,-5.75,-6.82,-5.77,-6.73,3.87,-0.79,-4.37,-2.8,-6.72,-4.92,7.85,-2.16,-3.56,8.15,3.54,17.13,9.5,7.5,10.4,8.04,-9.59,-12.56,0.07,-5.34,2.06,-3.78
2009,12,25,200912,-4.13,-2.13,-3.33,-1.46,-3.04,3.77,2.34,0,0,-7.93,-10.83,-1.51,-0.41,-0.47,13.65,8.42,20.02,7.48,7.27,-0.84,-0.05,-13.28,-11.83,-1.17,-6.95,2.37,-2.82
2009,12,26,200912,-4.48,-0.36,-0.29,4.75,1.39,-3.49,-0.45,-0.76,-4.22,-6.98,-7,-4.7,5.04,3.1,5.27,9.71,13.25,1.72,0.94,-1.89,1.26,-11.51,-11.23,-1.95,-7.42,2.23,-3.76
2009,12,27,200912,0.22,3.74,1.45,6.81,0.53,-3.6,-1.31,-2.57,-6.47,-7.88,-5.15,-3.93,2.45,0.97,4.41,5.34,11.16,2.53,0.22,-0.08,3.07,-9.46,-10.85,-1.56,-7.28,3.46,-4.22
2009,12,28,200912,-0.06,0.91,-1.28,1.48,-2.04,-4.04,-3.3,-3.61,-6.51,-10.75,-4.44,-3.72,0.22,-1.26,3.99,3.59,11.83,0.41,-1.15,-0.64,2.3,-9.94,-10.44,-0.65,-5.82,3.27,-2.91
2009,12,29,200912,-5.98,-5.35,-9.55,-4.31,-6.93,-7.86,-5,-7.84,-15.07,-16.16,-8.28,-7.35,-2.49,-4.09,1.11,0.36,6.66,-0.1,-1.73,-0.2,2.81,-7.9,-9.34,1.49,-3.93,3.31,-3.43
2009,12,30,200912,-14.39,-10.76,-10.54,-6.6,-7.91,-4.6,-4.96,-6.53,-11.09,-13.46,-4.53,-2.27,-4.47,-5.24,2.43,-0.79,9.66,2.3,-0.04,3.43,5.1,-7.1,-7.84,1.58,-2.81,4.05,-1.93
2009,12,31,200912,-8.12,-3.34,-4.6,-1.22,-3.16,-1.26,-0.23,-2.82,-9.19,-13.65,-6.1,-1.45,-0.77,-0.64,7.23,3.45,16.86,7.56,4.62,4.59,7.08,-8.1,-8.51,2.25,-3.26,4.28,-1.44
2010,1,1,201001,-3.45,-0.7,-2.12,0.56,-1.53,-9.42,-4.56,-5.91,-12.78,-18.28,-8.92,-9.03,1.15,-0.1,7.59,4.99,16.33,3.52,0.47,1.32,3.77,-8.12,-7.87,0.51,-2.92,5.86,1.99
2010,1,2,201001,-4.37,-1.36,-5.68,-2.31,-6.45,-11.84,-7.89,-10.83,-18.92,-24.66,-12.77,-11.66,-4.88,-6.24,0,-1.12,7.38,-2.39,-5.36,-0.87,3.18,-5.57,-4.23,2.66,-1.74,6.35,1.82
2010,1,3,201001,-5.14,-7.96,-12.67,-8.09,-10.64,-14.28,-10.67,-10.99,-18.77,-20.31,-9.4,-10.27,-8.62,-9.84,-3.01,-5.28,3.78,-4.58,-7.47,-1.11,4.2,-6.28,-5.59,3.1,-2.32,6.06,0.55
2010,1,4,201001,-3.22,-4.73,-9.57,-5.66,-7.76,-13.51,-7.95,-6.97,-16.78,-18.88,-8.88,-12.58,-7.51,-7.88,-3.96,-5.46,2.9,-5.22,-7.99,-2.46,3.43,-7.68,-6.9,2.68,-2.96,5.97,1.39
2010,1,5,201001,-4.43,-5.07,-8.25,-4.69,-6.43,-13.36,-7.3,-4.9,-15.18,-17.44,-7.84,-15.07,-5.48,-6.42,-4.07,-4.72,2.98,-6.14,-8.4,-4.14,1.94,-6.41,-5.48,2.76,-2.31,5.95,3.25
2010,1,6,201001,-5.82,-4.58,-6.96,-2.96,-4.5,-12.01,-5.76,-4.24,-13.8,-15.27,-7.58,-12.11,-4.61,-5,-4.41,-4.07,1.32,-5.44,-7.9,-2.11,4.17,-4.7,-7.64,3.29,-0.97,6.51,2.69
2010,1,7,201001,-5.7,-4.05,-5.63,-2.16,-4.2,-7.81,-4.84,-4.4,-8.11,-16.45,-13.5,-8.45,-3.62,-3.83,-2.25,-2.55,2.86,-2.16,-4.19,-1.89,3.2,-11.75,-14.53,3.97,-1.64,7.15,-0.61
2010,1,8,201001,-7.1,-4.51,-6.86,-1.76,-4.71,-8.78,-6.93,-6.53,-9.7,-18.76,-16.83,-13.12,-3.84,-5.44,-1.35,-0.85,5.88,-6.04,-8.25,-7.98,-4.69,-13.91,-13.25,3.2,-4.45,7.27,-1.03
2010,1,9,201001,-9.8,-7.04,-11.51,-4.84,-7.63,-13.26,-6.66,-8.69,-16.36,-20.76,-16.08,-12.55,-6.64,-6.73,-4.51,-5.46,3.38,-5.12,-6.78,-7.11,-4.3,-9,-7.72,2.09,-3.32,7.47,1.03
2010,1,10,201001,-14.68,-10.47,-13.22,-7.41,-11.07,-15.87,-9.75,-9.38,-16.2,-14.34,-11.95,-13.37,-6.33,-7.76,-3.28,-3.68,0.5,-4.58,-6.41,-5.59,-2.27,-6.64,-4.91,2.87,-1.76,7.98,1.41
2010,1,11,201001,-9.39,-6.82,-7.78,-5.81,-8.79,-8.42,-8.41,-6.91,-9.25,-9.45,-4.8,-7.24,-6.18,-7.42,-3.23,-3.99,0.99,-4.2,-5.55,-2.32,0.77,-5,-4.5,3.05,-1.4,8.05,3.02
2010,1,12,201001,-8.29,-4.46,-7.17,-3.3,-5.98,-5.33,-5.1,-6.56,-10.39,-10.28,-4.67,-7.52,-3.54,-4.76,-0.87,-1.2,3.63,-1.66,-2.67,-0.18,4.8,-3.99,-2.75,2.88,-0.35,8.38,4.23
2010,1,13,201001,-13.38,-8.48,-9.31,-4.36,-6.51,-6.12,-6.19,-5.29,-8.53,-6.51,-1.97,-4.9,-4.26,-5.08,-0.3,-1.43,4.56,-2.15,-3.13,1.01,6.31,-3.36,-1.94,4.54,0.51,7.55,3.74
2010,1,14,201001,-9.99,-3.67,-4.7,-1.9,-4.49,-2.63,-4.04,-3.97,-6.72,-6.22,-0.07,-0.08,-1.28,-2.63,2.05,0.47,7.34,0.22,-0.39,4.71,9.02,-2.64,-2.19,4.33,0.9,5.55,2.27
2010,1,15,201001,-4.3,-1.36,-2.37,-0.51,-1.73,-1.95,-0.29,-3.27,-9.35,-7.26,-0.85,0.68,0.86,-0.11,5.75,3.36,13.26,3.29,2.98,7.25,9.51,-3.37,-3.72,3.46,-0.4,5.88,3.03
2010,1,16,201001,-2.7,-0.32,-2.53,1.14,-0.64,-1.87,0.14,-4,-8.51,-4.9,0.02,1.88,3.53,2.53,9.18,5.58,17.73,7.21,4.69,7.69,7.85,-3.59,-2.55,4.09,0.25,6.92,3.4
2010,1,17,201001,-5.18,-0.14,-2.53,1.52,0.14,-0.79,0.83,-3.51,-7.12,-4.43,0.63,2.78,4.7,2.7,13.67,10.75,18.87,9.51,7.85,7.95,8.2,-1.92,-2.03,4.13,0.77,6.14,3.69
2010,1,18,201001,-4.07,0.82,-0.03,4.05,1.88,-1.63,-0.67,-3.21,-6.23,-7.23,0.1,2.89,6.72,4.09,10.15,10.84,14.22,6.86,5.79,8.04,9.71,-2.69,-2.59,4.54,1.16,6.55,3.74
2010,1,19,201001,-2.93,0.07,-1.56,3.08,0.5,-1.24,0.24,-3.54,-8.04,-9.68,-0.4,4.4,5.53,3.41,8.79,8.43,12.24,8.35,7.47,10.49,12.08,-1.55,-2.31,6.19,1.97,5.13,3.37
2010,1,20,201001,-2.56,0.02,-1.86,2.01,-1.4,-0.27,-0.96,-4.39,-8.78,-8.71,1.32,7.83,6.74,3.88,10.14,9.11,12.87,11.48,10.74,13.37,13.41,-3.49,-3.5,4.92,0.58,4.23,2.66
2010,1,21,201001,-4.43,-2.36,-3.83,-0.33,-2.82,2.14,-0.35,-5.06,-5.81,-5.81,0.76,6.25,3.39,1.64,13.63,9.02,18.06,13.58,11.79,13.06,11.9,-3.87,-4.54,4.84,-0.13,4.16,2.2
2010,1,22,201001,-6.77,-3.58,-4.23,0.44,-1.29,1.17,2.09,-3.94,-4.05,-5.74,0.81,3.33,2.66,2.2,12.2,6.19,19.95,10.99,9.75,9.08,11.84,-0.6,-5.04,4.24,1.41,3.56,1.03
2010,1,23,201001,-10.22,-4.63,-4.89,-0.82,-1.34,2.38,3.02,-2.26,-2.7,-1.61,4.56,6.69,2.32,2.96,9.16,5.1,16.57,9.8,8.17,11.02,12.7,-4.08,-5.39,1.91,-2.14,2.02,0.52
2010,1,24,201001,-7.65,-3.48,-2.87,0.75,-0.21,6.06,5.53,0.68,0.53,-3.14,0.36,6.82,3.69,3.62,12.95,8.25,19.6,12.76,10.05,10.56,8.09,-6.55,-6.61,0.16,-4.3,2.73,0.12
2010,1,25,201001,0.67,4.68,4.88,8.87,7.49,-0.25,3.82,0.29,-2.41,-6.34,-2.21,-0.3,11.32,9.15,12.7,13.59,18.48,7.79,6.31,4.63,5.26,-7.98,-8.21,0.62,-3.24,4.75,2.11
2010,1,26,201001,2.1,3.41,0.21,4.67,-0.15,-4.97,-2.92,-2.54,-8.43,-13.83,-4.3,-3.56,2.52,0.63,4.59,4.61,11.44,2.56,0.5,2.92,6.12,-6.79,-7.18,2.49,-1.6,5.35,2.04
2010,1,27,201001,-0.8,-0.23,-2.26,0.01,-3.12,-6.17,-4.71,-7.16,-13.91,-14.85,-2.69,-2.87,-0.47,-2.34,2.61,2.4,9.17,1.43,-0.74,4.57,9.61,-4.15,-6.9,4.76,-0.29,5.18,0.98
2010,1,28,201001,-2.53,-1.29,-3.94,0.45,-3.18,-6.22,-4.17,-9.85,-15.08,-17.76,-5.43,-3.75,1.51,-0.43,5.04,4.21,10.51,4.43,2.9,6.83,12.16,-3.52,-8.18,4.91,-0.67,4.91,0.81
2010,1,29,201001,-9.6,-8.91,-12.69,-6.46,-10.44,-10.04,-10.14,-11.88,-17.22,-18.31,-7.29,-7.02,-3.42,-6.95,6.83,2.83,14.39,3.35,-1.26,2.36,6.13,-5.71,-7,4.07,-3.15,5.38,2.08
2010,1,30,201001,-14.72,-13.11,-15.11,-8.88,-11.28,-8.38,-9.06,-10.43,-14.91,-16.54,-6.82,-7.54,-5.76,-7.78,8.01,-0.71,17.96,2.55,-2.63,-1.4,0.97,-5.96,-6.21,4.23,-2.53,5.55,2.4
2010,1,31,201001,-13.72,-9.06,-12.29,-7.03,-10.43,-7.25,-8.24,-8.73,-12.71,-16.21,-6.09,-7.36,-7.87,-8.46,1.86,-4.48,12.52,-2.75,-6.77,-3.36,1.52,-5.08,-6.54,4.51,-1.39,4.76,2.17
2010,2,1,201002,-9.24,-5.47,-7.09,-4.84,-6.95,-4.94,-6.1,-8.6,-13.56,-15.02,-4.86,-4.63,-6.67,-6.47,2.25,-2.56,11.85,-0.25,-4.07,-1.09,4.06,-5.69,-6.17,4.52,-1.17,5.31,1.34
2010,2,2,201002,-11.36,-4.98,-7.03,-2.78,-5.14,-1.38,-2.63,-6.13,-7.44,-10.91,-4.17,-1.86,-2.09,-2.51,7.35,1.73,16.39,4.68,1.28,2.07,6.84,-6.36,-6.49,4.56,-0.9,5.89,2.25
2010,2,3,201002,-8.63,-3.37,-4.76,-0.47,-2.55,-2.32,-1.07,-4.03,-7.02,-11.19,-3.73,-3.83,0.53,-0.44,6.36,3.68,13.05,3.81,0.62,2.46,7.51,-4.58,-4.92,5.4,0.28,5.98,1.93
2010,2,4,201002,-7.63,-3.93,-5.63,-1.24,-2.93,-2.13,-1.8,-4.73,-5.6,-9.54,-0.97,-1.64,-0.71,-1.54,7.22,2.71,14.82,4.63,0.72,3.97,7.57,-3.36,-4.72,4.92,0.12,5.96,2.38
2010,2,5,201002,-10.37,-5.17,-5.44,-2.04,-2.8,0.03,-0.5,-2.48,-2.68,-4.93,-1.11,0.41,-0.26,-0.76,10.04,4.36,19.07,7.88,4.16,4.8,8.17,-4.71,-4.8,5.42,0.9,6.54,3.45
2010,2,6,201002,-11.71,-6.04,-8.24,-1.7,-4,-1.21,-2.32,-5.97,-5.73,-4.29,-1.99,-0.39,-0.54,-1.27,8.55,5.7,15.83,4.74,2.01,3.39,7.43,-4.3,-4.14,6.01,1.55,6.45,2.63
2010,2,7,201002,-9.39,-7.36,-9.51,-7.88,-10.42,-3.83,-7.79,-7.35,-6.99,-5.05,-1.5,-2.56,-5.35,-7.5,3.26,1.18,8.91,0.43,-1.08,2.15,7.13,-4.37,-5.39,5.32,1.49,5.04,2.14
2010,2,8,201002,-7.07,-6.24,-8.37,-8.09,-10.3,-3.21,-7.85,-6.25,-5.64,-9.55,-2.98,-1.01,-6.51,-8.19,4.81,1.24,8.41,1.43,-1.01,3.6,9.26,-6.13,-9.75,2.94,-1.14,4.24,1.02
2010,2,9,201002,-5.16,-4.66,-6.2,-6.6,-8,-3.59,-4.28,-5.24,-5.43,-11.03,-8.99,-5.56,-2.94,-4.38,7.7,4.12,13.21,4.54,1.98,0.91,3.46,-10.33,-11.31,3.69,-2.17,4.52,0.52
2010,2,10,201002,-4.66,-1.45,-3.48,-0.72,-3.7,-4.5,-4.8,-4.96,-7.12,-15.15,-8.48,-5.7,-2.9,-4.2,1.71,1.99,10.19,-1.59,-3.38,-1.74,1.24,-8.16,-8.7,4.25,-1.76,3.62,0.36
2010,2,11,201002,-4.58,-1.59,-5.27,-1.36,-4.63,-7.99,-6.2,-5.58,-11.31,-13.46,-4.69,-5.28,-3.49,-4.26,-0.23,-1.51,4.78,-1.52,-3.36,0.11,2.88,-6.71,-6.02,3.33,-1.18,4.72,2.52
2010,2,12,201002,-5.09,-4.01,-7.78,-5.29,-7.26,-5.51,-8.74,-7.22,-10.57,-8.72,-2.79,-1.55,-4.66,-5.94,2.09,-0.44,8.38,-0.86,-2.79,0.9,3.12,-5.96,-3.62,4.32,-0.55,5.82,3.85
2010,2,13,201002,-5.46,-5.07,-7.79,-6.09,-8.27,-4.78,-7.73,-6.79,-10.23,-7.8,-1.67,-1,-3.6,-5.95,0.8,-0.53,7.86,-1.84,-2.6,1.39,4.31,-4,-3.05,5.45,0.41,7,3.65
2010,2,14,201002,-4.89,-3.24,-5.39,-3.85,-5.78,-4.93,-7.1,-4.65,-9.2,-10.94,-4.19,-1.27,-4.59,-5.56,1.29,-1.24,5.76,1.21,0,3.28,7.13,-5.87,-6.51,5.76,0.66,7.49,4.71
2010,2,15,201002,-4.38,-1.84,-3.89,-2.93,-5.92,-6.03,-6.39,-4.92,-6.6,-12.22,-7.45,-5.8,-2.34,-3.9,3.7,2,8.65,1.67,-1.04,-0.49,2.58,-9.61,-5.99,5.33,-0.1,7.68,3.6
2010,2,16,201002,-3.39,-1.59,-3.89,-0.61,-4.27,-4.36,-4.89,-3.77,-5.98,-11.98,-7.05,-5.3,-3.99,-4.7,0.19,-0.24,8.19,-1.59,-4.32,-0.94,1.99,-7.04,-4.86,5.74,0.41,8.59,4.54
2010,2,17,201002,-2.54,-1.71,-3.75,-3.26,-5.07,-5.38,-4.46,-3.19,-5.59,-12.34,-5.41,-5.24,-4.69,-5.05,0.48,-1.08,5.84,0.05,-2.41,0.61,3.51,-6.06,-3.47,5.97,1.06,8.81,3.25
2010,2,18,201002,-1.21,-0.9,-2.2,-1.08,-2.57,-3.82,-3.06,-1.97,-6.15,-10.78,-2.03,-3.91,-2.39,-2.95,1.39,0.6,6.74,0.62,-1.83,2.64,5.75,-3.49,-4.64,6.74,2.17,8.69,2.13
2010,2,19,201002,-2.74,-1.41,-2.62,-0.1,-2.02,-3.93,-5.06,-4.01,-8.64,-9.47,-1.1,0.48,-0.85,-1.68,2.88,2.13,7.08,2.3,0.83,5.26,8.44,-4.63,-5.85,6.37,2.05,7.57,1.2
2010,2,20,201002,-1.82,-0.75,-2.29,-0.15,-4,-0.15,-4.19,-4.2,-5.36,-6.88,-1.88,3.05,-0.33,-2.63,5.79,3.74,10.46,4.34,3.19,7.8,11.45,-4.15,-6.66,5.6,1.45,6.28,0.18
2010,2,21,201002,-1.89,-0.6,-2.3,-0.11,-2.96,1.54,-0.07,-1.57,-4.17,-7.71,-2.57,4.57,2.26,0.04,7.88,5.81,12.44,7.12,6.89,9.81,12.71,-5.71,-8.54,4.6,0.24,4.97,-1.38
2010,2,22,201002,-1.31,-0.76,-3.3,-0.75,-1.41,1.49,0.91,-1.68,-4.02,-7.47,-5.34,0.6,4.46,2.1,11.5,7.88,17.2,10.63,8.43,6.37,8.43,-8.41,-9.85,4.2,-1.48,3.92,-1.43
2010,2,23,201002,-0.39,0.66,-0.2,1.98,0.22,-0.79,-0.44,-2.38,-5.22,-9.79,-6.86,-4.38,5.6,2.32,12.66,10.44,17.54,6.6,5.08,2.33,3.89,-10.39,-8.57,-0.35,-4.32,3.19,-0.29
2010,2,24,201002,0.04,1.6,-0.29,2.73,-0.51,-3.92,-1.78,-2.94,-8.26,-16.28,-8.03,-7.01,2.84,0.27,6.12,7.63,14.02,2.76,0.89,0.27,1.1,-6.85,-6.05,1.36,-2.23,5.48,2.48
2010,2,25,201002,0.61,2.22,-0.88,1.74,-1.97,-4.93,-2.92,-4.91,-8.92,-14.73,-6.81,-8.4,-0.04,-1.87,0.72,2.25,8.13,-0.67,-2.68,0.38,4.62,-3.75,-2.66,3.96,0.34,5.74,2.85
2010,2,26,201002,0.93,2.2,-1.64,-1.91,-4.76,-4.31,-3.71,-4.75,-8.87,-10.01,-2.12,-3.39,-2.4,-3.91,0.19,-0.6,5.52,0.76,-1.26,3.13,8.08,-4.02,-4.12,4.01,0.21,7.31,3.72
2010,2,27,201002,0.24,0.54,-1.47,-1.85,-2.94,-3.43,-2.18,-2.36,-6.11,-9.69,-1.17,-2.06,-0.92,-2.37,1.49,0.7,7.5,1.91,-1.11,5.08,6.99,-3.63,-2.97,5.43,1.75,6.87,4.57
2010,2,28,201002,-0.2,-0.14,-1.09,-0.52,-1.13,-1.37,-0.74,-1.66,-4.48,-10.03,-1.75,-2.85,-0.12,-1.21,2.44,1.74,8.57,2.74,0.69,5.07,8.24,-1.61,-1.83,5.71,2.72,5.45,3.65
2010,3,1,201003,0.33,1.08,-0.98,0.48,-0.8,0.43,0.08,-1.89,-4.35,-8.51,-1.76,-0.7,1.36,-0.09,4.75,3.33,9.17,4.51,2.67,5.52,9.27,-2.71,-1.98,5.33,1.69,6.98,4.17
2010,3,2,201003,-0.36,1.53,-1.05,0.65,-1.06,0.03,-0.87,-3.68,-5.69,-7.41,-1.57,-0.51,2.29,-0.16,7.5,4.91,12.95,4.67,3.16,4.53,6.09,-2.95,-1.57,6.58,2.51,7.58,5.37
2010,3,3,201003,-0.58,1.15,-1.3,1.75,-0.46,-0.63,-0.99,-3.35,-5.3,-7.67,0.24,-0.88,1.25,0.12,4.76,3.43,9.87,3.12,1.72,4.41,7.39,-1.08,-0.31,7.12,3.36,5.88,4.92
2010,3,4,201003,-1.73,0.27,-1.92,1.48,-1.86,-1.31,-1.87,-3.48,-4.85,-6.26,1.78,-0.89,1.03,-0.34,3.79,2.79,7.35,3.27,1.78,4.95,9.49,-0.27,-0.14,6.59,3.23,3.75,3.16
2010,3,5,201003,-2.82,0.32,-2.59,1.66,-2.7,-0.31,-2.22,-3.17,-3.45,-4.7,3.39,1.29,0.11,-1.42,3.21,1.92,6.51,3.21,1.88,7.53,11.69,-0.12,-0.11,5.17,2.59,3.76,2.94
2010,3,6,201003,-2.09,0.05,-3.51,1.14,-3.35,0.83,-1.17,-1.51,-2.56,-3.21,5.93,3.64,0.63,-0.99,3.21,2.12,7.53,3.5,1.86,9.53,12.47,-0.83,-0.45,6.12,3,6.03,3.33
2010,3,7,201003,-0.41,1.48,-1.5,2.37,-1.64,2.39,0.62,-0.36,-1.17,-0.86,5.17,7.09,2.05,0.55,5.01,3.88,8.85,5.23,3.76,9.9,13.44,0.62,-0.21,6.38,5,6.77,3.91
2010,3,8,201003,1.28,3.49,0.01,4.15,0.18,5.51,3.91,1.19,1.42,-0.9,7.3,8.26,3.93,2.88,7.72,5.64,11.1,9.24,8.02,10.94,14.61,2.37,0.53,4.4,4.09,5.95,3.26
2010,3,9,201003,-0.86,2.72,0.59,5.31,2.21,6.84,6.56,3.11,2.71,0.65,7.13,9.49,6.75,5.72,10.41,9.71,12.57,10.9,9.84,12.48,13.25,-0.16,-0.46,4.67,1.33,2.89,-1.4
2010,3,10,201003,-1.04,2.68,2.08,6.52,4.54,11.14,9.59,4.07,3.65,0.65,4.98,11.48,9.63,8.46,11.51,10.91,15.59,13.54,11.4,13.29,12.35,-1.36,-2.96,2.01,-0.5,2.17,-0.77
2010,3,11,201003,-0.13,3.08,3.75,7.44,6.69,12.34,10.9,6.59,4.98,1.05,3.35,11.35,11.29,10.05,14.57,12.96,19.59,15.97,13.53,12.41,10.02,-2.99,-4.25,2.25,-1.68,2.68,-0.03
2010,3,12,201003,0.51,3.33,3.85,7.33,7.37,8.84,11.78,7.88,5.2,0.52,2.65,6.64,11.94,10.74,15.29,14.75,19.57,14,11.77,9.68,9.01,-3.65,-2.3,3.83,0.14,5.07,3.76
2010,3,13,201003,0.5,2.67,2.46,6.78,4.85,7.68,9.07,6.2,5.03,1.16,3.59,5.18,9.89,7.83,12.4,13.1,16.53,9.41,7.22,8.14,9.3,-0.88,-0.18,6.44,2.4,4.77,1.3
2010,3,14,201003,0.76,3.82,2.92,7.74,5.52,6.69,5.44,4.51,6.07,2.01,4.67,6.78,7.88,6.57,8.23,8.75,13.52,8.55,6.45,9.31,11.19,0.41,-0.75,5.52,0.9,3.39,0.29
2010,3,15,201003,2.34,3.76,3.76,6.59,5.18,6.88,5.08,4.86,6.17,1.85,5.52,8.41,7.27,6.09,10.19,9.35,14.23,9.59,7.66,10.65,12.01,-0.54,-0.65,5.42,1.3,6.03,3.21
2010,3,16,201003,2.26,3.89,3.98,6.56,5.7,7.79,6.37,4.37,6.08,1.46,5.34,7.74,6.71,6.1,9.07,8.74,12.66,9.06,7.89,10.48,10.41,0.27,1.96,7.19,3.09,9.01,5.88
2010,3,17,201003,3.37,4.85,4.14,6.49,5.16,7.93,6.8,4.65,6.11,2.37,4.79,7.31,7.04,6.92,10.74,8.94,13.56,9.89,9.09,9.99,10.4,1.98,3.75,8.64,5.6,10.14,4.56
2010,3,18,201003,4.73,6.36,5.12,7.92,6.26,8.13,6.9,5.28,6.45,4.29,6.37,8.07,8.33,7.48,9.93,9.3,12.75,10.01,9.9,8.75,10.62,3.09,2.52,10.09,6.23,10.12,1.84
2010,3,19,201003,5.45,8.12,6.74,9.04,6.99,9.12,8.14,5.84,5.08,0.76,5.59,8.79,8.51,7.41,11.3,10.31,13.39,10.68,9.61,10.64,12.39,0.79,-1.72,8.88,3.97,8.73,2.11
2010,3,20,201003,6.47,8.8,6.74,10.25,8.35,8.08,9.23,1.19,-0.95,-2.59,-1.1,6.45,9.59,9.23,12.45,11.26,14.74,11.98,10.95,9.35,9.43,-6.94,-3.07,5.68,0.98,8.96,3.76
2010,3,21,201003,3.71,8.88,5.74,10.81,10.39,4.68,8.54,0.06,-0.87,-0.61,-0.77,2.69,11.42,11.71,12.83,12.19,17.03,11.1,10.49,4.1,2.85,-4.32,0.36,5.9,1.85,8.9,5.43
2010,3,22,201003,3.95,7.85,5.96,11.83,11.29,5.67,8.3,1.88,1.84,2.75,3.98,3.43,12.81,12.3,8.61,12.66,14.79,6.17,5.86,5.22,7.06,0.57,2.57,8.76,4.31,9.15,3.35
2010,3,23,201003,4.35,10.49,5.98,10.58,8.68,6.65,5.75,2.26,2.53,3.53,7.17,6.64,7.08,7.18,8.39,7.57,13.64,9.64,7.44,9.91,10.93,1.72,0.57,8.35,3.93,7.72,2.5
2010,3,24,201003,1.44,5.41,2.42,7.58,4.66,9.74,7.41,3.13,3.99,2.74,6.04,10.69,8.19,7.32,12.07,10.44,14.49,12.17,11.19,12.61,14.24,-1.67,-0.31,6.04,3.04,8.22,4.31
2010,3,25,201003,1.43,4.27,2.99,7.25,6.16,9.54,9.71,1.19,0.33,-0.43,4.81,10.27,11.12,10.17,13.51,12.63,17.09,13.52,12.48,12.92,12.25,-2.79,0.83,6.88,3.01,7.42,5.06
2010,3,26,201003,-0.9,4.47,-0.91,8.87,3.69,1.43,1.81,-4.87,-3.5,-0.01,5.07,4.6,10.36,8.17,14.3,14.16,19.32,10.69,9.08,9.11,10.46,0.19,1.12,7.15,3.36,5.92,2.82
2010,3,27,201003,-7.22,-2.31,-3.55,1.25,-1.13,3.61,1.48,-1.26,0.37,3.68,6.85,6.28,3.53,2.52,11.08,8.03,16.36,9.17,6.98,10.87,12.96,-0.96,0.12,5.55,1.68,6.37,2.92
2010,3,28,201003,-2.32,0.18,0.73,3.3,2.13,8.35,6.65,2.02,3.28,3.97,6.19,9.06,5.5,4.78,14.71,10.21,19.12,13.01,10.8,10.91,10.86,-1.29,1.48,5.55,2.76,8.05,5.53
2010,3,29,201003,3.66,7.94,6.33,10.79,8.73,6.02,6.73,2.19,3.11,6.34,8.27,7.16,11.3,9.49,14.44,14.63,18.23,10.12,8.77,9.76,10.76,2.15,4.25,8.4,5.59,9.19,6.24
2010,3,30,201003,4.79,8.8,3.54,8.86,4.92,7.82,6.28,3.65,5.98,9.99,11.65,9.64,9.35,7.5,11.02,12.6,13.6,9.71,9.2,11.61,12.72,5.45,5.02,10.39,7.26,8.68,2.78
2010,3,31,201003,6.14,7.87,4.67,7.67,5.17,11.92,9.12,8.21,11.51,11.37,13.61,13.56,7.87,7.06,11.97,10.87,13.92,11.71,10.85,14.29,15.52,6.7,1.71,10.41,5.89,5.37,0.6
2010,4,1,201004,7.24,9.2,8.51,10.56,9.79,15.63,13.71,12.95,13.69,9.96,14.12,16.4,11.72,11.49,14.44,13.41,15.55,14.23,14.05,16.17,17.07,4.66,0.03,6.8,3.32,3.36,0.55
2010,4,2,201004,9.95,10.5,12.25,10.78,12.93,16.94,15.51,15.31,16.17,10.29,12.06,16.43,13.76,13.62,16.5,15.57,17.25,15.26,15.16,16.91,16.9,-2.28,-1.63,4.06,0.95,4.65,1.33
2010,4,3,201004,11.73,11.29,14.02,10.44,13.7,14.23,14.04,13.24,10.74,6,6.52,13.04,14.66,14.28,16.6,15.78,18.38,15.98,15.09,15.35,13.45,-1.91,-0.82,6.34,2.31,5.55,0.59
2010,4,4,201004,12.25,11.57,11.9,12.49,12.43,11.65,11.45,8.08,8.31,7.07,8.53,12.57,15.31,13.72,18.22,17.09,19.36,17.11,14.89,16.49,17.69,1.09,-1.84,8.89,4.31,5.2,1.15
2010,4,5,201004,9.16,10.63,9.4,13.22,12.06,16.68,15.26,11.02,9.82,7.2,10.68,18.26,15.93,14.37,19.39,18.59,19.48,18.67,17.64,20.44,19.97,3.4,0.18,9.43,5.43,5.17,2.28
2010,4,6,201004,9.67,11.48,11.44,16.47,16.58,18.25,18.62,10.21,8.4,7.98,14.17,19.68,18.94,18.37,19.46,19.79,19.53,18.16,17.71,19.42,19.6,2.27,0.28,6.96,3.22,4.63,2.07
2010,4,7,201004,10.84,14.69,14.96,18.7,17.17,17.03,17.09,10.1,6.55,5.21,7.83,17.01,17.83,17.17,18.89,19.32,19.72,17.96,17.37,16.65,15.88,-2.81,-0.68,4.55,1.16,6.66,3.06
2010,4,8,201004,11.06,15.93,15.61,17.85,16.7,8.93,13.27,4.96,1.62,4.46,5.58,8.64,17.07,16.16,18.9,18.42,21.01,16.39,15.33,10.87,9.93,-1.14,0.92,6.68,3.16,8.81,3.76
2010,4,9,201004,8.4,11.41,8.81,13.2,7.74,6.78,5.06,0.98,2.07,5.64,8.2,8.29,11,8.21,14.38,14.73,20.42,10.45,9.23,9.99,10.88,2.9,0.37,9.65,5.15,8.11,-0.18
2010,4,10,201004,4.31,5.05,2.63,6.34,4.07,10.33,6.95,4.23,6.68,6.43,9.62,11.74,7.06,6.11,11.13,9.55,17,11.23,10.03,12.84,14.87,4.15,-0.34,10.12,6.51,8.44,1.1
2010,4,11,201004,4.88,7.94,7.17,9.96,8.18,13.1,11.02,7.95,7.56,7.42,11.56,13.56,10.15,9.81,13.54,11.83,19.16,13.08,12.05,15.08,17.61,5.57,3.28,11.07,8.36,8.15,4.97
2010,4,12,201004,4.45,7.3,5.11,10.73,7.58,14.16,11.33,6.94,8.51,9.88,16.06,15.24,12.41,11.69,15.36,13.91,19.09,14.87,14.26,16.96,18.61,7.65,5.58,10.92,8.75,6.64,5.91
2010,4,13,201004,3.93,6.18,5.03,8.52,6.71,15.88,11.48,7.72,9.34,13.33,17.53,16.23,11.9,9.87,15.57,14.9,19.42,16.2,15.75,17.3,17.78,7.71,4.64,8.02,7.1,5.77,5.29
2010,4,14,201004,4.59,6.82,6.11,8.36,6.95,16.76,12.01,8.37,11.86,13.95,15.61,16.9,10.71,9.9,16.29,14.49,20.01,16.8,16.98,17.64,17.75,4.85,2.81,8.32,7.18,7.22,4.91
2010,4,15,201004,4.68,7.13,7.67,9.72,9.63,17.35,15.54,14,16.35,12.46,15.74,16.94,11.75,12.08,16.61,14.17,19,18.13,17.58,18.41,17.83,7.21,4.27,10.98,8.46,7.74,6.1
2010,4,16,201004,3.65,5.65,10.67,12.82,14.46,16.36,16.88,11.53,10.53,8.76,12.26,16.19,15.7,15.41,17.32,16.13,18.92,18.67,18.2,17.89,17.22,6.5,5.47,12.95,10.26,10.39,8.2
2010,4,17,201004,2.91,5.42,6.43,11.74,8.6,8.86,8.55,3.11,4.38,6.5,8.16,11.21,14.26,12,17.59,17.33,19.34,16.77,15.26,15.92,16.19,5.99,7.56,13.35,8.89,10.44,9.42
2010,4,18,201004,3.15,4.9,3.61,6.45,3.66,7.19,5.24,3.52,5.41,8.73,8.41,8.47,6.87,5.29,16.26,12.19,20.69,12.66,8.72,13.21,15.18,5.85,8.06,13.68,9.33,11.52,8.73
2010,4,19,201004,4.61,6.33,5.71,8.42,6.17,8.39,7.91,6.15,7.22,10.19,10.3,10.1,7.84,7.22,13.72,10.27,19.39,11.35,9.15,12.32,14.78,7.35,8.8,13.31,10.5,11.69,10.27
2010,4,20,201004,8,9.2,7.54,9.7,7.27,10.86,8.63,7.88,9.12,11.32,11.75,11.27,9.63,8.56,15.06,12.6,19.58,13.58,11.82,13.68,15.67,8.37,9.29,12.78,10.64,10.25,10.14
2010,4,21,201004,8.15,10.46,9.19,11.27,9.99,11.81,10.47,7.06,8.16,10.16,12.78,12.94,11.11,10.64,16.29,14.1,20.15,13.62,12.08,15.29,17.74,8.18,9.14,12.39,9.1,5.57,7.24
2010,4,22,201004,9.21,11.03,8.42,13.12,9.6,13.65,11.49,5.23,5.48,9.99,14.05,15.26,11.49,10.83,15.12,13.71,19.46,15.41,13.8,18.34,19.3,7.69,7.59,5.96,6.82,5.4,5.19
2010,4,23,201004,8.05,8.97,5,10.37,8.07,14.53,12.29,6.72,8.52,11.8,14.78,18.07,12.5,11.6,17.88,15.4,20.28,17.84,17.33,19.15,18.51,3.32,5.42,5.18,4.6,8.02,4.93
2010,4,24,201004,7.17,7.53,6.46,9.02,7.55,16.93,13.71,8.87,10.02,11.51,12.38,18.12,13.66,12.15,18.27,17.32,21.65,20,18.51,18.12,16.11,2.72,4.07,8.67,6.14,10.22,5.39
2010,4,25,201004,8.38,8.71,8.43,9.66,10.24,14.68,15.75,9.14,8.91,10.26,11.07,13.96,16.52,14.92,20.84,19.28,22.78,18.8,17.23,15.33,15.14,3.41,3.67,11.05,7.33,11.11,4.13
2010,4,26,201004,8.84,9.6,9.57,10.94,11.14,11.3,11.38,7.89,7.78,8.06,8.59,11.94,15.2,13,18.09,18.04,22.61,15.68,13.81,14,15.93,2.87,2.44,12.06,8.29,12.35,6.83
2010,4,27,201004,7.02,8.13,6.17,11.08,8.12,10.08,8.63,4.49,5.19,7.37,6.61,9.89,11.77,10.49,14.58,13.77,19.37,13.35,11.5,11.56,14.38,3.35,5.29,13.46,9.2,11.37,8.23
2010,4,28,201004,4.15,4.49,3.01,5.47,3.57,9.36,6.39,4.78,6.29,9.32,10.97,11.38,7.14,5.18,11.44,10.67,17.38,10.95,10.35,12.69,14.98,7.71,6.54,13.11,8.62,8.32,3.63
2010,4,29,201004,4.07,6.02,4.66,8.04,5.96,13.59,10.32,7.4,9.4,11.79,14.71,14.87,8.87,8.21,13.67,11.69,17.31,14.06,13.22,16.76,18.82,5.19,1.37,10.18,5.8,5.29,2.64
2010,4,30,201004,5.38,7.49,7.94,11.78,11.34,18.36,15.76,12.67,15.49,11.86,12.48,18.77,13.47,13.16,16.67,15.42,21.03,17.95,16.68,20.73,19.99,-0.35,1.38,5.17,3.05,5.46,3.31
2010,5,1,201005,10.07,14.04,15.26,17.77,17.25,19.87,18.87,17.34,14.56,9.39,9.48,17.01,18.1,17.62,22.02,19.93,24.78,21.68,19.71,19.45,17.36,0.4,1.65,6.56,3.31,7.85,4.42
2010,5,2,201005,15.65,17.62,19.15,20.95,19.69,15.33,19.47,15.2,11.86,7.94,10.77,14.42,22.25,20.58,25.01,23.86,25.69,22.69,21.44,18.28,15.32,1.44,1.71,7.93,4.56,9.64,4.22
2010,5,3,201005,18.9,20.57,18.7,21.99,20.03,15.82,18.34,13.52,10.09,7.71,11.24,15.02,22.44,21.04,23.86,23.1,25.46,20.62,19.96,17.12,15.41,2.46,3.15,7.76,5.63,11.15,6.02
2010,5,4,201005,13.9,15.45,13.65,18.81,15.26,15.68,15.96,11.52,10.45,9.64,13.55,15.92,19.38,17.12,20.59,21.68,24.02,19.47,18.55,17.8,16.93,6.15,3.07,11.63,8.62,12.02,1.76
2010,5,5,201005,12.06,13.24,12.1,15.86,13.59,16.61,16.44,12.11,11.28,7.93,11.7,16.81,17.71,16.1,20.93,20.94,24.09,20.05,18.85,18.65,18.58,5.77,0.66,13.8,9.49,10.65,1.67
2010,5,6,201005,12.59,14.65,13.72,17.15,15.17,12.91,14.96,8.77,7.53,6.14,10.23,14.29,19.19,17.04,23.38,22.05,25.08,20.91,20.07,19.5,20.71,6.5,0.83,13.78,7.71,8.9,2.02
2010,5,7,201005,8.02,10.66,8.62,12.88,10.7,15.44,14.65,6.68,7.19,6.4,10.49,17.63,15.98,13.98,23.52,22.14,25.17,21.47,21.43,20.38,21.33,2.3,-0.59,12.32,6.8,9.27,4.27
2010,5,8,201005,6.56,11.06,9.44,15.14,13.1,9.49,12.32,5.55,4.89,4.67,5.79,9.12,17.8,15.3,22.76,22.23,25.33,18.84,16.57,14.62,16.88,2.42,1.63,13.77,8.21,11.16,6.1
2010,5,9,201005,4.75,6.29,2.62,7.91,4.91,8,7,3.73,4.93,5.54,8.94,8.21,8.55,7.22,14.67,12.47,22.86,11.41,9.62,12.17,16.89,6.68,4.54,14.08,9.56,10.5,6.46
2010,5,10,201005,1.96,3.75,2.65,6.54,4.04,9.28,7.45,4.97,7.34,8.12,11.22,9.89,7.18,6.43,14.57,11.1,21.59,12.4,9.99,15.62,21.35,7.94,5.57,11.38,8.77,8.03,6.54
2010,5,11,201005,3.56,4.78,4.05,6.51,4.54,12.62,10.59,5.84,6.6,7.69,11.62,15.29,9.42,8.19,18.47,13.96,23.14,18.31,15.62,20.69,22.05,5.64,5,9.92,7.06,6.91,6.51
2010,5,12,201005,5.98,6.51,6.05,9.88,9.62,15.38,15.48,7.71,6.95,7.17,11.69,19.79,16.44,15.68,22.52,19.43,23.71,23.03,22.12,23.4,22.94,3.42,4.34,7.87,7.41,8.99,7.75
2010,5,13,201005,6.33,7.68,6.89,10.11,10.71,19.8,17.92,8.51,8.98,7.68,10.46,20.94,17.29,16.45,23.91,21.83,23.41,23.76,23.09,22.69,21.7,2.22,4.58,10.26,7.1,11.02,8.93
2010,5,14,201005,8.39,11.5,11.92,15.32,16.79,16.57,19.86,11.52,10.31,9.79,10.41,15.74,19.51,19.55,23.63,22.3,24.18,24.1,23.59,20.93,21.56,5.24,6.58,12.18,9.46,12.53,10.3
2010,5,15,201005,10.64,14.04,11.73,17.87,14.17,13.3,14.53,9.72,11.27,12.51,12.46,13.97,20.85,18.29,23.62,22.77,24.07,22.51,21.29,20.16,20.53,6.26,8.49,12.48,10.09,13.64,11.63
2010,5,16,201005,9.87,11.6,10.3,13.01,11.66,14.04,14.02,10.54,11.78,13.29,13.23,15.5,18.28,14.93,23.58,22.74,24.49,21.46,21.25,21.13,21.53,6.8,9.75,14.09,11.54,14.15,12.79
2010,5,17,201005,9.94,11.38,10.66,13.4,10.99,13.97,12.87,11.3,12.57,13.81,13.41,15.8,15.38,13.98,23.1,21.63,24.31,21.17,20.25,21,22.83,8.22,11.24,14.2,12.69,12.84,13.3
2010,5,18,201005,11.76,10.84,11.19,10.54,10.16,13.23,12.84,11.91,13.4,15.04,14.38,14.15,13.67,12.69,21.75,19.73,25.03,20.17,17.88,19.46,22.56,10.23,11.99,13.34,11.48,10.63,10.76
2010,5,19,201005,10.18,10.13,10.91,12.17,11.36,14.55,13.43,13.22,14.12,14.75,13.99,14.91,14.23,12.4,21.72,19.2,25.33,18.67,15.42,19.83,22.74,8.05,10.17,12.78,9.97,11.42,8.68
2010,5,20,201005,13.4,14.28,13.44,15.84,14.2,15.46,15.56,15.4,15.44,14.94,12.85,16.44,15.65,14.53,21.12,19.41,25.17,20.08,17.21,21.43,22.48,7.78,9.31,14.65,10.72,11.77,5.91
2010,5,21,201005,12.7,16.6,16.02,17.95,16.72,17.4,17.43,14.82,14.25,15.05,14.8,18.08,17.26,16.77,22.83,19.6,25.59,22.32,20.62,21.7,23.46,9.99,6.66,15.85,11.04,10.59,4.49
2010,5,22,201005,12.71,14.92,16.46,17.15,16.52,19.36,18.85,15.85,16.29,16.92,20.54,19.57,18.06,17.2,23.65,20.99,25.23,23.49,21.36,24.04,25.01,12.07,7.18,14.62,9.77,7.65,3.84
2010,5,23,201005,15.91,16.17,16.15,17.14,16.96,23.34,20.73,18.58,21.05,19.46,22.12,24.67,19.4,18.09,25.12,22.53,25.13,24.67,23.11,25.56,24.84,9.8,4.06,11.62,7.93,6.1,4.15
2010,5,24,201005,17.71,17.7,17.78,17.28,17.83,26.11,22.17,22.36,25.37,19.43,22.78,24.91,18.14,18.03,24.07,20.98,25.18,24.83,23.46,25.1,24.47,10.06,5.34,7.86,7.98,6.69,4.9
2010,5,25,201005,20.45,19.71,19.38,19.12,19.05,24.74,21.42,21.91,24.2,19.38,19.59,23.82,18.49,18.56,21.48,19.95,23.88,23.44,21.68,24.1,23.43,5.81,5.24,10.31,8.29,8.81,7.37
2010,5,26,201005,21.81,22.2,21.22,20.54,21.25,23.66,22.49,21.02,20.55,15.79,19.24,23.35,19.48,20.46,21.78,20.25,23.21,23.01,22.3,23.76,23.39,10.33,7.99,13.08,11.74,9.95,8.71
2010,5,27,201005,16.21,19.6,20.96,22.38,21.51,23.18,22.44,18.7,17.09,17.16,20.83,23.2,21.79,21.7,23.23,22.02,24.38,23.25,22.82,23.86,23.67,12.97,10.96,14.64,12.63,9.68,8.18
2010,5,28,201005,11.88,15.63,16.63,17.3,19.73,19.75,20.78,16.49,16.15,18.54,21.29,21.21,21.22,20.47,24.11,22.72,25,23.59,22.63,23.99,23.67,14.58,11.13,15.93,12.33,9.18,7.46
2010,5,29,201005,14.26,15.74,17.02,18.33,19.87,19.81,21.68,18.29,17.64,19.92,22.11,19.69,20.87,20.42,23.61,22.52,24.87,23.81,22.46,23.94,23.95,13.56,8.56,14.44,11.44,10.19,6.77
2010,5,30,201005,14.37,17.5,15.79,20.57,18.99,22.77,21.57,19.34,19.75,17.35,19.82,21.9,22.75,22.03,23.06,22.88,24.58,23.03,22.26,23.53,23.66,8.89,6.18,13.71,11.5,13.08,8.21
2010,5,31,201005,11.54,16.25,17.7,20.94,20.31,23.21,22.98,20.18,18.94,15.23,18.25,22.76,22.54,21.93,23.06,22.96,25.47,23.14,21.76,24.35,24.07,9.71,8.61,15.22,13.31,14.61,10.33
2010,6,1,201006,15.18,17.93,19.39,22.55,21.36,22.83,22.26,17.79,17.3,16.17,21.31,23.5,21.67,21.01,23.99,22.71,26.16,24.06,22.58,25.09,24.54,11.95,9.97,15.75,13.9,14.8,9.38
2010,6,2,201006,16.84,18.78,17.88,21.45,19.7,23.86,22.53,17.18,16.97,14.93,20.76,24.48,22.02,21.22,24.53,23.82,26.06,24.51,23.53,25.21,24.81,11.86,10.18,15.27,13.93,15.13,10.31
2010,6,3,201006,16.64,19.18,19.23,22.22,21.02,22.35,22.3,15.09,14.92,15.86,19.72,23.77,23.12,21.76,24.59,24.15,26.33,24.11,23.45,24.86,24.28,12.78,11.51,16.57,14.65,16.09,9.29
2010,6,4,201006,16.9,20.12,18.33,22.8,20.4,23.18,22.71,14.88,16.81,17.44,22.26,23.96,23.52,22.35,24.76,24.93,26.83,24.73,24.34,25.12,24.36,14.99,11.08,17.99,16.14,16.76,9.58
2010,6,5,201006,17.33,21.16,20.09,23.95,22.12,24.8,24.12,17.7,17.73,17.31,23.27,24.77,24.27,23.1,25.91,25.69,27.74,25.1,24.29,25.04,25.37,16.41,11.99,19.86,17.16,18.09,9.57
2010,6,6,201006,16.35,20.79,16.73,24.27,20.7,21.77,22.07,14.87,15.1,15.34,20.28,22.89,23.74,22.51,25.82,25.96,28.07,25.23,24.2,26.26,26.91,16.49,12.1,21.15,19.01,19.2,12.01
2010,6,7,201006,12.79,14.56,11.49,16.33,13.57,18.49,17.26,12.01,14.09,15.76,19.71,20.29,18.57,16.66,25.02,23.24,27.87,23.29,20.42,25.18,27.06,17.98,13.54,20.57,19.34,18.14,10.99
2010,6,8,201006,10.24,12.01,10.7,15.04,12.17,19.88,16.4,11.93,14.05,16.66,22.19,22.27,17.49,15.37,22.47,21.01,26.61,22.52,21.67,26.15,25.95,16.45,11.47,19.94,17.61,17.27,10.87
2010,6,9,201006,11.15,12.04,10.81,13.95,12.73,23.5,19.69,14.64,15.93,15.94,21.49,24.9,18.54,16.97,24.01,22.49,26.01,24.97,23.61,26.61,25.59,15.74,11.88,19.96,17.36,16.31,11.56
2010,6,10,201006,11.74,13.37,13.88,18.79,18.29,20.97,20.69,14.84,14.74,15.74,22.87,23.85,22.47,20.98,25.21,24.44,25.93,26.02,24.75,25.79,26.7,16.43,12.5,19.18,15.57,13.78,8.25
2010,6,11,201006,13.02,14.51,14.6,18.1,16.74,24.8,21.74,16.33,17.05,18.44,24.55,24.98,20.78,19.52,26.75,24.72,27.05,26.07,24.86,26.73,26.82,14.52,9.49,16.98,12.76,12.17,7.86
2010,6,12,201006,15.03,15.77,16.73,18.84,20.34,25.75,24.74,19.47,19.94,17.47,22.6,26.11,22.7,22.05,27.11,25.19,27.41,26.89,26.19,27.38,26.66,12.37,8.5,14.85,12.67,13.49,10.76
2010,6,13,201006,15.86,15.09,17.53,23.06,22.04,25.07,24.73,18.03,18.41,16.2,20,25.89,24.24,23.2,28.06,26.72,27.66,27.78,27.08,27.54,26.77,10.06,9.01,14.12,12.59,15.45,13.28
2010,6,14,201006,16.02,17.24,17.7,21.63,20.2,25.02,24.14,17.87,17.82,15.48,18.77,25.59,24.22,23.14,27.96,26.62,28.45,27.88,26.68,26.77,26.26,8.96,10.26,15.47,13.26,17.12,12.08
2010,6,15,201006,12.83,17.01,15.9,21.21,19.3,24.69,23.99,16.97,17.32,16.07,19.06,24.46,23.76,22.72,28.22,26.81,28.76,27.29,26.43,25.99,25.86,11.01,11.64,17.27,14.67,16.58,8.79
2010,6,16,201006,12.72,16.09,15.83,18.73,19.92,22.79,23.79,17.41,18.44,17.96,21.52,23.66,23.25,22.19,27.62,26.5,28.8,26.42,25.51,26.53,26.08,13.87,12.67,17.47,14.72,13.65,6.55
2010,6,17,201006,14.75,17.66,16.72,20.97,18.71,23.02,21.29,16.62,20.37,20.98,23.71,25.03,23.08,21.15,26.79,26.37,28.38,26.39,25.58,26.82,25.9,13.39,9.4,16.9,12.62,13.29,7.15
2010,6,18,201006,17.44,17.75,16.64,18.98,16.82,25.72,22.17,19.54,22.77,17.9,22.57,26.48,20.55,19.44,26.67,24.57,27.96,26.94,25.8,26.98,26.53,12.51,8.26,17.31,14.31,14.24,9.39
2010,6,19,201006,19.19,19.54,19.56,20.06,20.3,25.86,24.87,21.38,20.02,17.24,22.28,26.22,22.4,21.44,27.01,25.53,27.57,27.21,26.48,27.28,27.09,14.18,11.56,17.01,15.6,13.63,11.74
2010,6,20,201006,20.03,21,21.57,23.45,22.94,23.93,22.43,17.44,18.21,19.17,24.26,26.4,24.54,23.29,26.64,26.13,27.29,26.76,25.88,27.47,26.8,14.65,13.65,17.22,15.24,13.17,10.79
2010,6,21,201006,19.1,20.94,19.03,23.59,20.49,25.93,23.25,19.1,21.01,21.36,24.85,27.08,23.3,22.6,26.31,25.88,26.92,26.48,25.52,27.56,26.49,15.17,12.8,17.25,15.08,14.1,9.82
2010,6,22,201006,16.52,18.82,18.31,22.97,21.07,26.72,25.35,21.56,22.37,22,25.45,26.98,24.59,23.29,26.55,27.01,27.19,26.67,26.3,27.47,26.99,15.2,12.42,17.32,15.95,15.37,12.2
2010,6,23,201006,16.7,20.54,20.92,24.77,23.43,26.9,25.79,22.31,23.65,21.28,24.62,26.72,25.11,24.22,26.92,27.34,27.59,26.41,26.41,27.02,26.85,14.21,13.01,18.26,16.96,17.09,14.62
2010,6,24,201006,19.14,22.52,21.54,25.17,23.41,24.8,25.51,20.24,19.62,18.82,20.54,24.94,25.49,24.64,27.04,27.48,27.56,26.47,25.97,27.04,26.41,14.86,15.05,19.12,17.8,17.17,15.34
2010,6,25,201006,16.71,19.61,17.87,22.99,19.99,22.73,21.58,17.58,19.7,21.15,23.29,24.41,24.15,22.64,27.25,27.15,27.85,26.69,26.2,27.4,26.37,16.36,16.19,20.18,17.43,17.24,14.96
2010,6,26,201006,16.27,19.61,17.8,22.7,20.19,25.61,23.16,19.69,22.04,23.16,25.68,26.59,24.33,22.27,27,27.01,28.02,27.13,25.84,27.29,26.69,16.74,15.13,19.46,17.87,17.3,13.44
2010,6,27,201006,16.76,20.41,19.7,24.42,22.73,26.78,25.91,20.09,22.59,22,23.94,26.39,24.63,24.17,27.29,27.03,28.33,26.97,25.76,27.21,26.89,15.43,14.08,18.77,17.75,19.05,14
2010,6,28,201006,18.95,23.65,22.47,26.52,23.94,24.58,25.01,20.34,19.32,17.92,21.11,24.38,25.41,24.43,27.18,26.93,27.85,26.76,26.05,26.63,26.52,15.49,15.23,19.64,18.17,20.31,15.29
2010,6,29,201006,19.99,22.99,19.27,25.22,20.96,19.92,19.98,13.35,14.46,16.92,21.36,21.79,24.04,22.69,26.89,26.53,27.51,25.44,25.03,25.26,25.57,15.91,17.46,20.63,18.28,19.72,14.35
2010,6,30,201006,14.24,15.81,12.26,18.47,13.7,17.76,16.28,12.36,14.1,18.21,21.54,19.95,21.69,18.78,25.96,25.29,27.34,24.67,23.61,24.7,24.53,15.39,17.71,21.18,17.38,18.09,11.04
2010,7,1,201007,11.88,13.54,12.59,16.53,13.75,17.87,15.52,13.73,16.79,21.2,21.35,19.62,18.83,15.43,25.32,23.96,26.21,23.14,21.84,24.13,24.09,15.31,16.48,21.98,16.87,16.93,10.93
2010,7,2,201007,13.35,14.64,13.85,16.69,14.38,17.74,16.12,17.12,18.81,21.86,22.62,19.11,16.14,15.48,24.43,21.3,25.52,22.73,19.63,24.47,23.57,16.78,15.84,21.85,16.94,16.24,10.38
2010,7,3,201007,16.27,17.2,16.57,18.53,16.88,18.9,17.94,18.79,20.01,23.75,23.94,20.45,18,17.52,23.29,20.03,25.25,24.01,23.23,24.44,23.61,17.51,13.52,20.3,16.3,16.04,9.47
2010,7,4,201007,20.06,20.41,19.72,21.19,19.73,23.82,22.93,20.91,22.58,21.85,22.47,24.55,19.88,20.63,22.95,20.88,25.19,24.51,24.09,25.34,24.6,15.67,11.53,18.71,15.67,16.37,10.94
2010,7,5,201007,21.81,21.78,21.37,23.29,22.53,25.14,25.08,23.58,22.25,19.68,21.07,24.11,22.47,23.03,23.69,22.49,25.01,24.29,23.44,25.79,25.74,13.48,11.6,18.64,15.84,17.53,11.57
2010,7,6,201007,23.57,24.49,24.5,26.16,24.68,25.57,24.89,23.1,21.66,19.34,22.53,25.18,24.2,24.83,25.42,24.34,25.77,24.94,24.78,26.05,25.92,13.84,11.55,18.99,16.74,17.96,12.43
2010,7,7,201007,23.88,25.06,23.74,26.24,24.46,26.13,25.95,23.63,23,18.6,21.98,25.02,24.98,24.84,25.77,25.95,26.51,25.63,25.34,25.42,25.44,14.36,12,19.35,17.04,18,15.28
2010,7,8,201007,23.91,23.96,24.45,25.27,24.82,25.61,25.89,23.6,22.75,19.24,21.12,25.15,24.81,24.79,26.33,26.01,26.43,26.81,26.11,25.65,24.94,14.55,13.83,20.75,17.52,18.56,17.01
2010,7,9,201007,22.92,23.1,23.82,24.07,24.08,24.8,24.58,21.67,20.44,19.63,21.35,24.46,24.72,24.28,26.86,26.44,27.18,26.85,26.15,25.82,23.36,14.77,15.95,22.15,18.19,19.49,18.38
2010,7,10,201007,21.25,22.02,21.41,23.59,21.93,22.7,22.6,19.85,20.88,21.34,22.32,23.22,23.43,22.19,27.05,26.22,27.93,26.24,24.67,25.52,24.15,16.16,16.86,23.05,18.92,20.29,18.02
2010,7,11,201007,20.94,21.89,20.43,23.44,20.51,23.07,22.39,21.11,21.28,21.17,23.8,23.86,22.21,21.31,26.87,25.54,27.56,25.97,24.81,26.61,26.24,15.77,16.11,22.67,19.53,20.52,17.9
2010,7,12,201007,21.29,22.75,21.06,24.16,21.18,23.94,23.46,21.25,20.03,18.4,23.17,25.57,22.75,22.02,26.93,25.49,27.72,26.53,25.2,27.36,26.82,16.05,16.1,22.67,19.59,20.62,15.81
2010,7,13,201007,21.48,22.52,21.44,23.84,22.16,24.38,24.05,20.15,20.02,20.17,24.58,25.45,24.12,22.91,26.82,25.78,27.96,26.48,25.54,27.47,27.33,17.29,14.57,23.27,19.94,19.84,11.15
2010,7,14,201007,20.83,21.86,21.51,23.48,22.04,25.75,23.65,20.57,21.96,23.01,26.67,27.75,23.83,22.28,27.38,26.25,28.16,26.8,25.93,28.13,27.83,18.4,12.77,23.54,19.41,19.66,12
2010,7,15,201007,21.43,21.42,21.9,23.34,22.66,27.99,25.53,23.31,23.74,19.78,24.92,27.95,23.86,23.13,27.62,26.45,27.8,27.36,26.8,28.09,27.59,18,14.6,24.12,20.13,21.69,15.54
2010,7,16,201007,21.46,22.87,22.82,25.23,23.62,24.38,25.84,21.25,20.4,20.93,25.34,26.19,25.55,24.31,26.69,26.63,27.15,27.52,27.11,28.45,26.93,17.9,16.53,24.34,21.17,23.08,16.07
2010,7,17,201007,22.44,24.18,22.27,26.14,22.92,25.61,24.48,21.38,21.44,22.85,26.83,27.37,25.3,24.42,26.47,26.83,27.64,26.61,26.11,28.16,26.36,17.95,17.64,24.53,21.35,22.65,15.05
2010,7,18,201007,20.99,22.9,20.82,25.18,23.27,26.48,24.98,20.62,22.7,21.83,26.29,27.66,24.43,23.77,26.32,26.25,27.24,25.87,25.2,27.32,26.08,18.65,17.29,24.72,20.93,22.15,14.66
2010,7,19,201007,19.05,21.79,20.45,25.11,23.14,25.21,24.93,21.59,21.23,20.12,25.25,27.52,24.52,23.9,26.03,25.98,27.41,26.05,25.7,27.27,26.31,18.64,16.74,24.97,20.53,20.85,13.3
2010,7,20,201007,19.98,22.57,20.21,25.27,21.55,25.57,24.66,21.28,21.14,20.99,25.37,27.33,25.22,24.59,27.3,27.01,27.99,26.83,26.38,27.27,26.68,18.17,15.36,24.47,20.02,19.82,13.9
2010,7,21,201007,19.61,22.27,20.46,24.96,22.79,26.31,25.25,22.03,21.22,20.66,24.75,27.08,25.28,24.21,27.07,26.97,27.82,27.13,25.82,27.57,26.47,18.22,16.62,23.84,20.22,18.94,15.28
2010,7,22,201007,19.07,21.56,20.19,24.34,22.24,26.37,24.94,20.35,20.01,21.86,25.79,26.99,24.91,24.19,27.52,27.12,27.38,27.47,26.34,27.72,26.17,18.56,16.52,22.85,19.19,18.48,15.4
2010,7,23,201007,18.01,19.06,18.93,23.35,22.89,27.53,26.9,23.1,23.2,21.83,26.25,27.23,25.9,25.05,28.01,28.16,27.29,27.46,26.9,27.61,26.42,18.29,15.42,22.67,19.57,19.54,14.34
2010,7,24,201007,20.09,22.12,23.31,28.1,26.35,27.8,27.62,22.87,21.68,20.67,24.92,27.5,27.01,26.62,27.75,28.07,27.41,27.34,26.8,27.46,26.47,17.11,14.95,22.95,19.77,20.54,16.3
2010,7,25,201007,20.49,23.62,22.45,27.47,24.57,25.92,25.92,20.63,20.06,20.29,22.77,26.18,26.56,25.88,27.79,28.28,27.61,27.69,27.1,27.19,25.64,16.95,17.21,23.02,19.6,21.03,17.78
2010,7,26,201007,16.72,19.16,17.68,21.79,19.16,23.77,22.5,20.06,20.88,22.58,24.22,25.48,24.87,22.8,27.89,28.14,27.74,27.17,27.37,27.03,25.36,17.33,18.47,23.26,19.21,20.16,17.8
2010,7,27,201007,17.06,18.99,19.11,21.33,19.56,25.04,22.45,21.3,22.61,24.51,24.92,25.73,23.58,21.23,27.97,27.08,28.29,26.75,26.7,26.54,25.58,18.06,18.24,22.87,19.48,18.67,17.81
2010,7,28,201007,19.5,21.17,20.23,23.14,21.61,26.5,24.73,23.27,23.93,21.11,24.47,26.28,24.42,23.53,27.53,26.37,28.71,26.17,25.7,26.09,25.34,18.54,17.81,22.85,19.95,18.2,17.16
2010,7,29,201007,20.8,22.93,21.42,25.28,23.43,24.68,24.78,19.59,19.1,19.87,24.6,26.31,25.26,24.17,27.16,26.75,28.33,26.59,26.06,26.7,25.49,18.66,19.07,23.44,19.78,18.55,16.81
2010,7,30,201007,14.76,17.83,16.04,21.09,17.78,23.26,20.46,18.67,19.86,21.82,25.77,26.31,23.12,20.58,27.99,26.43,28.83,26.88,26.56,27.45,25.93,18.8,18.8,23.23,20.23,19.22,17
2010,7,31,201007,14.3,16.05,15.92,20.15,19.01,24.8,21.44,19.89,20.39,23.17,25.34,26.53,20.01,19.41,28.2,25.08,29.13,26.92,25.83,27.62,26.21,18.86,19.18,22.7,19.93,18.89,16.37
2010,8,1,201008,16.21,18,17.23,21.07,19.56,24.09,22.05,20.81,21.97,23.38,24.42,25.2,18.42,19.73,27.82,23.95,29.01,27.91,27.3,28.38,25.98,19.11,18.5,20.85,18.8,17.87,14.56
2010,8,2,201008,17.94,19,19.69,21.12,19.83,24.85,23.39,22.58,23.93,24.46,26.4,26.75,21.17,21.14,27.92,24.73,28.31,28.55,27.66,28.96,26.19,18.26,16.86,20.87,18.49,17.76,15.57
2010,8,3,201008,18.91,20.33,21.27,22.5,21.87,27.02,24.82,24.49,25.23,24.05,26.59,28.31,23.91,23.62,27.93,25.79,28.53,28.63,27.77,28.51,26.48,18.34,17.12,22.12,18.68,18.91,16.5
2010,8,4,201008,21.28,22.76,23.3,24.65,24.29,28.14,27.07,24.21,23.58,22.37,25.55,27.58,25.71,25.5,27.83,26.74,27.9,28.96,28.21,28.5,27.44,18.04,16.78,22.59,19.19,18.97,16.94
2010,8,5,201008,23.09,23.77,23.01,26.64,23.89,25.87,25.98,21.64,20.69,19.48,23.76,26.59,26.59,25.59,27.7,27.61,27.14,28.48,28.4,28.71,27.45,16.92,17.04,22.61,19.34,18.45,17.68
2010,8,6,201008,20.17,21.63,19.33,24.56,21.38,21.49,21.84,17.66,17.67,19.49,23.16,23.96,24.78,23.32,27.58,27.18,27.61,26.82,26.3,27.51,27.52,17.28,18.11,22.39,19.25,18.06,17.88
2010,8,7,201008,12.84,16.19,15.14,20.23,17.8,21.35,19.71,17.73,20.06,22.1,24.24,23.59,22.3,20.39,27.02,25.94,27.91,25.98,23.77,27.48,27.6,17.59,17.43,21.8,18.73,17.64,15.53
2010,8,8,201008,15.02,18.63,17.15,21.84,19.14,23.49,21.47,22.06,24.16,24.58,26.17,25.79,22.85,21.2,27.31,25.72,27.73,26.39,24.89,28.36,27.45,17.72,16.72,20.81,18.59,17.35,15.26
2010,8,9,201008,19.86,21.77,21.22,23.68,21.57,26.81,23.93,23.65,26.12,25.48,26.75,28.14,24.77,23.19,27.13,26.1,27.04,27.24,26.3,28.61,27.37,17.14,16.51,20.36,18.16,16.79,14.91
2010,8,10,201008,20.88,22.85,22.28,25.23,23.31,28.62,26.58,24.68,25.58,25.31,26.42,28.5,25.5,24.33,27.46,26.95,26.79,27.85,27.08,28.61,27.54,16.3,16.14,20.78,17.86,16.82,13.92
2010,8,11,201008,19.68,22.7,21.78,26.09,23.8,27.74,26.5,23.34,25.14,25.02,26.09,27.96,26.51,25.4,26.97,27.58,26.48,28.12,27.91,28.55,27.83,16.86,16.2,21.52,17.76,15.86,13.66
2010,8,12,201008,16.9,19.68,20.55,24.19,23.19,28.48,26.74,23.93,25,24.48,26.13,28.75,26.28,24.86,27.18,27.68,27.27,28.02,27.79,28.83,27.5,17.18,15.62,22.31,17.74,16.6,14.38
2010,8,13,201008,17.14,18.1,18.54,21.57,17.87,27.67,25.72,23.95,24.95,24.35,25.58,28.54,23.05,22.55,27.29,27.74,27.88,28.02,27.86,28.88,27.44,15.67,13.59,20.96,18.02,17.34,15.56
2010,8,14,201008,17.33,17.37,18.28,20.33,19.81,27.59,25.86,24.08,23.64,20.47,23.58,27.89,22.05,21.98,27.07,25.93,28.07,27.48,27.56,28.72,27.78,14.8,12.7,21.05,18.41,17.63,16.15
2010,8,15,201008,17.21,17.5,19.19,21.11,20.6,26.22,26.17,22.77,20.31,17.52,21.72,26.33,23.04,22.59,26.86,25.14,28.15,27.81,27.21,28.74,28.13,15.17,13.62,22.86,19.25,18.26,16.82
2010,8,16,201008,17.53,19.94,20.43,23.7,22.59,20.69,22.34,18.19,16.46,16.13,20.73,22.11,25.11,24.3,26.29,25.59,27.85,27.24,26.59,27.39,28,16.9,15.26,23.68,19.57,19.18,17.43
2010,8,17,201008,20.54,23.08,19.63,25.57,20.55,20.42,19.43,16.69,15.18,16.72,21.09,21.33,25.01,22.62,26.58,26.26,27.86,25.35,24.21,26.13,27.59,16.23,16,23.76,19.59,20.09,17.92
2010,8,18,201008,18.02,20.22,17.95,21.68,19.14,22.21,20.76,17.8,17.84,19.3,21.04,23.21,24.28,20.93,27.46,26.76,28.13,25.38,25.39,26.79,27.69,16.91,16.99,23.8,19.61,19.65,16.94
2010,8,19,201008,18.58,20.37,19.27,22.69,20.22,23.99,21.85,19.89,20.83,20.71,23.58,25.46,23.09,21.43,26.95,26.78,28.07,25.69,24.92,27.04,27.38,17.34,16.76,23.52,19.06,18.81,14.54
2010,8,20,201008,17.4,20.05,18.36,22.72,20.61,26.53,23.93,20.76,23.32,23.05,24.37,26.48,23.51,22.54,26.84,26.24,28.02,26.63,25.72,27.98,27.43,15.95,14.97,23.42,18.72,18.73,12.88
2010,8,21,201008,14.35,16.64,16.47,21.27,20.19,26.05,23.36,22.26,23.21,23.25,24.5,27.26,23.42,22.68,26.93,25.44,27.93,26.9,25.66,28.13,27.42,15.65,16.31,23.3,18.95,17.93,13.39
2010,8,22,201008,16.08,18.85,19,23.13,20.69,25.19,23.09,20.78,21.95,23.74,23.91,26.2,23.85,21.86,27.11,25.9,27.75,27.61,26.51,28.14,27.31,17.28,17.38,23.79,18.95,17.37,12.04
2010,8,23,201008,15.8,17.43,15.85,20,18.18,22.44,21.02,19.85,21.84,23.55,23.8,24.06,22.37,20.68,27.14,25.73,26.95,26.27,24.02,28,27.28,18.13,13.87,23.92,17.34,17.56,10.63
2010,8,24,201008,16.74,16.2,15.97,17.82,16.44,22.06,20.74,20.03,20.65,18.16,21.13,22.08,20.24,17.86,26.16,24.44,26.18,23.9,22.16,26.01,26.65,14.66,11.41,23.98,17.32,19.67,13.33
2010,8,25,201008,16.38,16.37,17.36,18.13,17.37,20.1,20.84,18.79,15.08,15.25,17.04,19.48,19.35,17.97,25.67,22.79,26.67,23.44,22.25,22.41,23.92,13.94,14.48,22.93,16.55,21.94,16.39
2010,8,26,201008,16.72,18.7,17.51,21.26,18.73,16.33,17.59,14.95,14.24,16.9,18.19,17.46,20.9,20.03,26.34,24.24,26.9,23.28,21.37,21.26,22.58,14.43,16.61,22.39,17.8,21.82,16.86
2010,8,27,201008,15.45,16.49,14.52,17.73,14.65,17.79,16.47,16.7,17.67,20.32,18.7,18.49,21.13,18.4,25.53,24.78,26.68,22.77,20.9,20.79,22.92,15.04,16.32,22.11,17.45,19.1,11.06
2010,8,28,201008,15.1,16.5,15.6,17.43,15.75,19.05,18.03,20.04,19.89,20.59,19.92,19.28,22.42,19.11,25.12,24.71,26.29,23.86,23.6,22.34,23.6,15.05,13.77,21.4,16.2,15.27,9.97
2010,8,29,201008,19.29,19.8,18.57,20.21,18.72,23.89,21.88,20.13,20.19,21.8,21.95,23.91,23.57,21.41,24.47,24.29,26.11,23.98,23.82,24.73,24.98,15.35,12.34,20.2,14.57,12.62,9.37
2010,8,30,201008,20.47,20.63,19.37,22.22,20.47,23.56,24.05,23.98,24.03,23.11,23.54,23.48,23.43,22.92,23.57,23.53,25.81,24.17,23.34,25.47,26.19,14.58,10.98,18.54,14.31,12.72,9.37
2010,8,31,201008,21.75,22.17,22.05,22.99,21.56,24.55,23.96,23.59,23.45,21.27,24.11,24.88,23.47,22.64,24.09,23.65,26.17,24.35,23.54,26.46,26.59,13.19,9.26,18.67,14.79,14.32,9.76
2010,9,1,201009,23.26,23.72,22.34,24.27,22.52,24.71,23.38,22.59,21.39,17.61,22.24,24.87,23.13,22.32,24.5,24.22,26.34,24.54,23.38,26.21,26.57,12.81,10.02,19.81,15.73,16.98,11.53
2010,9,2,201009,22.85,23.52,22.16,24.29,22.08,23.88,23.43,20.26,18.93,17.13,21.36,23.9,22.66,21.95,24.78,23.69,25.6,24.11,23.2,25.9,26.27,12.45,10.31,20.4,16.79,19.53,13.15
2010,9,3,201009,22.76,22.84,22.43,23.67,21.65,19.56,20.86,18.31,14.51,13.23,14.39,19,22.68,21.79,24.34,23.64,26.13,23.42,21.97,23.03,24.74,10.92,11.47,20.54,16.99,20.15,15.47
2010,9,4,201009,20.82,21.39,17.91,21.7,16.73,13.84,14.45,12.44,10.21,12.59,15.56,14.44,18.85,16.99,22.86,21.69,26.41,19.61,16.14,19.07,20.93,13.17,14.51,21.25,16.77,19.32,15.39
2010,9,5,201009,13.58,14.59,12.41,15.73,13.02,14.47,13.19,12.17,11.21,14.47,18.55,16.35,14.74,13.43,19.7,17.7,26.59,17.11,15.21,19.3,22.31,14.6,13.13,21.54,16.03,17.9,9.77
2010,9,6,201009,12.78,14.7,12.95,16.32,13.43,17.79,15.79,16.08,16.56,15.39,20.81,18.6,17.21,15.42,22.09,20.47,26.26,19.39,16.79,22.28,24.11,13.36,8.01,20.77,14.18,16.31,8.35
2010,9,7,201009,15.52,17.99,17.5,20.6,18.02,19.07,19.01,17.61,15.49,12.4,15.3,20.68,20.32,19.08,24.78,23.62,25.93,23.58,21.04,24.99,23.53,9.1,8.17,20.66,14.76,16.72,10.3
2010,9,8,201009,17.55,20.4,17.63,22.47,18.6,15.1,16.55,13.65,11.66,12.5,17.2,18.51,22.01,20.67,24.77,24.38,26.1,24.86,23.59,24.51,22.82,13.5,12.05,19.93,16.08,14.83,10.6
2010,9,9,201009,14.16,15.57,13.12,16.86,14.41,14.53,14.2,12.64,11.22,14.59,20.51,18.76,16.76,14.82,24.78,22.23,26.87,23.3,20.86,24.34,24.92,14.22,11.97,17.29,14.2,12.61,9.59
2010,9,10,201009,12.42,14.26,12.74,16.23,13.78,15.87,14.36,12.7,12.72,15.81,20.96,19.5,14.99,14.14,24.29,19.72,27.28,23.19,21.32,26.68,26.34,11.2,9.01,15.97,12.8,13.38,9.47
2010,9,11,201009,13.17,14.76,13.47,16.41,13.81,18.48,15.8,13.28,14.49,14.7,18.07,22.59,15.8,15.07,25.45,20.33,27.71,25.12,24.28,26.63,25.54,9.41,8.52,16.51,12.44,14.94,10.32
2010,9,12,201009,12.8,14.67,14.21,15.68,15.01,17.05,17.32,15.47,14.51,14.44,17.8,18.05,18.12,17.3,26.17,22.76,27.88,24.39,21.58,24.4,25.73,11.36,10.54,17.89,14.43,16.11,11.72
2010,9,13,201009,11.64,14.22,14.79,18.19,15.73,18.32,17.33,15.01,13.98,14.63,20.31,18.74,17.57,16.78,22.42,19.7,27.52,19.78,18.03,23.37,25.89,12.5,12.48,18.99,15.86,16.17,13.37
2010,9,14,201009,12.71,15.49,12.95,18.13,14.34,18.48,16.73,12.17,11.26,14.05,22.22,21.3,18.17,17.19,22.42,19.84,26.34,20.38,19.61,22.94,25.65,13.64,12.41,19.75,16.08,15.59,13.48
2010,9,15,201009,10.52,11.88,10.84,14.89,13.54,19.29,17.07,11.11,11.31,14,22.22,21.8,18.3,16.78,22.76,21.11,25.41,22.79,21.34,24.26,25.84,14.02,12.2,19.68,15.51,15.29,13.64
2010,9,16,201009,9.46,11.58,10.96,16.49,14.5,20.87,19.4,13.46,13.96,13.29,18.19,21.5,19.67,18.39,22.44,21.79,25.68,23.91,22.51,24.96,25.18,12.6,12.05,19.92,15.65,15.71,13.32
2010,9,17,201009,12.71,16.74,13.64,20.78,16.74,16.3,15.87,12.3,12.54,13.32,18.76,18.5,21.01,19.13,23.77,23.06,25.76,23.55,23.09,24.46,24.72,13.49,11.62,19.25,15.97,16.67,14.32
2010,9,18,201009,11.18,13.78,11.84,16.78,14.17,18.3,16.76,13.85,12.83,8.78,19.1,21.67,18.02,16.09,24.82,23.49,25.61,22.84,20.32,25.12,24.48,13.69,10.23,18.74,15.93,16.27,14.42
2010,9,19,201009,13.16,15.48,15.14,17.65,15.93,19.6,19.11,11.76,8.79,8.95,17.55,22.34,18.73,17.83,24.62,22.31,25.18,23.04,21.29,24.99,23.99,13.85,11.95,19.62,15.9,15.55,13.2
2010,9,20,201009,12.79,15.47,11.46,17.62,14.6,20.92,19.24,12.17,11.73,13.08,20.99,23.08,19.23,18.34,24.04,21.81,24.82,24.31,22.42,24.22,23.32,14.91,11.82,20.5,15.16,14.79,9.98
2010,9,21,201009,8.98,10.7,10.15,13.12,12.26,23.43,19.56,17.69,20.21,16.12,21.02,22.77,17.67,16.11,23.73,21.89,24.71,23.96,22.98,24.03,23.27,13.81,9.77,20.21,14.95,14.66,9.16
2010,9,22,201009,15.15,16.92,17.32,18.98,18.7,22.85,22.08,17.09,14.48,13.38,21.68,23.37,21.68,20.94,24.27,23.68,25.37,23.83,23.49,24.54,23.66,14.03,10.22,19.9,15.11,13.63,9.39
2010,9,23,201009,14.01,18.6,16.52,21.7,20.12,23.04,22.79,16.27,17.29,14.83,22.04,23.22,23.25,22.29,23.84,24.36,25.25,24.19,23.34,24.68,23.69,13.11,9.62,17.56,13.16,13.41,9.08
2010,9,24,201009,13.56,18.92,19.8,22.17,21.81,21.29,22.34,19.02,16.29,11.7,16.84,20.89,23.27,22.23,23.31,23.7,25.66,24.07,22.75,24.49,24.13,10.43,9.46,17.72,14.02,15.71,10.47
2010,9,25,201009,18.5,21.4,18.54,22.94,19.36,14.15,16.07,11.06,9.22,11.86,17.59,16.06,21.69,20.83,25.07,23.61,25.87,23.05,21.54,22.65,24.32,11.33,10.91,18.74,15.2,17.18,12.49
2010,9,26,201009,13.22,16.39,13.36,17.98,13.74,12.67,12.41,9.77,8.27,11.68,13.82,14.34,18.08,15.46,23.62,23.37,25.69,19.82,16.87,19.97,22.42,11.42,13.71,19.17,14.65,17.53,14.01
2010,9,27,201009,12.21,14.96,13.85,19.68,15.48,11.97,12.11,10.63,8.95,13.34,13.66,12.02,18.39,16.4,21.53,21.59,25.82,16.83,14.93,15.94,17.74,13.14,13.68,19.83,14.95,18.56,15.28
2010,9,28,201009,17.07,19.65,17.93,21.59,17.9,12.96,13.58,12.15,12.2,14.18,16.27,13.62,18.45,17.13,18.23,19.37,23.94,15.63,14.73,16.33,18.07,13.12,14.36,19.67,15.77,19.17,16.78
2010,9,29,201009,18.47,19.74,16.03,19.71,14.98,15.53,13.72,12.82,13.59,15.42,17.33,16.62,15.69,14.85,18.59,18.49,23.11,16.31,15.34,18.23,20.28,13.33,13.54,19.29,15.82,19.16,14.94
2010,9,30,201009,16.83,19.24,15.74,21.01,16.59,16.32,15.6,13.9,13.29,12.66,15.5,16.94,18.6,17.52,19.16,19.29,23.69,16.97,16.27,18.78,20.27,11.85,12.06,19.95,15.83,19.21,14.8
2010,10,1,201010,17.59,17.97,15.35,19.45,14.87,12.92,12.9,10.52,9.83,12.14,14.1,13.67,16.33,14.93,18.54,18.61,22.01,16.5,15.76,17.16,19.71,12.02,12.52,19.96,16.26,19.02,15.19
2010,10,2,201010,11.29,13.32,9.41,13.13,9.81,11.98,10.77,8.75,7.7,8.47,12.51,12.9,12.44,11.68,17.47,15.54,22.27,14.05,12.85,15.46,18.71,11,12.48,19.61,16.09,18.31,14.37
2010,10,3,201010,7.11,8.79,7.63,11.94,9.86,8.3,9.12,7,5.29,7.44,8.4,8.03,13.38,11.43,17.44,16.19,21.86,12.83,11.18,12.54,16.26,10.31,13.13,19.45,15.22,17.28,14.14
2010,10,4,201010,8.14,10.58,7.65,12.36,8.85,7.92,8.87,7.28,6.44,9.16,9.96,8.21,11.38,9.97,14.04,13.95,19.29,10.21,9.11,10.6,14.46,10.86,12.77,17.72,13.21,15.03,10.55
2010,10,5,201010,10.14,12.44,9.36,13.48,8.06,9.23,8.84,9,8.17,11.84,12.87,9.22,9.39,8.41,12.38,12.37,18.1,9.76,9.2,11.28,15.1,11.53,11.62,16.26,12.09,11.66,8.22
2010,10,6,201010,10.48,13.2,11.18,12.28,9.33,11.36,10.27,11.36,11.26,13.41,15.15,12.09,9.45,8.81,11.66,10.91,18.38,10.99,9.94,13.48,16.28,12.08,11.21,15.4,12.17,11.68,10.21
2010,10,7,201010,9.66,10.43,10.39,12.32,11.24,14.56,13.19,11.97,10.84,12.1,15.98,15.16,12.41,11.94,13.05,12.96,17.09,13.37,12.73,16.05,16.84,11.82,11.99,14.62,11.53,11.31,11.65
2010,10,8,201010,8.55,11.1,10.12,12.76,10.51,13.44,12.71,12.25,12.25,15.25,17.69,16.29,12.79,11.95,16.19,14.91,18.55,16.38,15.94,18.18,17.12,10.79,9.86,13.21,10.82,11.83,10.19
2010,10,9,201010,6.84,10.77,9.82,13.61,11.7,17.28,14.71,13.12,15.58,17.59,16.56,18.91,14.23,13.56,18.44,16.32,20.32,18.22,17.28,18.33,17.51,6.51,8.81,13.01,10.51,13.48,10.69
2010,10,10,201010,4.65,6.25,6.35,10.59,11.08,18.67,17.02,13.94,16.13,16.53,13.44,17.24,15.83,14.76,18.96,17.26,21.54,18.83,17.37,18.51,18.68,6.32,9.53,12.9,10.78,15.36,12.46
2010,10,11,201010,7.13,9.65,10.13,15.53,15.19,16.92,17.31,14.05,15.88,15.99,13.6,16.84,17.25,16.89,19.64,18.12,22.41,18.52,16.99,18.48,19.42,7.64,9.66,13.79,11.69,16.21,8.46
2010,10,12,201010,7.12,11.91,9.94,17.53,14.77,16.72,15.87,12.17,14.95,14.35,14.14,16.82,17.27,16.21,19.8,18.8,22.38,18.2,16.76,18.5,19.39,7.95,6.27,14.98,10.67,15.77,6.8
2010,10,13,201010,7.14,8.77,6.48,11.52,8.33,16.43,14.54,12.41,12.04,9.12,10.68,15.53,15.78,13.39,19.71,18.08,22.7,18.67,17.06,17.65,17.75,6.51,5.83,15.58,10.03,15.72,8.64
2010,10,14,201010,7.2,8.12,7.06,10.44,8.68,10.22,12.27,9.58,7.6,8.67,10.83,10.42,14.5,12.34,18.68,17.73,22.38,16.44,14.45,14.69,15.86,7.78,7.73,16.14,11.27,15.99,9.53
2010,10,15,201010,7.7,10.14,7.8,11.12,8.05,10.12,9.8,9.47,7.92,8.87,12.86,11.03,9.8,9.1,12.03,12.03,18.39,11.54,9.92,14.03,15.41,8.73,8.81,15.99,12.04,16.07,8.29
2010,10,16,201010,6.77,7.56,6.8,9.75,7.79,10.53,9.92,9.2,8.37,9.24,13.71,11.54,9.29,8.81,11.88,10.77,16.36,12.2,10.57,15.41,16.12,8.42,6.98,15.87,11.69,15.04,6.12
2010,10,17,201010,6.77,7.81,7.17,9.52,8.47,12.24,11.05,9.04,6.74,6.24,11.49,14.52,10.51,10.29,14.18,11.66,17.87,13.66,12.64,16.36,16.96,7.65,7.27,15.44,11.76,14.02,5.92
2010,10,18,201010,4.93,7.44,6.18,8.95,6.94,11.36,9.96,6.93,6.2,6.72,11.75,14.47,13.02,11.48,15.17,13.98,19.82,15.58,14.56,17.34,19.05,7.47,5.99,13.94,11.08,12.41,5.69
2010,10,19,201010,3.55,5.89,5.59,9.56,8.44,9.04,9.57,6.95,6.44,6.7,10.15,11.52,13.5,11.32,16.16,15.39,20.21,16.14,14.18,18.36,19.65,6.71,5.75,13.59,10.3,13.17,7.17
2010,10,20,201010,5.6,8.24,6.84,9.99,7.44,9.54,8.9,8.36,6.94,8,10.98,11.13,13.14,10.18,17.46,15.97,21.57,16.54,14.31,17.95,20.46,7.18,6.79,13.14,10.11,13.11,8.56
2010,10,21,201010,6.72,8.41,6.79,10.19,7.78,9.6,9.04,6.46,4.98,6.18,12.28,11.91,11.74,9.54,15.5,15.01,20.7,14.15,11.88,17.93,20.43,7.77,7.55,11.56,10.21,12.05,9.06
2010,10,22,201010,3.01,3.73,2.5,6.88,5,7.93,6.27,5.21,4.4,7.5,13.47,11.7,7.99,6.62,13.36,11.52,19.66,13.02,10.44,18.18,20.35,7.28,7.63,10.74,8.98,11.17,8.95
2010,10,23,201010,1.58,4.13,4.74,7.19,6.07,14.53,10.1,8.81,9.75,10.37,15.28,16.92,8.99,8.2,14.38,11.17,20.35,14.13,12.69,19.22,19.14,6.44,6.78,10.8,8.03,10.7,7.02
2010,10,24,201010,2.54,6.4,8.48,13.88,12.38,17.41,14.31,12.35,12.77,10.46,13.96,17.82,12.99,13.4,17.92,14.27,22.86,16.51,13.89,18.97,18.87,6.25,6.52,11.53,8.73,12.01,7.26
2010,10,25,201010,6.57,11.77,11.93,15.52,14.27,17.39,16.93,14.27,12.86,10.65,13.01,16.92,16.03,15.6,21.39,18.47,24.17,20.43,17.72,19.82,19.04,6.57,4.73,12.7,8.58,11.43,4.85
2010,10,26,201010,12.3,16.19,15.06,17.9,16.62,17.03,16.99,14.83,13.01,8.49,9.42,15.73,17.79,17.11,23.04,20.77,25.24,21.87,19.66,19.22,18.38,-1.16,0.26,11.36,4.76,8.3,3.49
2010,10,27,201010,14.62,17.86,16.12,19.75,16.97,10.28,13.01,9.24,5.35,2.96,6.15,9.53,19.68,17.42,22.43,22.33,25.6,20.43,17.38,15.29,16.81,-2.28,-1.16,9.1,3.22,6.75,3.21
2010,10,28,201010,14.2,16.91,11.46,19.22,12.56,6.85,8.37,6.1,3.04,0.99,5.04,6.8,17.84,14.84,20.83,20.44,25.42,16.76,13.33,12.46,14.57,-1.11,-0.42,8.55,3.59,8.3,5.29
2010,10,29,201010,7.59,8.61,6.31,9.38,6.22,3.72,5.26,4.23,0.3,1.39,6.43,4.77,8.26,6.91,14.1,12.96,21.76,8.58,6.35,8.5,10.11,3.02,3.33,11.93,6.25,9.43,6.83
2010,10,30,201010,3.07,5.45,4.44,6.52,4.38,5.73,5.28,5.3,3.61,4.24,9.12,6.8,6.05,5.6,11.18,8.97,18.69,8.22,6.8,9.72,12.03,6.23,4.58,12.34,8.69,9.45,6.34
2010,10,31,201010,2.55,7.22,4.63,8.3,5.23,7.05,6.21,3.79,1.9,2.97,7.96,9.25,9.04,7.69,14.04,12.06,21,11.46,9.4,12.91,15.24,4.91,4.77,10.09,7.24,9.06,6.53
2010,11,1,201011,0.71,2.36,0.89,4.91,2.75,6.04,4.36,3.15,2.45,4.9,7.32,8.72,7.53,5.47,14.94,12.26,21.31,13.47,11.2,15.12,17.02,3.7,4.32,9.83,6.67,10.71,7.91
2010,11,2,201011,1,2.57,0.95,3.02,0.9,5.55,3.51,3.65,3.11,6.18,7.93,8.06,4.78,3.52,14.22,10.11,21.9,15.02,11.35,15.04,14.58,3.81,5.7,10.26,6.92,12.52,9.2
2010,11,3,201011,0.98,2.28,2.03,4.44,2.12,5.12,3.92,4.15,4.88,6.9,9.22,7.5,6.11,5.04,13.65,10.52,21.77,13.42,12.22,12.64,11.51,5.61,5.23,12.18,8.43,13.69,8.61
2010,11,4,201011,2.56,4.87,3.46,9.48,4.77,6,6.28,4.98,3.63,3.38,5.01,6.52,9.9,7.81,14.57,13.22,21.49,11.73,9.25,10.36,10.46,3.41,3.87,12.51,8.48,14.43,8.63
2010,11,5,201011,8.92,11.5,4.48,9.31,4.84,3.19,4.48,1.84,-0.63,1.05,2.33,2.62,7.14,5.54,7.59,9.5,14.55,6.31,5.32,5.41,7.77,3.52,5.5,12.39,8.81,14.41,9.02
2010,11,6,201011,5.94,6.48,2.27,5.77,2.47,0.32,1.95,0.78,-0.19,3.38,4.94,1.65,4.46,3.14,5.21,6.24,9.12,4.07,2.82,4.72,8.35,5.72,7.65,11.87,8.93,12.29,9.21
2010,11,7,201011,2.29,3.85,1.37,5.14,1.81,3.3,2.35,3.5,2.27,6.62,9.01,5.59,3.38,2.54,3.75,3.7,8.98,4.07,3.08,7.55,9.76,6.33,7.52,10.79,7.85,10.6,8.08
2010,11,8,201011,2.56,2.36,1.17,3.85,2.24,7.07,4.96,5.78,5.09,7.73,10.3,8.75,4.37,3.78,6.35,5.34,11.85,7.11,6.15,10.06,12.45,5.13,5.44,9.98,6.2,7.49,2.85
2010,11,9,201011,5.55,6.09,2.74,6.49,4.15,9.67,8.14,6.75,7.05,7.94,10.5,11.33,7.23,6.69,9.58,8.9,12.82,9.93,8.94,12.61,13.91,3.82,1.02,7.37,2.8,4.81,1.28
2010,11,10,201011,4.15,6.63,4.54,8.3,6.35,11.41,9.21,7.01,8.92,7.73,9.13,13.19,8.79,8.28,11.75,10.35,14.37,12.38,11.69,15.28,14.96,-1.94,-2.64,3.97,1.38,6.33,3.14
2010,11,11,201011,1.16,3.38,2.86,5.45,4.6,12.93,9.35,8.17,9.74,4.44,5.07,13.51,8.65,7.81,12.3,10.64,16.12,12.99,12.58,15.76,15.95,-2.15,-3.03,4.69,0.89,5.51,1.57
2010,11,12,201011,2.47,3.92,3.41,4.81,4.9,12.87,10.45,7.85,4.07,2.38,6.02,12.63,6.69,7.39,11.41,8.6,17.34,12.61,12.15,15.66,17.05,-3.94,-3.01,3.67,1.07,5.91,2.95
2010,11,13,201011,4.55,5.55,4.35,5.89,4.63,10.71,9.41,6.97,4.68,1.67,2.75,9.28,6.36,7.48,9.11,7.02,15.85,12.79,11.86,11.49,10.59,-4.37,-2.4,4.2,0.23,6.46,1.67
2010,11,14,201011,3.95,6.17,4.82,7.37,4.97,5,7.9,6.48,2.82,0.02,2.87,4.02,7.21,8.05,9.56,7.81,15.74,12.1,10.11,8.44,8.14,-3.68,-2.15,4.57,1.02,8.45,5.41
2010,11,15,201011,4.21,6.4,6.22,8.6,6.39,4.79,3.79,3.61,1.07,0.02,3.6,5.7,8.55,8.41,12.76,9.83,17.14,10.73,7.8,8.79,9.91,-2.27,0.46,5.53,2.6,10.2,6.5
2010,11,16,201011,6.99,8.67,5.59,9.62,6.78,6.11,6.26,4.61,2.13,1.05,4.89,6.82,11.32,9.77,15.58,14.4,19.5,12.46,9.55,10.21,10.06,-1.49,0.66,6.76,2.81,9.99,5.85
2010,11,17,201011,7.61,11.28,8.34,12.58,8.85,6.29,7.13,5.47,2.61,0.46,4.11,6.39,11.57,9.83,12.22,13.89,18.92,9.05,8.29,8.26,10.15,-1.4,-2.36,7.22,2.36,8.35,2.94
2010,11,18,201011,4.1,5.74,3.44,7.08,4.3,4.5,5.24,2.92,-1.73,-2.53,1.57,5.36,5.94,5.32,8.6,7.8,16.1,8.89,8.21,8.66,8.44,-1.99,-1.28,6.9,2.15,8.01,3.23
2010,11,19,201011,-0.26,2.67,1.26,5.68,3.15,3.83,4.14,0.92,-1.5,-1.77,3.02,4.81,6.03,5.07,10.15,7.73,14.68,9.87,8.89,8.23,8.4,1.14,-2.03,7.36,3.4,7.72,0.3
2010,11,20,201011,-1.07,2.25,1.57,4.69,3.04,4.87,5.65,0.5,-4.57,-7.27,1.22,6.36,6.66,6.2,11.78,9.47,17.26,11.59,9.74,9.8,11.59,0.51,-3.7,7.54,3.98,6.16,-0.31
2010,11,21,201011,-2.87,0.34,-0.78,4.15,3.04,8.92,8.4,1.56,-0.17,-4.38,3.77,11.65,8.96,8.26,14.61,12.49,19.24,14.14,13.4,14.85,16.32,1.1,-6.56,7.5,2.56,3.98,-2.27
2010,11,22,201011,-0.96,2.86,4.48,8.42,8.36,16.7,14.54,9.06,3.24,-6.34,3.08,16.98,11.63,11.05,16.55,14.65,19.83,16.12,15.07,18.2,17.14,-2.66,-9.15,4.58,0.49,2.94,-3.04
2010,11,23,201011,5.1,10.7,9.98,11.39,11.32,6.48,11.21,4.78,-3.13,-10.03,-1.47,6.95,13.25,12.33,17.89,15.66,20.06,17.2,15.06,15.86,15.66,-5.22,-10.3,2.55,-0.55,2.98,-6.6
2010,11,24,201011,1.7,4.61,1.46,6.26,2.12,-0.11,0.47,-1.37,-4.62,-8.07,0.69,5.35,7.46,4.38,17.81,13.81,19.95,13.95,11.19,16.62,17.6,-4.41,-14.68,3.28,-2.14,0.4,-11.56
2010,11,25,201011,-3.15,-1.14,-1.87,2.05,0.46,5.65,7.67,2.17,-2.24,-10.62,-5.21,6.86,6.93,6.59,17.74,10.95,20.38,17.48,16.6,14.22,15.48,-11.69,-16.23,0.85,-5.73,-0.71,-7.67
2010,11,26,201011,-1.38,2.77,1.16,8.54,3.84,-2.19,1.61,-3.29,-8.4,-8.66,-3.75,-1.32,10.89,8.67,16.63,15.45,21.36,10.48,6.89,3.68,4.8,-8.62,-8.89,-2.06,-6.8,0.46,-2.68
2010,11,27,201011,-1.62,0.02,-1.41,1.53,-1.51,-0.87,-1.21,-1.47,-6.08,-6.18,0.01,0.73,1.93,-0.17,7.52,7.63,17.45,2.87,1.27,2.96,3.61,-4.19,-5.8,0.25,-3.2,2.51,-0.38
2010,11,28,201011,-3.16,-1.56,-1.18,1.77,-0.44,0.31,-1.46,-1.71,-4.28,-3.67,1.24,2.72,0.83,0.11,4.39,2.86,13.94,3.88,2.75,4.96,6.35,-3.07,-4.76,1.58,-1.74,2,-2.3
2010,11,29,201011,-1.18,0.62,-0.31,2.07,-0.66,2.91,0.91,0,0.29,-3.33,1.75,6.53,1.26,1.26,9.39,4.58,19.38,7.07,4.86,10.81,12.25,-6.29,-7.97,-0.62,-4.94,-0.28,-3.77
2010,11,30,201011,-0.43,2.06,1.98,6.45,3.76,5.3,8.33,4.07,1.12,-4.78,-3.26,1.84,8.96,8.26,17.23,13.26,21.84,13.48,11.04,6.38,6.07,-9.56,-10.78,-3.07,-6.56,1.04,-1.38
2010,12,1,201012,3.28,8.31,8.41,13.04,8.14,-2.26,0.2,-0.24,-5.31,-8.46,-3.81,-2.09,10.33,7.59,8.99,12.51,16.39,3,1.67,1.44,3.04,-4.92,-5.03,0.16,-2.55,3.33,1.36
2010,12,2,201012,3.36,4.73,-0.17,1.27,-1.98,-2.78,-2.21,-1.74,-6.69,-7.72,0.39,-0.75,-0.46,-1.26,1.56,1.35,8.08,2.12,-0.47,4.08,6.26,-1.02,-3.27,3.89,0.91,5.48,0.69
2010,12,3,201012,-0.06,0.11,-1.5,0.7,-1.89,-2,-1.69,-2.01,-7.55,-8.24,1.77,0.12,1.06,-0.68,3.45,2.2,7.63,4.66,1.79,7.59,10.41,1.23,-2.18,5.71,3.19,6.39,-1.4
2010,12,4,201012,0.74,-0.08,-2.29,0.27,-1.87,-0.62,-1.78,-2.31,-4.59,-6.68,0.94,1.68,-0.39,-1.77,6.13,2.87,9.98,7.46,4.59,10.26,11.84,0.12,-5.71,6.55,3.29,6.73,-2.6
2010,12,5,201012,-1.49,-2.08,-4.39,-0.98,-2.94,-3.05,-2.3,-3.13,-7.78,-10.83,-3.67,-2.14,-1.16,-2.33,7.67,3.34,13.62,3.97,1.18,3.08,5.89,-1.86,-5.38,8.2,2.34,6.83,-1.56
2010,12,6,201012,-2.53,-3.01,-4.77,-1.64,-3.8,-6.89,-5.43,-4.45,-9.3,-10.72,-3.51,-4.45,-3.57,-4.08,0.14,-1.5,6.71,-1.02,-2.27,-0.13,2.71,-1.67,-4.28,9.45,2.37,7.68,-0.44
2010,12,7,201012,-4.23,-3.33,-5.66,-1.85,-4.54,-8.2,-6.36,-5.81,-12.04,-12.15,-1.86,-4.52,-5.46,-5.75,-2.18,-3.84,3.22,-2.33,-4.25,0.32,4.65,-0.64,-3.48,7.3,2.26,6.74,0.88
2010,12,8,201012,-6.36,-4.1,-6.72,-2.96,-5.66,-9.7,-7.46,-5.46,-12.44,-12.73,-1.21,-5.08,-5.82,-5.96,-2.82,-4.37,3.24,-2.59,-5.26,2.62,6.89,-1.66,-2.91,5.5,1.37,7.16,2.29
2010,12,9,201012,-8.44,-6.03,-8.58,-4.18,-5.88,-7.18,-7.22,-5.78,-10.72,-7.41,2.36,-1.7,-5.75,-6.39,-0.65,-2.99,5.89,-2.45,-4.06,3.22,5.99,0.2,-0.86,6.06,2.87,8.16,2.01
2010,12,10,201012,-10.64,-7.75,-9.37,-4.61,-5.86,-0.64,-2.33,-2.44,-5.32,-5.54,4.26,2.12,-3.66,-3.52,-0.2,-1.85,8.99,1.01,0.17,6.09,9.08,0.47,-1.54,7.05,3.67,8.95,1.79
2010,12,11,201012,-4.77,-1.28,-3.34,0.46,-2.78,0.48,-0.92,-2.68,-5.34,-10.31,1.17,4.2,-0.94,-0.69,4.45,1.64,11.25,5.63,3.51,10.31,11.45,-1.97,-5.26,7.82,3.66,9.5,0.53
2010,12,12,201012,-1.62,2.29,-0.89,5.91,0.85,-3.87,-0.42,-1.9,-7.98,-17.96,-8.83,-7.64,3.26,2.55,6.34,5.42,12.68,3.37,0.18,0.75,4.59,-4.84,-3.78,7.36,2.32,9.87,4.63
2010,12,13,201012,6.2,8.57,-0.04,5.69,-2.8,-11.76,-6.4,-8.95,-17.01,-18.87,-8.29,-12.56,-2.27,-3.88,-2.99,-1.21,6.16,-4.59,-7.29,-3.77,2.58,0.01,0.34,8.14,3.37,9.75,5.16
2010,12,14,201012,0.27,-2.24,-10.37,-6.05,-9.41,-12.62,-9.22,-9.1,-17.37,-14.41,-4.22,-8.83,-7.41,-8.68,-5.05,-5.57,0.75,-5.88,-8.98,-2.02,6.09,1.29,0.56,7.71,4.11,8.61,3.7
2010,12,15,201012,-7.96,-8.57,-9.66,-5.53,-7.49,-7.72,-8.43,-7.02,-15.21,-10.06,-2.49,-4.38,-8.02,-7.62,-3.59,-5.6,1.14,-1.6,-4.37,4.4,11.11,1.45,-1.89,7.02,3.2,6.4,-0.9
2010,12,16,201012,-8.86,-6.43,-7.67,-4.58,-7.86,-4.15,-6.88,-7.27,-12.54,-9.05,-1.75,-1.13,-5.74,-6.27,4.13,-0.94,7.74,7.24,2.05,9.11,11.01,-3.33,-7.11,7.19,0.57,3.56,-1.63
2010,12,17,201012,-6.96,-4.75,-6.51,-4.27,-7.3,-4.64,-4.83,-4.7,-11.77,-11.72,-3.5,-3.82,-2.21,-4.31,10.26,6.12,13.92,5.06,-0.32,4.76,6.01,-6.3,-9.58,5.35,-0.66,3.54,-2.88
2010,12,18,201012,-6.33,-2.86,-4.95,-3.51,-5.54,-6.67,-6.94,-6.61,-12.97,-12.25,-3.42,-3.63,-2.38,-4.59,8.39,3.67,15.2,2.03,-0.76,3.57,4.71,-5.55,-9.74,6.43,0.41,6.6,-2.32
2010,12,19,201012,-4.74,-2.33,-5.55,-2.05,-6.48,-6.4,-7.92,-5.53,-10.59,-12.45,-1.85,-0.68,-2.13,-4.74,4.55,1.88,12.7,-0.25,-2.24,2.78,6.55,-1.14,-5.87,8.1,3.39,7.7,-1.46
2010,12,20,201012,-4.82,-2.32,-4.76,-2.29,-5.03,-3.61,-5.8,-4.62,-11.18,-10.18,0.59,0.78,-4.09,-5.25,1.68,-0.64,8.04,1.25,0.07,5.74,12.11,2.11,-4.63,9.05,3.53,6.13,-1.57
2010,12,21,201012,-1.97,-2.09,-4.41,-2.24,-4.51,0.85,-2.6,-3.44,-3.26,-7.11,0.55,4.18,-2.8,-3.49,3.61,0.69,9.43,7.23,4.76,12.11,14.26,0.81,-6.54,8.72,2.99,5.63,-0.55
2010,12,22,201012,-1.39,-1.27,-4.26,-2.49,-4.71,-2.16,-2.21,-1.98,-2.89,-8.27,-4.45,-0.32,-0.43,-1.79,11.46,5.71,13.45,10.45,7.29,8.59,12.26,-1,-6.09,8.31,3.33,6.42,0.19
2010,12,23,201012,-1.69,-1.08,-3.33,-1.76,-3.35,-3.11,-3.03,-1.84,-5.53,-7.5,-4.44,-2.08,-1.93,-2.79,5.68,2.54,13.06,2.11,-0.51,2.72,9.04,-0.62,-3.63,6.84,2.48,4.98,-0.81
2010,12,24,201012,-5.55,-2.46,-5.23,-1.32,-4.43,-2.21,-3.36,-2.94,-5.54,-6.17,-1.84,-0.66,-2.66,-3.21,1.53,-0.82,8.62,0.91,-0.9,3.65,10.37,-1.64,-4.88,4.97,1.36,5.36,1.14
2010,12,25,201012,-8.18,-4.52,-7.27,-2.95,-5.43,-2.02,-3.22,-3.03,-5.22,-8.57,-4.11,-1.21,-2.05,-3.23,2.64,0.74,10.71,2.11,0.44,3.02,5.05,-3.69,-4.53,5.89,1.06,6.15,2.08
2010,12,26,201012,-8.13,-3.18,-7.1,-1.95,-5.47,-3.13,-3.39,-3.49,-5.89,-11.38,-6.56,-3.65,-3.23,-4.13,1.15,-0.12,9.71,-1.03,-2.71,-0.4,1.58,-3.41,-3.31,5.53,0.79,5.54,1.29
2010,12,27,201012,-5.17,-3.23,-8.94,-4.86,-7.56,-5.85,-4.8,-5.38,-10.46,-10.75,-5.92,-5.39,-4.95,-5.83,-1.47,-2.97,3.28,-1.5,-2.74,-1.08,2.6,-2.84,-4.05,4.79,-0.06,4.47,-0.61
2010,12,28,201012,-9.84,-8.11,-7.88,-5.78,-6.26,-6.49,-6.17,-4.69,-10.03,-7.82,-2.16,-3.55,-4.58,-5.42,-1.59,-2.9,2.28,-2.03,-3.54,1.05,7.74,-4.16,-5.49,3.56,-0.13,4.57,1.61
2010,12,29,201012,-8.67,-4.49,-4.05,-3.33,-4.72,-3.92,-3.99,-3.63,-6.19,-5.98,0.29,-0.24,-2.65,-3.63,0.19,-0.8,4.36,2.18,-0.54,6.99,11.6,-3.48,-3.72,3.26,0.63,5.43,-0.27
2010,12,30,201012,-6.53,-4.24,-4.78,-4.41,-3.97,2.39,0.17,-0.74,-0.91,-5.77,3.29,6.32,-0.84,-1.22,3.42,0.76,10.23,7.08,4.14,12.79,12.28,-3.01,-10.39,2.07,-2.64,0.29,-5.19
2010,12,31,201012,-2.71,-1.75,-0.69,-1.14,0.51,6.38,3.74,1.73,-0.41,-12.94,-5.91,10.2,1.52,3.04,8.81,4.01,16.8,11.51,8.6,13.89,11.25,-13.88,-16.85,-4.77,-8.84,-1.58,-9.18
2011,1,1,201101,1.83,2.84,3.1,1.4,3.93,1.68,6.54,0.94,-6.84,-15.39,-11.19,-1.47,5.33,6.13,14.07,9.94,18.1,13.35,11.14,5.16,5.44,-17.44,-17.35,-7.72,-11.55,-0.15,-8.63
2011,1,2,201101,2.17,3.66,2.06,4.32,2.63,-6.44,-4.07,-7.91,-13.24,-15.7,-9.37,-5.51,8.02,4.63,13.7,14.03,17.74,3.49,1.08,-1.04,1.23,-13.58,-12.66,-5.45,-7.91,1.51,-7.08
2011,1,3,201101,-2.47,-1.3,-4.5,-1.19,-4.48,-4,-4.92,-6.23,-9.67,-13.05,-5.18,-2.96,-1.32,-3.22,2.99,3.28,13.77,-0.73,-2.32,-0.3,3.68,-7.74,-10.02,-1.66,-5.45,1.65,-6.77
2011,1,4,201101,-5.41,-3.38,-3.94,-1.65,-3.5,-3.2,-2.69,-3.98,-9.98,-15.15,-5.75,-2.32,-1.78,-2.52,3.37,0.89,13.51,1.96,-0.34,3.47,8.87,-8.69,-11.15,-0.79,-5.64,1.53,-6.14
2011,1,5,201101,-5.35,-2.01,-3.26,-0.84,-3.18,-5.03,-4.98,-6.91,-13.4,-10.29,-4.1,-1.92,-1.33,-2.95,4.95,1.9,14.72,5.21,0.27,6.91,9.83,-7.93,-7.38,-0.81,-5.5,2.03,-2.77
2011,1,6,201101,-7.18,-4.19,-5.8,-2.53,-4.88,-2.65,-3.41,-5.19,-10,-7.63,-0.54,-0.64,-1.2,-3.41,6.51,4.1,14.87,4.72,1.56,5.16,6.41,-5.44,-4.74,-0.13,-4.22,2.51,0
2011,1,7,201101,-6.52,-4.06,-5.12,-1.62,-4.45,-4,-4.82,-7.78,-13.2,-7.42,1.36,0.82,-1.45,-2.83,4.18,2.51,9.85,3.24,2.14,5.49,7.16,-2.97,-3.48,0.53,-2.86,3.2,0.79
2011,1,8,201101,-4.66,-1.88,-5.9,-3.85,-6.61,-7.6,-7.36,-7.31,-12.08,-12.77,-4.09,-3.92,-2.35,-4.71,4.33,2.13,12.13,1.73,-0.78,3.17,7.76,-3.62,-4.21,0.85,-2.26,2.95,-0.81
2011,1,9,201101,-3.8,-2.36,-6,-3.93,-7.2,-8.46,-8.34,-6.44,-11.33,-14.69,-5.56,-6.42,-6.88,-8.18,-1.37,-3.94,8.56,-2.88,-6.07,0.14,6.91,-4.41,-8.84,0.8,-3.11,1.65,-3.54
2011,1,10,201101,-5.95,-5.44,-7.79,-4.51,-7.64,-4.92,-6.77,-5.96,-9.7,-12.33,-7.08,-4.1,-5.73,-7.07,-0.48,-3.35,13.31,-1.46,-3.06,-0.32,4.55,-11.45,-14.29,0.94,-5.15,0.12,-5.11
2011,1,11,201101,-6.35,-5.39,-7.42,-4.31,-7.28,-3.86,-5.25,-5.4,-6.26,-11.92,-13.15,-5.07,-2.93,-4.49,-0.48,-1.56,12.32,-0.87,-1.54,-3.03,1.15,-16.11,-15.7,-1.43,-8.11,0.96,-6.77
2011,1,12,201101,-5.03,-2.42,-6.08,-2.26,-5.37,-5.81,-4.05,-4.55,-6.05,-12.24,-15.43,-10.93,-3.6,-4.19,-2.36,-2.97,6.62,-4.35,-5.67,-6.68,-1.69,-12.82,-12.64,1.01,-4.14,3.96,-1.77
2011,1,13,201101,-4.27,-4.07,-7.35,-5.49,-7.5,-7.04,-6.07,-6.26,-8.99,-12.19,-11.46,-9.17,-4.44,-5.72,-3.9,-3.89,2.52,-4.52,-5.14,-5.96,-0.86,-7.08,-4.35,1.65,-2.87,5.18,2.64
2011,1,14,201101,-6.81,-8.55,-9.65,-8.9,-8.31,-5.6,-5.67,-6,-8.18,-11.4,-4.08,-5.92,-5.04,-5.62,-2.8,-3.63,4.75,-3.54,-4.5,-2.17,2.4,-2.88,-2.5,2.99,-0.52,6.45,3.84
2011,1,15,201101,-8.55,-8.21,-8.74,-6.51,-6.27,-3.65,-3.48,-5.3,-8.25,-10.97,-2.93,-2.91,-2.69,-3.52,-1.08,-2.03,8.88,-0.54,-2.04,2.56,6.67,-2.94,-3.41,3.5,-0.12,7.47,4.27
2011,1,16,201101,-6.19,-3.24,-5.52,-1.39,-4.33,-6.75,-4.63,-9.5,-15.03,-14.68,-5.01,-5.69,-0.33,-1.51,2.14,0.81,10.59,2.67,-0.28,4.37,8.52,-2.56,-2.43,4.51,1.06,8.71,6.32
2011,1,17,201101,-11.15,-9.83,-12.3,-5.8,-8.35,-3.47,-5.52,-8.76,-9.66,-8.57,0.17,-1.42,0.01,-2.76,4.26,2.96,13.59,4.23,0.82,6.45,9.34,0.72,0.12,6.79,3.33,10.23,6.04
2011,1,18,201101,-9.9,-6.66,-7.83,-0.48,-3.87,0.18,0.29,-3.36,-7.23,-13.33,-1.11,0.41,1.67,0.46,7.87,6.04,15.95,7.2,4.07,8.39,10.9,-0.79,-3.16,7.69,2.57,8.37,1.23
2011,1,19,201101,-2.06,0.36,-2.87,0.32,-0.93,-3.42,-1.09,-8.32,-11.33,-16.03,-5.52,-4.36,3.84,1.03,10.33,7.45,16.09,6.16,3.12,4.08,9,-2.6,-5.85,6.71,1.84,7.04,-0.37
2011,1,20,201101,-7.61,-2.89,-6.35,-1.1,-3.85,-5.58,-3.69,-8.97,-16.28,-15.84,-8.18,-5.4,2.09,-0.77,7.21,5.72,13.97,3.63,0.91,2.38,7.99,-7.33,-9.22,4.51,-1.26,5.05,-2.1
2011,1,21,201101,-8.74,-4.24,-7.82,-1.69,-6.1,-13.52,-9.54,-10.8,-20.15,-19.05,-6.92,-11.13,-0.46,-4.03,6.32,4.53,15.59,-0.3,-4.13,-2.2,0.81,-5.75,-4.76,2.71,-1.72,5.09,1.52
2011,1,22,201101,-12.91,-9.55,-11.87,-8.23,-12.81,-9.79,-12.05,-12.62,-16.81,-15.53,-3.23,-5.51,-6.53,-9.76,-0.41,-2.72,10.39,-2.96,-4.65,-0.25,3.69,-4.2,-2.8,4.11,0.11,6.8,1.61
2011,1,23,201101,-15.83,-11.06,-13.33,-9.29,-11.51,-8.67,-9.27,-12.98,-17.68,-17.86,-5.42,-3.39,-6.47,-7.92,-0.79,-3.18,4.94,-0.66,-2.46,2.08,5.95,-5.93,-5.18,3.11,-1,5.89,0.93
2011,1,24,201101,-21.49,-17.49,-18.58,-10.74,-13.75,-4,-7.63,-11.56,-12.39,-9.42,-4.5,-3.92,-6.15,-7.9,1.71,-1.2,9.45,2.32,0.48,3.08,5.45,-5.63,-4.5,1.88,-1.61,5.43,2.42
2011,1,25,201101,-16.01,-10.54,-8.91,-3.74,-4.93,-5.09,-2.56,-5.33,-8.09,-9.07,-3.06,-3.83,-1.22,-1.68,5.31,2.65,16.2,5.74,1.85,4.25,5.7,-7.14,-3.45,2.02,-1.31,6.21,2.58
2011,1,26,201101,-8.43,-5.02,-5.01,-1.73,-3.87,-4.6,-3.55,-4.43,-8.58,-9.2,-2.98,-3.93,1.51,-0.36,7.75,6.8,16.13,3.99,1.18,2.85,4.23,-4.56,-3.42,2.45,-1.41,6.21,2.77
2011,1,27,201101,-5.98,-2.38,-4.34,-0.99,-3.71,-5.75,-4.35,-4.75,-8.72,-5.97,-0.13,-3.46,-0.52,-2.56,2.64,2.51,8.68,1.47,-0.69,3.41,5.55,-3.62,-1.93,2.43,-1.33,6.1,2.98
2011,1,28,201101,-6.97,-4.69,-5.06,-2.97,-4.17,-4.64,-2.86,-4.46,-7.83,-4.8,2.86,-1.33,-0.53,-2.38,4.26,2.83,8.9,3.59,1.77,6.52,7.43,-1.29,-1.29,3.32,0.17,5.74,2.62
2011,1,29,201101,-5.53,-3.39,-4.42,-1.8,-4.22,-2.38,-2.64,-5.99,-5.77,-6.07,3.63,1.51,-0.26,-2.28,6.55,3.88,11.2,6.21,4.23,9.11,9.84,-0.08,-2.66,4.53,1.25,5.69,2.94
2011,1,30,201101,-6.27,-3.82,-5.32,-1.6,-3.84,-1.69,-1.91,-6.26,-6.14,-13.62,-2.84,-0.03,2.18,-0.2,9.3,6.2,12.65,8.71,7.62,9.95,12.32,-2.36,-4.93,3.76,1.23,5.31,2.16
2011,1,31,201101,-11.53,-7.49,-10.24,-5.65,-8.06,-2.85,-5.2,-10.87,-8.76,-15.23,-6.45,0.16,0.79,-2.24,10.41,6.97,15.19,9.94,9,9.02,10.93,-4.86,-10.35,3.7,0.27,3.89,-0.69
2011,2,1,201102,-12.98,-7.34,-9.33,-2.33,-5.04,-3.19,-2.91,-9.37,-9.28,-16.8,-13.69,-1.46,1.43,1.06,11.71,6.5,17.39,11.23,10.49,4.63,5.5,-14.65,-16.42,1.32,-3.86,3.91,-4.04
2011,2,2,201102,-9.9,-3.05,-6.72,0.7,-1.42,-6.92,-2.98,-9.92,-12,-20.91,-15.56,-9.81,6.75,3.44,13.47,12.25,18.95,3.57,3.08,-6.73,-7.43,-21.4,-17.93,-5.64,-11.78,1.1,-5.33
2011,2,3,201102,-10.05,-5.29,-8.1,-3.35,-6.7,-13.19,-8.44,-11.65,-17.72,-14.69,-14.44,-15.34,-1.25,-4.13,6.2,5.02,15.82,-1.7,-3.41,-7.88,-8.44,-17.82,-10.63,-10.48,-12.53,0.95,-2.01
2011,2,4,201102,-11.17,-9.53,-10.89,-6.21,-8.69,-11.05,-9.52,-9.83,-12.74,-7.9,-8.45,-11.08,-1.13,-3.17,5.54,2.51,16.54,0.85,-0.58,-4.82,-5.6,-8.22,-4.34,-6.15,-7.27,3.74,2.09
2011,2,5,201102,-7.34,-6.15,-7.49,-2.5,-4.7,-6.7,-5.02,-7.13,-8.71,-4.68,-2.68,-5.24,2.13,0.74,7.95,5.56,17.58,2.04,2.32,-3.18,-1.39,-3.76,-1.75,-0.21,-2.15,6.6,3.1
2011,2,6,201102,-1.85,0.81,-1.93,1.05,-1.61,-4.48,-4.11,-4.88,-5.15,-4.94,-0.24,-1.93,2.36,0.35,5.6,6.38,14.44,1.81,1.15,1.72,4.42,-6.17,-5.11,2.36,-0.76,7.9,2.48
2011,2,7,201102,-3.75,-2.33,-2.64,-0.87,-1.71,-2.46,-0.74,-4.83,-7.77,-12.6,-3.67,-2.73,3.27,1.34,6.58,5.74,15.61,4.7,3.06,3.49,4.93,-8.44,-5.99,2.95,-1.42,7.83,2.12
2011,2,8,201102,-2.11,-0.35,-4.22,0.82,-3,-8.83,-4.97,-10.52,-15.14,-22.16,-10.88,-9.54,2.07,-0.61,4.78,5.93,11.28,0.94,-0.71,-0.3,3.77,-8.72,-10.13,3.96,-1.43,5.42,-0.23
2011,2,9,201102,-11.9,-9.31,-11.96,-6.68,-10.6,-13.25,-11.09,-13.45,-19.97,-20.78,-13.99,-10.26,-3.67,-6.04,2.24,0.71,8.91,-0.85,-3.36,-3.02,2.91,-16.62,-13.3,0.39,-4.91,2.1,-2.05
2011,2,10,201102,-10.6,-7.73,-11.68,-4.61,-10.03,-14.28,-12.92,-14.75,-21.4,-19.85,-13.56,-12.69,-2.51,-5.47,5.29,2.45,13.44,-1.43,-3.91,-6.16,-4.07,-14.35,-9.92,-1.27,-6.59,2.18,-1.79
2011,2,11,201102,-12.25,-10.26,-12.66,-6.03,-10.01,-9.74,-9.77,-13.64,-17.53,-10.33,-6.95,-9.06,-3.39,-5.55,3.98,0.37,11.72,-2.8,-4.29,-4.52,-0.73,-9.63,-6.04,-0.14,-4.59,3.59,0.86
2011,2,12,201102,-8.53,-5.62,-6.48,-2.64,-4.73,-3.41,-3.13,-5.88,-5.26,-4.27,-2.62,-3.9,-1.41,-2.8,2.12,1.68,8,-0.25,-1.83,0.27,3.18,-6.06,-2.96,2.04,-1.8,5.45,3.26
2011,2,13,201102,-7.91,-4.79,-5.79,-0.78,-2.9,-0.53,-0.34,-3.11,-3.58,-1.37,1.47,0.77,1.34,0.47,3.67,3.08,7.54,3.3,2.24,4.04,5.88,-2.12,-1.04,4.44,0.83,6.06,3.28
2011,2,14,201102,-2,0.62,0.37,3.97,2.22,1.95,1.94,-0.62,-0.21,-0.94,3.59,2.56,4.94,3.74,5.81,5.94,9.57,5.98,5.07,7.46,9.96,-0.65,-1.6,5.87,2.39,5.76,3.17
2011,2,15,201102,-7.7,-4.05,-8.49,-0.31,-3.54,0.23,-1.7,-5.89,-4.56,-2.08,4.06,3.95,2.46,0.66,7.3,5.36,11.26,7.69,4.64,10.83,13.02,0.13,-0.26,6.05,3.32,6.37,2.9
2011,2,16,201102,-12.08,-7.86,-7.94,-2.34,-2.17,5.24,1.77,-1.12,-1.43,-0.29,6.95,9.67,2.22,2.12,8.94,5.17,14.54,9.71,7.57,13.71,14.68,1.3,-0.12,7.13,3.54,5.93,1.1
2011,2,17,201102,-3.02,0.28,0.46,4.71,5.17,10.89,7.98,2.21,1.52,0.59,9.83,14.15,6.86,6.96,12.54,10.85,16.83,12.09,11.36,15.54,16.11,1.69,-2.86,7.38,2.28,2.33,-2.04
2011,2,18,201102,0.44,3.97,4.31,8.84,9.02,8.89,10.52,2.21,-1.25,-4.69,4.8,10.85,12.21,10.82,13.65,14.37,17.56,14.25,13.55,15.7,16.08,-1.6,-6.15,5.88,2.07,3,-1.86
2011,2,19,201102,-1.57,0.41,-2.79,4.32,0.59,1.99,1.29,-4.77,-7.3,-9.06,4.87,5.89,7.21,4.01,15.06,12.04,17.18,13.24,10.3,15.85,16.79,1.06,-5.81,7.65,4,3.38,-1.77
2011,2,20,201102,-9.92,-8.81,-9.53,-2.75,-3.69,4,0.25,-4.86,-4.28,-8.36,7.79,9.49,2.04,0.27,14.45,6.61,17.71,13.11,9.78,16.48,17.06,0.79,-7.3,3.69,1.01,1.21,-2.48
2011,2,21,201102,-10.67,-5.87,-7.45,0.21,-1.16,8.35,5.49,-6.6,-5.63,-10.85,-1.75,9.82,7.73,5.86,15.63,12.17,18.66,15.59,14.69,14.96,15.18,-5.13,-8.75,1.31,-1.87,1.31,-2.37
2011,2,22,201102,-12.05,-9.81,-11.05,-3.78,-7.14,-0.22,-2.45,-8.85,-6.47,-10.48,-3.88,-1.02,4.82,1.13,16.16,13.46,19.02,13.14,9.92,8.49,12.03,-4.35,-6.83,2.69,-1.08,1.53,-1.8
2011,2,23,201102,-10.19,-7.24,-9.11,-3.87,-6.28,-0.81,-2.24,-7.81,-6.41,-7.74,1.27,1.36,1.55,-0.49,11.18,6.98,18.4,8.68,4.35,11.1,15.93,-2.66,-7.24,3.41,-0.31,2.34,-3.16
2011,2,24,201102,-8.55,-4.94,-5.24,-1.32,-2.29,2.69,2.05,-2.45,-4.34,-11.04,-0.31,5.15,3.54,2.38,11.93,7.55,18.18,13.65,10.13,16.27,16.61,-3.08,-10.37,3.14,-0.59,2.28,-4.53
2011,2,25,201102,-2.34,0.71,-1.61,4.91,1.14,0.05,0.15,-5.35,-8.1,-15.83,-7.02,0.88,9.41,6.09,15.92,14.01,19.72,13.57,11.15,9.06,10.06,-5.1,-12.96,3.38,-0.34,2.83,-8.37
2011,2,26,201102,-7.81,-2.71,-5.59,0.18,-3.31,-0.87,-1.78,-6.69,-12.3,-16.96,-6.7,0.26,2.34,0.71,11.69,7.57,18.91,8.57,5.07,7.82,11.58,-3.07,-11.97,4.42,0.08,0.73,-10.18
2011,2,27,201102,-9.75,-1.85,-3.49,2.89,0.75,2.89,3.29,-3.91,-9.17,-10.95,-0.61,5.52,6.83,5.45,14.29,11.35,19.37,14.51,11.96,16.22,16.8,-0.76,-8.27,2.77,-2.47,-1.01,-5.03
2011,2,28,201102,-5.03,-1.11,-0.66,7.1,5.62,4.31,7.22,-3.34,-7.5,-10.52,-1.83,6.11,13.9,11.72,18.13,16.03,20.39,18.55,16.69,15.26,12.94,-2.7,-6.76,0.79,-2.83,1.59,-0.92
2011,3,1,201103,-4.01,-0.96,-3.22,3.47,-0.83,0.6,-0.44,-5,-6.35,-7.16,1.79,2.21,6.42,2.68,15.33,12.57,19.74,8.89,5.94,8.03,9.31,0.16,-4.38,4.9,0.37,3.61,0.19
2011,3,2,201103,-6.49,-2.97,-3.87,2.5,-0.24,1.26,0.85,-5.46,-9.47,-14.55,0.8,4.1,3.83,2.75,10.62,6.14,17.16,8.68,7.37,9.12,10.92,0.33,-4.91,7.23,3,5.51,1.59
2011,3,3,201103,-13.12,-8.63,-11.15,-3.11,-5.75,2.12,-0.86,-7.98,-7.5,-10.98,3.74,5.68,1.89,-0.31,11.31,6.64,16.3,10.89,8.66,11.3,13.06,2.35,-1.86,8.45,4.61,6.67,0.53
2011,3,4,201103,-13.13,-8.13,-7.05,-2.12,-2.44,9.42,4.54,-2.49,-1,-7.24,4.02,10.53,1.22,1.32,10.81,5.26,17.34,12.88,10.49,15.12,15.27,0.24,-3.53,7.67,2.49,5.72,-0.01
2011,3,5,201103,-2.5,-0.33,0.76,4.94,4.51,6,8.47,-0.89,-3.44,-10.98,-1.48,4.86,7.51,7.13,13.5,10.74,18.02,14.06,11.82,11.44,12.18,-2.99,-4.63,5.24,1.61,6.91,2.37
2011,3,6,201103,3.36,6.21,3.36,9.4,7.44,-0.48,1.17,-5.51,-6.8,-10.06,0.03,0.25,11.36,8.4,14.44,14.07,18.69,8.15,6.04,4.99,6.51,-0.62,-3.61,6.94,2.78,8.19,1.58
2011,3,7,201103,-0.01,4.76,-3.53,4.97,-1.82,1.41,-0.93,-6.02,-3.05,-9.21,-0.21,2.58,3.65,0.7,7.17,6.79,13.82,4.45,3.65,6.45,9.99,-0.58,-5.44,7.83,4.11,7.09,0.17
2011,3,8,201103,-6.16,-2.46,-6.6,0.62,-1.45,3.51,1.94,-2.59,-1.2,-8.73,-0.12,5.61,2.6,1.51,9.23,6,15.13,7.79,6.94,11.34,15.07,-3.05,-5.89,5.47,1.03,5.1,0.18
2011,3,9,201103,-6.64,-1.82,-3.49,1.37,0.45,6.96,5.56,-1.29,-0.45,-5.2,-0.08,6.11,4.69,3.53,14.99,9.65,19.7,14.27,11.71,11.98,12.43,-3.55,-4.02,5.45,1.88,7.5,2.72
2011,3,10,201103,-2.4,1.04,0.66,5.95,5.09,3.08,5.93,0.25,-1.36,-5.74,1.26,2.5,10.37,8.44,13.28,13.34,18.76,9.25,7.63,6.75,9.03,-0.65,-0.17,8.51,4.42,9.14,4.64
2011,3,11,201103,1.66,6.87,3.41,10,4.74,2.17,1.16,-1.17,-3.05,-1.67,6.03,4.56,4.92,3.82,6.37,6.32,11.23,5.87,4.11,8,10.38,2.83,0.69,10.05,5.49,7.78,1.37
2011,3,12,201103,2.85,4.16,0.75,5.31,1.78,5.41,3.33,-1.12,-1.06,-3.05,5.53,7.73,4.64,4.29,6.85,5.68,10.4,8.43,7.03,11.2,13.37,2.3,-1.86,9.38,5.53,6.77,1.5
2011,3,13,201103,1.21,4.37,1.64,5.67,3.24,2.96,3.27,-0.52,-2.62,-5.05,3.3,5.69,8.3,5.83,11.33,10.75,13.75,11.63,10.26,13.85,15.72,1.37,-0.46,9.23,5.11,7.47,3.12
2011,3,14,201103,-2.29,1.55,-0.66,3.87,1.27,2.67,2.61,-1.51,-2.55,-2.8,3.06,3.79,5.52,3.61,14.5,11.79,15.62,13.02,11.71,11.87,14.56,0.72,1.29,10.02,5.62,8.99,3.58
2011,3,15,201103,-2.93,1.08,-0.52,3.48,1.29,3.36,3.72,-1.54,-1.34,0.66,5.31,3.21,5.08,4.33,14.13,10.62,17.61,12.61,11.49,7.8,11.4,2.84,1.09,11.05,6.65,10.25,3.92
2011,3,16,201103,-0.56,2.16,2.4,6.51,4.89,5.52,6.73,1.83,1.45,2,8.8,6.5,7.47,6.71,13.15,12.41,18.01,9.93,8.37,11.36,15.85,4.44,3.09,11.63,7.78,9.57,2.95
2011,3,17,201103,2.39,4.88,4.39,8.73,6.64,11.24,8.68,5.67,6.24,5.11,13.61,14.11,8.73,8.15,12.19,11.19,17.17,12.14,10.66,16.85,18.4,6.36,0.26,11.92,5.59,6.29,0.44
2011,3,18,201103,5.08,8.34,8.54,10.9,11.12,12.2,13.51,6.1,3.38,1.69,8.84,14.06,12.37,12.2,15.37,13.72,18.38,16.04,15.26,17.91,18.59,2.77,-1.82,10.79,5.24,5.31,1.89
2011,3,19,201103,-0.23,4.42,2.52,10.06,5.82,6.05,5.66,0.08,1.01,2.06,6.95,8.34,13.03,10.12,17.21,16.32,18.24,15.87,14.54,16.52,18.57,3.49,0.03,9.24,5.55,4.07,1.64
2011,3,20,201103,-3.8,0.42,-0.65,3.44,1.65,8.97,4.67,0.3,3.14,5.48,12.58,12.69,5.78,4.55,17.82,11.88,18.69,15.66,13.38,17.69,18.28,4.06,-0.29,7.54,4.81,5.01,1.21
2011,3,21,201103,-1.81,0.99,2.06,5.07,6.54,15.12,13.5,4.1,5.95,4.86,13.22,16.57,10.59,10.45,17.1,13.69,19.38,17.23,16.76,17.98,18.88,4.55,1.62,8.04,5.5,4.05,2.8
2011,3,22,201103,-0.25,2.54,2.27,8.17,6.95,14.82,12.33,1.8,2.45,3.94,15.69,17.49,15.24,13.06,17.82,17.16,19.17,17.43,16.47,18.62,18.82,3.31,0.07,5.05,3.34,2.67,0.99
2011,3,23,201103,-1.83,0.46,-1.35,4.77,4.03,14.26,12.91,-2.31,-2.11,-0.8,8.01,15.12,13.88,12.18,17.3,16.63,19.15,18.2,16.57,17.09,16.75,-1.37,-2.13,5.25,2.01,4.55,1.28
2011,3,24,201103,-2.4,-0.34,-3.34,1.78,0.61,2.8,3.26,-4.86,-6.2,-5.76,1.58,3.7,10.97,6.84,16.14,15.29,19.44,13.04,9.78,11,14.8,-0.04,-1.76,6.93,3.8,4.06,3.08
2011,3,25,201103,-2.94,-0.74,-4.38,-0.59,-3.05,0.83,-0.68,-6.44,-5.75,-4.83,3.79,2.73,4.19,1.1,9.97,9.27,17.59,7.5,4.95,11.17,17.45,0.18,-1.2,5.6,3.25,3.82,2.68
2011,3,26,201103,-5,-3.09,-6.01,-0.8,-3.84,0.57,-0.97,-6.25,-5.3,-4.85,2.75,3.07,4.54,1.1,13.81,10.43,18.86,13.22,8.16,14.64,18.2,-0.19,-2,6.65,3.55,4.98,2.05
2011,3,27,201103,-6.82,-3.38,-6.09,-1.64,-4.12,-0.65,-1.75,-6.03,-5.33,-4.61,0.46,1.08,2.37,0.08,17.73,9.99,21.04,12.94,7.41,11,16.03,-0.12,-0.97,7.52,4.53,5.27,2.21
2011,3,28,201103,-6.13,-3.17,-5.73,-1.61,-4.54,-0.51,-2.28,-5.35,-4.18,-3.56,0.75,1.74,0.8,-0.79,15.95,5.64,22.41,10.98,6.67,10.28,15.59,0.13,-1.33,9.21,4.89,7.09,2.16
2011,3,29,201103,-3.05,-1.07,-3.48,-0.1,-2.98,0.85,-1.42,-3.29,-2.88,-2.74,2.09,4.35,1.96,-0.26,12.02,6.4,20.98,10.47,7.49,11.46,17.1,-0.95,-2.1,9.91,4.49,7.98,2.94
2011,3,30,201103,-0.16,1.59,-0.81,1.91,-0.37,2.16,0.13,-1.78,-1.4,-1.29,3.01,4.18,4.34,2.31,16.69,9.77,21.85,13.36,10.31,11,14.14,-0.56,0.54,9.9,5.32,10.23,6.1
2011,3,31,201103,-0.35,2.64,0.91,4.27,1.88,2.51,0.48,-0.7,-0.41,0.75,6.04,4.56,5.41,3.7,15.74,10.07,20.88,8.44,5.83,9.62,13.55,3.42,3.93,11.81,7.59,12.84,8.35
2011,4,1,201104,0.28,1.51,1.23,3.57,1.97,5.27,2.79,1.22,1.16,2.49,8.88,6.85,5.19,3.27,10.41,8.41,18.48,8.92,6.33,12.55,17.22,5.53,4.56,13.82,9.7,14.12,7.45
2011,4,2,201104,0.26,2.73,1.86,4.22,1.9,6.76,4.9,1.55,2.83,3.33,10.67,8.76,5.22,3.9,11.72,8.33,18.01,11.75,8.43,15.42,18.84,6.82,5.43,14.23,10.6,13.44,5.4
2011,4,3,201104,0.16,3.34,2.2,5.49,3.37,10.64,6.15,2.07,4.46,5.72,14.68,14.65,6.07,5.09,12.59,8.9,19.01,13.49,10.69,19.55,21.35,7.88,1.28,13.31,7.95,8.56,0.56
2011,4,4,201104,0.14,3.27,4.64,9.58,9.13,14.47,14.35,5.56,5.13,2.13,5.83,12.82,12.38,12.33,16.72,14.28,21.16,19.26,17.4,17.47,18.36,-2.37,-2.93,8.66,3.54,8.42,2.79
2011,4,5,201104,4.7,9.08,7.57,11.46,9.51,4.65,5.73,1.57,1.57,2.32,5.71,4.85,11.9,10.13,14.64,14.77,20.33,9.91,8.22,7.61,9.49,1.79,1.64,10.33,6.14,10.9,4.39
2011,4,6,201104,0.66,3.2,1.55,5.25,3.23,8.54,5.74,1.88,4.68,5.38,10.67,9.77,6.3,5.26,8.69,7.84,14.86,8.76,7.33,11.69,14.51,5.51,1.06,11.14,8.13,9.83,1.79
2011,4,7,201104,-0.5,3.43,2.48,7.76,7.15,10.51,9.97,3.86,6.05,6.14,9.44,11.97,10.09,9.24,12.46,11.48,19.33,13.81,11.82,16.67,19.15,4.39,0.97,11.22,7.07,6.65,-0.07
2011,4,8,201104,-0.63,3.73,3.12,6.86,6.5,13.6,11.84,4.69,6.79,8.08,11.67,16.28,11.49,10.41,18.18,15.43,22.62,19.7,17.95,21.01,20.6,5.23,1.17,8.32,3.59,2.31,0.28
2011,4,9,201104,2.26,4.8,5.24,7.08,7.37,16.51,13.96,6.73,9.1,10.37,16.82,21.16,11.62,12.29,22.7,18.32,23.55,21.95,21.67,22.86,21.94,6.11,0.64,5.43,3.55,2.53,1.24
2011,4,10,201104,5.08,6.72,8.63,8.81,11.51,21.53,17.48,12.28,15.96,12.16,16.49,21.77,14.18,14.31,22,18.27,23.3,21.54,20.94,22.18,21.31,2.32,0.78,3.6,2.25,4.44,2.81
2011,4,11,201104,8.24,11.27,14.67,13.41,16.95,17.57,19.44,13.39,11.69,7.72,9.96,16.04,18.73,18.25,21.84,20.04,23.34,21.59,20.85,18.53,17.37,0.78,1.99,5.57,3.01,6.92,3.78
2011,4,12,201104,9.78,12.78,10.42,15.09,12.08,11.28,10.05,5.27,8.11,9.02,10.13,10.87,17.96,14.93,18.44,18.7,22.35,15.44,13.84,13.52,13.81,4,3.02,9.55,5.92,7.76,1.73
2011,4,13,201104,4.12,6.81,5.61,9.36,6.22,10.03,7.4,6.01,8.27,7.67,11.48,12.3,11.73,9.2,13.29,13.12,19.03,12.37,11.12,14.6,15.53,4.85,2.86,9.87,6.73,6.95,3.53
2011,4,14,201104,5.55,8.52,6.66,11.21,8.14,11.55,10.02,4.63,4.69,3.03,10.43,13.99,10.57,9.55,15.07,13.81,19.09,14.56,12.74,16.9,18.58,2.85,1.59,7.79,3.93,5.3,1.66
2011,4,15,201104,0.18,5.58,3.65,9.75,8.24,10.23,10.15,1.69,2,2.64,7.31,13.52,11.46,10.94,16.49,14.29,21.47,16.84,14.4,17.08,16.32,-0.7,-0.29,7.6,3.99,7.95,3.25
2011,4,16,201104,-0.93,2.57,3.57,6.74,7.36,9.44,11.03,4.54,1.44,2.24,5.33,7.74,12.52,10.63,18.2,16.6,22.52,13.36,11.5,9.86,11.62,1.64,2.78,11.12,7.15,11.78,6.52
2011,4,17,201104,4.03,8.66,5.76,10.9,7.67,6.6,6.6,1.06,-0.01,1.67,9.54,9.06,10.21,8.77,11.9,12.13,18.95,10.49,9.15,12.13,14.76,6.03,4.1,13.78,9.91,13.11,4.76
2011,4,18,201104,3.14,6.9,3.15,10.14,6.61,9.72,9.24,-0.24,0.22,1.46,10.92,12.92,12.02,11.28,14.5,13.33,19.15,14.4,13.07,18,20.8,8.29,2.7,14.08,10.45,12.38,2.09
2011,4,19,201104,3.97,8.03,4.7,11.63,9.45,10.89,11.4,-0.02,1.17,1.23,9.51,16.54,15.16,13.86,17.81,16.71,22.12,20.43,19.4,22.33,21.81,6.31,0.15,13.46,8.77,10.76,0.85
2011,4,20,201104,2.05,8.73,7.15,13.07,13.08,9.04,14.21,0.54,0.87,1.98,6.43,10.59,17.98,16.8,20.16,19.68,23.52,21.19,20.06,17.98,21.02,4.08,-0.79,13.38,8.73,10.15,1.79
2011,4,21,201104,3.01,8.06,3.99,11.47,6.78,7.23,6.79,2.58,2.51,3.44,7.74,9.93,13.18,9.97,21.86,18.65,22.97,17.86,14.67,17.09,21.29,5.95,3.01,13.16,8.82,9.7,2.76
2011,4,22,201104,1.74,3.41,2.44,5.13,3.46,10.45,8.31,4.16,4.79,5.47,11.83,14.46,8.94,7.2,21.17,14.82,22.43,19.39,17.95,21.64,22.72,5.08,1.03,11.95,7.31,8.72,1.18
2011,4,23,201104,2.72,5.5,5.67,8.74,8.84,16.49,17.4,7.68,6.03,6.33,8.77,16.04,14.55,13.43,21.52,19.01,22.59,20.9,20.69,20.68,21.63,2.38,-0.15,11.83,7.5,8.57,3.39
2011,4,24,201104,7.93,12.4,10.84,16.93,15.29,13.03,14.84,7.66,7.46,6.78,7.49,13.9,19.25,18.3,21.43,21.05,22.89,20.61,19.96,19.31,21.33,3.35,1.83,12.16,8.21,9.38,4.99
2011,4,25,201104,8.42,12.85,9.88,18.65,15.96,13.99,15.96,9,8.3,8.38,9.14,15.67,19.84,19.03,22.29,21.49,23.31,21.07,20.25,20.45,21.06,3.52,3.46,11.35,7.14,9.32,4.69
2011,4,26,201104,10.19,14.29,14.39,18.32,19.45,16.18,17.98,9.57,8.07,8.61,8.71,15.45,20.46,19.69,22.89,21.24,23.96,21.21,20.24,18.76,19.2,2.78,2.97,11.22,5.92,8.48,2.93
2011,4,27,201104,13.63,17.33,18.36,18.56,19.43,12.95,17.35,11.72,7.19,7.55,8.47,12.51,19.77,19.1,23.38,21.58,25.17,21.92,19.75,18.04,18.21,0.42,1.52,8.37,3.77,8.44,3.38
2011,4,28,201104,15.43,17.09,16.76,18.47,17.01,9.2,12.45,7.25,4.71,7.92,9.02,10.63,19.32,16.86,21.33,21.78,24.87,16.18,14.9,13.17,14.49,1.19,2.87,10.9,6.46,10.15,3.28
2011,4,29,201104,12.47,14.42,9.04,14.64,8.84,10.04,9.05,5.48,6.18,9.75,12.04,13.04,13.11,11,15.22,16.15,21.98,13.84,13.17,14.75,16.68,5.34,2.49,12.69,7.04,7.99,1.25
2011,4,30,201104,8.41,10.32,7.66,10.98,8.11,13.56,10.32,7.12,9.14,8.65,11.08,15.4,11.65,9.97,16.79,15.27,20.73,15.84,15.4,17.69,20.78,0.38,-0.66,8.59,4.15,6.25,2.9
2011,5,1,201105,6.57,8.56,8.7,11.72,10.29,14.93,14.95,10.54,7.39,3.51,5.83,12.03,12.29,11.96,18.71,16.52,21.88,19.11,17.9,17.19,19.69,-2.03,0.28,5.71,3.47,7.28,4.29
2011,5,2,201105,7.67,8.91,10.4,12.29,13.01,8.93,13.11,5.47,2.24,3.18,6.61,8.39,16.36,15.78,20.42,18.93,22.97,20.23,18.37,13.24,12.2,-1.37,1.96,6.18,3.09,9.79,6.39
2011,5,3,201105,10.33,12.98,11.67,15.6,15.15,8.05,8.48,3.59,2.93,5.19,8.1,8.32,19.05,17.08,21.59,20.14,23.06,15.81,13.84,11.61,10.57,1.69,4.15,9.35,5.85,10.99,3.89
2011,5,4,201105,10.14,13.16,9.29,14.14,8.69,6.97,7.11,5.19,5.86,7.4,10.33,7.88,12.44,9.51,16.11,16.57,21.78,10.47,9.05,12.24,12.83,5.1,3.41,12.5,7.1,12.53,4.5
2011,5,5,201105,7.48,8.41,5.91,9.13,6.75,9.15,7.79,7.46,7.45,9.47,11.06,10.89,8.34,7.34,11.46,10.73,18.7,10.31,9.46,13.21,15.38,4.26,4.26,13.4,9.18,14.18,7.42
2011,5,6,201105,6.73,8.48,6.8,10.23,7.9,12.54,10.98,9.35,9.13,10.27,11.67,12.2,9.99,9.13,15.25,12.86,20.99,13.27,11.95,15.02,18.18,6.72,6.98,14.43,11.21,14.45,7
2011,5,7,201105,9.35,11.49,9.64,13.33,10.57,14.46,12.06,9.08,9.81,12.16,16.04,15.45,11.99,11.55,15.68,14.87,20.69,15.89,14.26,18.8,21.42,9.47,7.81,14.32,12.04,13.27,6.81
2011,5,8,201105,9.95,11.89,9.11,12.42,10.38,16.51,14.25,10.38,10.84,13.25,18.56,19.36,13.4,12.83,18.47,16.77,21.51,19.43,18.4,22.16,22.8,10.06,8.24,13.35,10.72,11.17,5.31
2011,5,9,201105,8.45,10.54,8.75,13.63,10.31,18.98,13.92,10.18,11.75,15.38,20.44,22.8,14.14,12.89,22.31,18.65,23.12,21.54,21.07,23.73,23.44,8.91,6.96,11.89,8.08,8.21,4.77
2011,5,10,201105,7.52,9.45,8.7,11.92,10.14,22.97,16.69,11.19,14.8,17.42,19.76,23.92,14.23,13.2,23.7,19.64,24.51,22.68,22.41,23.51,22.87,6.56,5.7,8.79,7.36,8.13,7.09
2011,5,11,201105,9.08,10.05,10.9,12.56,13.3,24.49,21.57,13.82,19.56,15.95,18.76,23.5,16.21,17.16,24.27,20.77,24.5,23.2,23.19,23.06,22.59,6.19,5.74,9.13,8.28,10.5,8.77
2011,5,12,201105,9.72,11.28,13.33,14.3,14.59,23.55,22.8,17.59,19.54,12.58,15.19,22.04,16.73,18.14,23.3,19.82,24.43,22.72,22.44,21.93,20.56,4.43,7.05,11.92,9.43,12,7.34
2011,5,13,201105,11.44,12.3,14.89,14.49,16.75,20.83,21.94,17.87,15.22,8.59,10.49,19.26,18.47,18.59,22.53,21.22,23.64,22.1,21.59,19.56,19.35,5.74,8.51,14.03,11.04,13.26,7.67
2011,5,14,201105,11.93,12.56,15.2,13.29,16.07,14.98,18.65,12.63,9.46,6.56,7.84,11.47,18.66,17.24,21.08,21.35,23.61,18.74,17.02,14,16.04,6.4,8.36,14.75,11.65,12.38,11.49
2011,5,15,201105,11.07,12.96,13.63,16.38,15.36,10.47,13.9,7.68,7.04,7.64,7.82,9.82,17.52,15.59,18.1,19.91,22.37,14.48,12.98,12.57,14.83,5.94,6.67,12.74,9.84,8.11,8.87
2011,5,16,201105,8.74,13.22,10.59,17.13,13.57,7.83,9.04,4.96,5.11,8.64,9.08,9.03,15.7,13.82,14.76,17.08,19.64,13.1,11.6,12.66,16.37,6.54,6.82,11.56,6.93,5.66,5.27
2011,5,17,201105,9.29,12.25,10.56,16.13,13.34,8.04,8.76,6.7,6.41,9.88,10.93,9.1,15.75,13.8,13.65,15.69,18.83,12.12,10.76,13.23,17.69,7.36,5.73,10.57,7.68,7.08,5.26
2011,5,18,201105,13.38,13.4,14.41,16.24,14.6,10.79,12.03,10.76,8.26,10.3,10.8,10.34,14.9,14.05,12.93,15.15,18.17,12.25,11.44,15.38,20.33,6.11,5.56,10.55,7.67,7.92,7.01
2011,5,19,201105,14.84,14.91,15.17,16.47,13.67,15.05,13.86,13.79,13.34,12.31,12.67,15.4,14.65,13.51,15.89,16.17,19.97,15.91,14.78,20.13,22.44,5.43,6.15,9.42,7.8,9.39,8.04
2011,5,20,201105,15.34,15.45,14.3,16.2,13.37,18,16.63,15.69,16.12,14.9,17.09,18.98,15.43,14.43,19.96,18.89,22.33,19.61,18.16,22.14,22.53,4.32,6.77,10.45,7.85,11.63,9.29
2011,5,21,201105,14.97,14.98,15.5,16.52,15.5,20.89,18.74,16.59,16.74,16.09,16.27,20.64,17.14,16.51,22.16,20.85,24.56,22.12,21.08,22.12,21.06,6.11,8.07,12.56,9.68,13.21,10.17
2011,5,22,201105,11.69,13.48,15.94,16.42,17.49,22.34,20.95,18.11,18.13,15.89,16.98,22.65,19.48,18.6,23.77,22.44,24.86,23.42,23.3,23.35,23.34,8.23,9.39,13.99,11.41,13,8.13
2011,5,23,201105,11,12.47,16.18,16.35,18.13,22.51,21.66,18.81,17.24,15.42,17.73,21.84,21.43,19.97,23.7,23.66,24.69,22.76,22.05,23.52,23.86,10.2,9.58,13.42,11.31,11.18,7.2
2011,5,24,201105,14.57,17.45,17.51,21,19.47,20.9,20.77,13.46,14.18,13.26,18.19,21.21,21.6,20.64,23.41,23.4,24.59,23.13,22.62,23.79,23.32,8.78,8.33,11.95,9.36,10.13,6.69
2011,5,25,201105,15.42,17.98,15.41,20.77,18.33,21.07,21.14,10.37,10.01,11.44,15.49,22.35,21.72,20.66,24.26,23.99,24.47,23.72,23.12,22.82,22.24,6.47,7.25,12.89,9.4,11.58,8.92
2011,5,26,201105,15.86,17.33,18.44,20.52,21.2,15.49,20.37,9.85,7.29,8.93,11.69,14.9,22.68,21.57,23.42,23.84,24.35,22.46,21.11,18.77,20.42,8.29,7.78,15.02,10.33,10.13,5.87
2011,5,27,201105,17.87,20.53,19.23,22.35,20.44,11.69,15.17,7.9,6.28,9.88,13.33,13.54,21.3,20.1,23.14,22.21,25.16,19.69,17.57,18.99,23.17,8.96,5.02,15.22,10.72,10.87,5.23
2011,5,28,201105,18.37,20.09,18.72,21.17,19.34,17.07,17.24,12.45,11.99,11.45,15.52,18.6,20.34,19.28,24.14,22.33,25.2,21.17,19.78,23.18,24.83,9.68,5.53,16.68,11.81,11.35,4.73
2011,5,29,201105,18.41,20.14,19.96,21.32,20.72,21.22,20.9,15.6,13.88,11.89,17.98,22.6,22.29,21.14,25.12,23.6,25.26,23.52,22.91,24.31,25.18,11.75,5.89,15.54,10.41,8.7,5.93
2011,5,30,201105,19.68,21.66,21.39,23.6,23.2,24.06,24.1,19.09,18.36,14.84,22.02,23.36,24.2,23.5,25.3,25.01,25.02,24.69,24.4,24.63,25.53,10.44,5.76,10.87,9.25,8.33,7.21
2011,5,31,201105,15.9,20.14,21,24.07,24.16,24.49,25.31,22.63,21.74,16.4,19.03,23.88,24.87,24.52,25.24,25.59,24.75,25.49,25.35,24.95,25.4,6.35,6.33,12.12,9.82,9.82,8.55
2011,6,1,201106,18.15,19.69,22.49,23.6,23.95,20.93,23.55,16.58,14.08,12.56,17.59,21.39,24.86,24.08,26.54,26.03,24.74,26.09,25.89,25.3,25.84,11.41,9.6,15.49,12.82,9.71,8
2011,6,2,201106,14.4,16.78,12.66,20.2,15.4,19.5,17.55,10.96,12.69,16.92,23.71,24.05,22.35,19.38,26.31,25.74,24.98,25.67,25.99,26.13,24.66,14.03,10.19,14.56,11.7,8.35,6.66
2011,6,3,201106,9.43,11.01,9.59,13.35,11.21,22.85,17.52,13.66,18.28,20.38,22.62,25.77,17.45,15.42,26.4,23.96,24.93,25.39,25.9,26.16,24.35,11.09,6.2,13.33,10.78,9.77,7.44
2011,6,4,201106,10.07,11.6,11.09,13.41,12.86,26.52,21.11,19.67,22.02,16.59,21.22,25.97,17.54,16.26,26.03,22.35,25.7,26.21,25.76,25.58,24.36,11.89,7.92,14.93,12.84,11.24,10.5
2011,6,5,201106,12.3,12.33,14.88,16.93,18.62,25.05,24.67,18.27,17.25,17.29,21.92,25.59,21.46,21.34,26.33,24.26,25.69,26.4,25.97,25.99,24.04,13.82,11.94,16.63,14.32,11.98,13.5
2011,6,6,201106,15.03,15.5,17.22,18.63,18.08,25.08,22.27,17.67,19.55,21.37,23.53,25.58,21.21,20.24,25.89,24.02,26.09,25.58,24.62,25.9,24.24,14.5,13.68,16.77,14.37,12,13.19
2011,6,7,201106,16.87,18,18.22,20.43,19.39,26.29,24.42,22.59,24.74,21.65,23.08,25.5,21.35,20.68,25.17,23.57,25.86,25.25,24.52,25.95,24.61,12.79,11.29,14.59,12.85,11.88,10.86
2011,6,8,201106,19.42,20.72,22.02,23.33,23.2,25.99,25.89,23.96,23.37,17.22,21.18,25.26,23.52,23.4,24.85,24.77,25.05,25.67,25.03,25.75,25.26,11.14,8.91,14.94,13.25,13.62,8.4
2011,6,9,201106,21.56,23.92,23.31,26.36,24.91,25.41,25.14,18.48,15.88,12.09,18.54,24.78,25.14,24.81,24.5,24.87,24.68,25.14,24.89,25.47,25.39,11.1,8.26,14.73,12.65,14.45,9.42
2011,6,10,201106,17.59,20.99,18.31,24.34,21.52,22.77,22.97,11.78,10.85,12.55,17.78,23.8,23.93,22.88,24.74,24.5,25.18,24.8,24.2,25.1,25.27,9.95,8.21,16.08,13.21,15.42,11.29
2011,6,11,201106,12.76,16.89,16.52,22.25,21.35,23.08,23.07,12.92,12.61,13.67,18.11,23.45,24.07,22.9,24.87,24.14,25.36,25.24,24.49,25.56,25.39,11.81,10.6,15.81,13.84,14.5,10.78
2011,6,12,201106,10.91,14.37,15.83,20.49,20.05,19.09,20.05,12.01,12.24,14.58,20.06,20.15,22.96,22.02,25.94,24.31,26.3,25.6,24.98,25.81,25.22,12.75,11.71,15.76,13.89,14.25,10.82
2011,6,13,201106,11.92,15.34,13.97,19.74,14.82,16.89,15.38,13.43,14.34,16.88,22.52,22.06,20.61,17.77,25.97,24.08,27.11,24.22,23.38,26.37,25.6,12.43,11.43,16.07,15,16.18,11.72
2011,6,14,201106,11.82,13.29,13.23,17.21,13.86,18.33,16.07,14.67,14.51,17.62,22.7,24.2,17.11,15.47,24.56,22.04,27.46,23.99,21.63,26.29,25.74,12.98,11.12,17.07,15.1,17.4,10.58
2011,6,15,201106,14.21,14.92,14.85,17.02,14.33,20.75,16.69,14.7,14.37,16.56,20.18,24.04,17.12,16.08,24.7,20.94,28.01,24.41,22.9,26.08,26.18,12.14,10.77,19.12,15.67,18.07,9.31
2011,6,16,201106,16.86,17.47,17.48,19.09,16.42,20.28,19.59,15.61,15.91,17.2,21.54,21.26,19,18.42,26.11,22.74,27.36,25.18,23.16,26.12,26.69,14.39,9.61,18.83,15.08,16.57,7.79
2011,6,17,201106,17.82,17.77,17.31,20.53,17.83,23.07,20.84,16.79,18.48,19.42,23.28,24.6,21.15,20.01,25.42,23.43,27.42,25.21,23.03,27.35,26.87,13.19,8.62,17.57,13.45,14.97,9.57
2011,6,18,201106,17.2,18.2,18.02,21.52,19.42,24.08,23.09,18.66,19.44,18.7,21.87,25.67,21.85,21.41,25.83,24.28,27.23,25.82,24.1,27.66,26.98,12.67,10.12,17.62,14.83,15.99,10.74
2011,6,19,201106,14.61,17.4,16.03,22.15,20.34,24.09,21.96,17.96,19.24,19.59,22.63,25.97,22.35,21.44,27.25,25.54,27.44,26.08,25.11,27.25,26.87,12.78,10.69,16.87,14.25,16.42,10.13
2011,6,20,201106,14.02,15.05,15.15,19.21,18.68,25.22,22.55,17.65,18.5,19.5,22.53,25.81,22.03,20.77,27.02,26,27.43,26.13,25.72,26.99,26.5,10.57,10.56,16.28,13.32,17.1,12.53
2011,6,21,201106,16.61,17.88,17.96,19.72,20.55,24.98,23.86,19.42,19.53,17.96,18.72,24.78,22.36,21.61,27.43,25.49,28.09,25.81,24.71,25.54,25.51,10.27,11.98,17.66,14.85,19.18,13.97
2011,6,22,201106,17.12,19.09,19.5,22.99,22.68,21.86,22.85,19.16,18.6,15.96,17.6,20.5,24.22,23.02,26.35,26.35,27.8,24.23,22.66,24.33,25.66,12.44,14.07,19.69,17.09,20.36,15.68
2011,6,23,201106,16.22,18.6,20.17,23.86,22.09,18.81,20.3,17.08,15.6,15.79,19.11,19.67,23.14,21.97,25.67,25.69,27.77,24.49,23.4,24.47,24.95,14.37,15.46,20.24,17.93,19.33,12.85
2011,6,24,201106,14.06,16.73,18.2,22.71,19.43,18.45,18.36,15.66,15.84,16.78,20.41,19.61,22.38,20.63,25.99,25.22,27.56,24.23,22.79,25.54,25.51,15.39,14.19,20.44,17.12,17.07,9.16
2011,6,25,201106,12.81,16.53,16.75,21.21,17.03,19.26,18.74,15.84,16.47,18.91,23,22.82,20.64,18.89,25.48,24.2,27.1,24.16,22.86,26.93,26.57,15.65,12.49,19.92,16.31,16.33,9.48
2011,6,26,201106,15.66,18.23,16.7,20.56,17.34,21.64,19.18,17.47,18.31,20,24.52,25.4,20.49,18.71,25.85,23.81,26.98,25.5,23.95,27.99,27.43,15.21,12.25,19.82,16.5,16.64,10.98
2011,6,27,201106,18.39,19.52,18.15,21.09,18.77,23.96,20.24,18.36,19.46,18.44,22.99,25.96,22.49,20.59,26.02,25.29,26.91,26.01,24.63,28.01,27.22,14.02,11.53,20.21,17.21,17.76,13.71
2011,6,28,201106,19.35,20.81,20.03,22.18,20.96,21.91,23.28,18.49,17.39,16.71,19.14,22.82,24.42,22.8,26.13,26.01,26.6,26.6,25.3,27.27,27.12,14.83,15.37,21.01,18.19,17.55,15.75
2011,6,29,201106,18.59,20.74,18.13,22.97,18.74,19.86,18.48,14.84,17.66,19.82,23.23,22.35,23.16,20.75,25.72,25.73,26.15,24.27,23.94,27.13,26.95,17.35,17.54,21.74,17.91,15.18,14.29
2011,6,30,201106,16.13,18.05,16.25,19.66,17.05,23.01,20.02,17.23,20.91,24.58,26.24,26.2,20.06,18.66,25.75,24.64,26.27,23.91,22.08,27.53,26.21,17.15,15.48,21.11,17.06,14.87,11.23
2011,7,1,201107,15.39,17.29,15.71,19.03,17.1,26.03,22.12,21.11,26.51,24.29,25.44,27.13,20.31,19.51,25.68,23.84,26.06,23.89,21.92,27.35,26.04,15.1,12.98,19.23,17.48,17.34,10.76
2011,7,2,201107,18.28,19.19,18.56,20.69,19.18,27.18,25.06,24.17,25.47,20.97,23.89,26.17,21.52,21.18,26.48,24.47,26.61,25.78,24.26,26.78,26.2,15.83,14.51,21.33,18.59,19.68,14.02
2011,7,3,201107,18.94,19.92,20.48,22.1,22.53,25.67,26.06,21.03,19.02,20.78,24.4,26.32,23.82,23.59,25.9,25.38,26.2,26.72,25.73,26.9,26.29,17.58,17.7,23.05,19.52,20.48,14.78
2011,7,4,201107,20.07,21.15,20.24,23.79,21.74,23.97,23.41,18.19,19.72,22.64,24.49,25.32,24.54,23.51,25.67,25.38,26.17,26.83,26.62,27.23,26.18,17.41,17.31,23.08,19.58,20.87,13.97
2011,7,5,201107,20.33,21.51,18.42,22.27,20.47,22.86,22.39,20.25,21.09,22.75,25.11,25.12,23.79,22.76,25.99,25.63,26.73,25.88,24.92,27.17,26.12,17.28,17.24,23.18,19.69,21.02,14.85
2011,7,6,201107,19.73,21.54,19.73,23.73,21.11,24.73,23.45,21.03,21.44,20.39,24.87,25.72,23.98,22.55,26.02,26.07,26.59,25.51,25.08,27.01,26.05,17.65,17.82,23.38,19.68,21.71,16.63
2011,7,7,201107,19.11,21.67,19.86,24.57,21.69,24.27,23.39,18.46,19.69,21.09,24.28,25.32,24.33,23.57,26.67,25.95,27,26.26,25.2,27.24,25.91,17.73,17.69,23.5,19.98,21.43,16.95
2011,7,8,201107,16.71,20.09,18.91,24.49,21.7,23.91,23.08,19.69,20.84,22.17,23.61,24.96,24.35,23.17,26.68,25.86,25.77,26.06,24.73,27.6,26.47,17.51,16.73,23.33,19.58,20.68,12.27
2011,7,9,201107,18.3,20.84,19.36,23.31,20.53,23.29,22.34,19.79,21.39,22.71,24.61,24.45,23.82,21.98,26.85,25.76,26.45,26.6,25.62,27.9,26.96,17.62,13.71,23.07,19.17,20.03,11.25
2011,7,10,201107,16.99,18.38,17.89,23.1,20.55,25.55,23.27,22.34,23.29,23.04,26.56,27.36,23.87,22.49,27.38,25.95,27.57,27.35,26.76,28.42,26.95,17.91,14.74,22.84,18.95,18.72,13.06
2011,7,11,201107,20.33,21.07,21.69,24.25,22.76,28.41,25.87,23.85,24.93,22.48,26.38,28.21,25.24,24.59,27.44,26.14,27.51,27.74,26.99,28.11,26.93,17.71,16.06,22.2,18.75,18.03,14.23
2011,7,12,201107,21.83,23.89,22.86,26.13,24.56,27.42,27.7,22.08,19.89,19.12,24.48,27.67,26.42,25.85,28.05,27.82,27.4,28.25,27.89,28.29,27.35,16.98,16.97,21.23,18.19,16.84,14.47
2011,7,13,201107,19.54,22.02,19.75,24.35,21.91,24.03,23.08,17.06,16.75,17.58,23.51,26.79,26.12,24.61,28.41,28.49,27.32,27.74,27.49,28.52,27.7,17.13,17.23,20.4,18.05,16.46,13.14
2011,7,14,201107,15.97,17.9,16.14,19.23,17.19,21.13,19.57,16.82,16.54,19.66,25.3,24.91,21.82,19.75,27.87,26.36,27.5,26.5,25.86,27.91,27.17,17.95,16.41,18.05,17.46,15.46,11.95
2011,7,15,201107,16.63,17.68,17.86,19.78,18.15,23.1,20.69,18.66,20.04,23.97,27.03,26.19,19.28,19.09,26.12,22.67,27.41,26.04,25.23,27.89,27.42,17.32,15.33,17.68,17.18,15.47,12.87
2011,7,16,201107,18.43,19.2,19.31,21.21,19.57,24.41,22.91,20.86,23.2,25.78,27.69,26.93,20.02,19.8,23.7,21.89,26.75,25,23.87,28.12,27.26,17.66,16.18,18.61,17.35,15.41,14.34
2011,7,17,201107,20.02,21.39,20.64,21.93,21,26.57,24.96,24.26,26.58,28.24,27.69,27.22,21.45,21.53,23.77,22.45,26.26,23.99,23.1,27.83,27.11,18.96,17.64,21.07,17.87,16.18,14.3
2011,7,18,201107,21.52,22.65,22.51,24.05,23.66,27.46,26.6,26.02,27.92,28.07,27.15,27.01,23.26,23.89,24.63,23.86,25.47,24.52,23.99,27.39,26.92,19.04,19.39,22.72,18.45,17.12,15.1
2011,7,19,201107,20.12,22.46,22.29,25.54,24.41,28.44,27.38,25.49,27.1,27.72,26.97,27.06,24.39,24.29,25.51,25.28,26.04,25.95,25.3,26.94,27.06,19.2,19.37,23.05,18.96,18.25,14.35
2011,7,20,201107,18.55,22.14,22.4,25.65,25.03,29.13,27.78,25.19,27.85,27.11,26.76,27.35,26.06,25.81,27.19,27.35,27.02,27.49,27.43,27.62,27.19,18.54,15.82,23.13,18.33,18.19,12.36
2011,7,21,201107,22.91,24.54,24.36,25.95,26.09,28.2,28.52,26.76,25.43,21.56,26.14,27.37,27.3,26.84,27.31,27.74,27.53,27.68,27.67,27.84,27.4,18.22,14.48,22.3,18.28,17.98,13.18
2011,7,22,201107,25.31,27.25,26.69,28.68,27.86,28.3,28.52,22.95,22.99,22.97,26.89,27.94,27.73,27.68,27.77,28.38,27.59,27.21,26.89,28.15,27.62,17.57,15.14,21.03,18.56,18.3,12.41
2011,7,23,201107,22.51,24.18,23.46,28.76,25.91,28.13,27.56,23.34,24.6,23.19,27.16,27.84,27.04,26.52,27.29,27.58,27.02,26.57,26.45,28.27,27.8,17.86,14.15,21.55,18.67,18.56,13.26
2011,7,24,201107,19.82,24.02,22.58,27.49,25.01,27.5,26.67,21.99,22.34,22.18,26.86,28.18,26.2,25.4,26.88,27.23,27.6,26.51,26.08,28.41,27.59,18.16,15.69,22.48,19.72,19.66,16.52
2011,7,25,201107,17.17,19.15,20.07,25.05,23.25,26.23,25.29,21.71,21.94,22.58,26.98,27.85,25.19,24.01,26.85,26.8,27.86,26.41,25.84,28.01,27.25,18.54,18.02,22.85,20.14,19.58,16.96
2011,7,26,201107,16.87,19.43,19.5,23.91,21.85,26.08,24.22,19.38,20.44,22.18,26.26,27.58,25.08,23.97,26.48,26.34,27.45,26.95,26.6,28.16,27.39,18.61,17.67,22.57,19.46,18.95,13.71
2011,7,27,201107,17.39,19.95,18.35,22.55,19.24,27.04,24.89,18.17,20.05,23.45,26.47,27.15,24.17,22.85,26.26,26.29,26.78,26.89,26.59,28.09,27.67,17.62,15.51,22.18,18.74,18.63,13.37
2011,7,28,201107,18.59,20.25,19.4,21.52,20.34,27.55,26.78,23.11,25.09,23.19,26.76,27.26,24.93,23.85,26.03,26.73,27.01,26.55,27.1,27.53,27.25,17.86,15.35,22.19,19.22,19.67,13.83
2011,7,29,201107,19.74,21.11,21.58,24.19,24.06,27.47,26.85,24.01,22.71,22.13,25.98,27.35,26.19,25.86,27,27.56,27.59,26.09,25.92,27.45,27.23,17.78,15.93,22.71,19.84,20.61,15.37
2011,7,30,201107,19.91,22.59,21.79,25.68,23,26.62,25.81,21.85,22.51,23.14,25.86,26.82,25.59,25.23,27.62,27.63,27.96,27,25.79,27.81,27.16,18.01,16.76,23.03,20.13,21.27,16.47
2011,7,31,201107,18.09,21.07,20.42,23.22,21.37,26.54,24.7,22.91,24.32,23.8,27.16,27.48,24.75,23.34,27.44,27.4,28.19,27.43,26.24,28.61,27.52,18.17,18.32,23.51,20.27,21.01,16.92
2011,8,1,201108,19.59,22.54,22.02,24.09,22.14,27.13,24.59,22.85,25.14,25.81,27.28,28.49,24.15,22.99,27.59,26.41,27.67,27.47,26.67,28.76,27.46,18.27,18.38,23.33,19.87,20.15,16.34
2011,8,2,201108,19.19,21.64,20.28,23.72,21.82,27.46,25.34,22.7,25.65,25.53,26.68,28.89,23.57,23.22,27.64,26.2,27.33,27.41,25.57,28.97,27.27,18.4,17.19,23.77,19.84,19.65,16.08
2011,8,3,201108,16.99,19.3,18.36,21.38,21.34,28.25,26.08,23.51,23.06,21.22,25.39,28.54,24.23,23.54,28.38,26.57,28.19,28.62,27.22,29.45,27.65,17.76,17.39,23.71,19.87,19.22,15.27
2011,8,4,201108,17.89,19.64,18.79,20.95,20.38,25.57,24.84,21.75,21.27,21.57,25.08,26.26,25.22,24.21,28.48,27.52,28.52,28.94,28.86,29.73,27.93,17.45,17.42,22.98,19.13,18.08,16.44
2011,8,5,201108,18.4,20.11,20.44,22.19,21.51,25.39,24.26,22.36,22.49,22.45,25.65,27.09,23.97,23.34,28.44,27.58,28.82,27.78,26.89,29.23,27.94,17.48,17.35,22.66,18.57,17.68,16.35
2011,8,6,201108,20.42,21.46,21.77,22.56,21.39,26.25,25.4,23.01,23.38,22.2,25.25,27.66,24.01,23.01,28.19,26.65,28.61,27.97,26.54,29.32,28.33,17.3,16.25,21.56,18.61,17.78,15.61
2011,8,7,201108,20.17,19.81,20.65,24.15,21.96,26.87,25.88,22.38,21.68,21.13,25.54,28.28,25.3,23.94,28.15,27.23,28.97,28.04,26.94,29.01,28.08,16.65,16.22,21.57,18.55,18.03,15.51
2011,8,8,201108,19.65,21.53,21.31,25.15,22.53,25.21,24.32,20.94,20.88,20.84,24.38,26.95,25.27,24.2,28.21,27.56,28.26,28.02,27.33,28.83,28.18,15.21,15.49,21.75,18.31,18.37,15.38
2011,8,9,201108,18.66,21.08,19.35,23.24,20.82,23.2,23.49,20.67,19.49,18.42,22.9,25.39,24.02,23.19,27.3,26.52,27.08,26.93,25.97,28.29,28.1,15.58,15.36,21.94,17.68,18.17,14.66
2011,8,10,201108,17.39,19.13,19.23,23.2,19.74,20.28,20.97,17.26,15.82,17.32,21.4,23.08,22.63,21.54,26.88,25.28,26.76,26.36,24.57,27.87,28.58,15.54,15.24,21.81,18.04,17.96,13.77
2011,8,11,201108,16.91,19.07,16.65,20.83,17.12,19.02,17.97,16.86,17.39,18.65,21.45,21.6,21.02,19.33,26.33,24.64,27.76,25.53,24.04,27.1,28.53,16.27,15.26,21.89,18.53,18.04,13.07
2011,8,12,201108,15.88,17,16.34,18.75,16.41,20.21,18.22,19.15,17.87,19.99,22.58,22.74,21.22,18.24,26.53,25.27,28.47,24.98,23.34,27,28.24,16.15,14.23,22.33,18.73,18.77,14.41
2011,8,13,201108,17.65,18.97,18.43,20.16,18.39,22.76,20.42,19.51,18.35,19.06,22.71,24.36,23.27,21.02,26.83,24.91,28.24,25.8,24.5,27.36,27.65,16.21,15.16,22.74,19.05,19.63,15.21
2011,8,14,201108,18.85,19.39,19.55,22.47,20.01,20.69,20.82,18.54,17.71,19.19,21.5,21.6,22.8,21.8,26.79,24.91,28.12,25.68,24.17,26.47,27.05,17.43,16.98,22.76,18.89,19.42,14.34
2011,8,15,201108,18.06,19.62,18.1,20.63,17.87,18.97,18.91,18.58,18.95,21.52,23.05,20.16,20.95,18.92,24.15,23.47,27.65,22.81,20.54,24.91,26.64,17.23,16.93,23,18.2,18.34,13.01
2011,8,16,201108,16.3,17.57,18.08,19.66,18.56,20.13,19.54,19.1,20.16,21.71,23.53,20.8,20.17,19.14,22.77,21.95,26.65,21.98,20.89,25.95,26.85,17.35,14.49,22.82,17.85,17.84,12.66
2011,8,17,201108,17.33,19.05,18.55,21.27,19.28,21.3,20.45,19.99,20.47,18.64,23.14,24.6,21.39,20.28,23.97,23.08,26.86,23.4,22.11,27.01,27,17.29,14.54,23.27,18.9,18.11,14.09
2011,8,18,201108,17.77,20.64,19.36,22,19.86,23.57,22.05,19.61,17.41,20.11,24.51,25.6,22.11,21.02,25.69,23.99,26.92,24.92,23.6,27.89,26.79,17.77,15.46,23.77,19.02,18.97,13.69
2011,8,19,201108,20.19,21.34,20.24,22.79,20.72,23.51,22.95,19.5,20.22,20.59,25.01,25.97,22.5,21.61,26.1,24.72,26.92,26,24.97,27.55,26.78,16.92,14.71,23.01,18.8,18.09,13.74
2011,8,20,201108,19.81,20.44,19.07,21.85,19.38,24.2,22.62,19.67,19.02,17.03,23.76,26.14,22.85,21.47,26.59,25.33,27.08,26.77,25.48,28.01,27.07,17.09,15.17,22.44,18.83,17.55,14.79
2011,8,21,201108,19.94,20.97,19.7,22.31,20.41,23.74,22.69,18.05,16.8,17.93,23.38,25.43,24.07,22.13,26.97,25.83,27.35,26.85,25.64,28.01,27.04,17.18,16.62,21.71,18.92,17.46,16.75
2011,8,22,201108,18.06,19.74,16.62,21.62,18.13,20.78,19.05,15.75,17.01,20.53,24.82,24.35,22.39,20.51,27.23,25.8,27.53,26.59,26.03,28.13,26.95,17.83,17.75,22.23,18.97,17.94,17.04
2011,8,23,201108,13.53,15.37,14.22,17.18,14.54,22.32,18.41,18.39,20.35,24.23,25.8,26.53,17.42,15.92,25.7,22.19,28.09,25,22.58,28.13,27.14,18.14,17.18,23.4,19.44,19.47,16.04
2011,8,24,201108,15.5,16.87,16.75,18.69,16.54,26.58,22.09,21.96,22.86,21.94,25.12,27.34,19.11,18.26,24.86,22.7,27.34,25.24,23.61,28.33,27.48,18.32,17.16,23.65,20.28,20.59,17.47
2011,8,25,201108,18.37,20.18,19.49,22.36,20.83,21.72,23.41,19.15,17.77,18.67,22.79,23.23,23.32,22.33,25.46,24.99,27.15,26.09,24.8,27.39,27.37,18.14,18.22,23.69,20.35,20.21,18.37
2011,8,26,201108,19.41,21.34,19.02,23.26,19.93,20.21,19.98,17.65,18.86,20.61,22.11,20.81,24.23,22.13,26.55,25.72,27.26,25.86,24.62,25.73,27.07,18.33,18.16,23.74,19.94,20.51,17.68
2011,8,27,201108,18.74,21.17,19.55,22.8,20.99,22.28,20.13,18.94,18.43,18.63,23.94,23.21,23.26,22.33,26.34,24.94,28.32,24.1,22.73,25.7,27.07,18.17,18.42,24.18,20.36,21.05,17.48
2011,8,28,201108,19.08,20.94,18.12,21.72,19.04,19.69,19.41,16.52,15.88,18.49,23.35,21.29,21.68,20.34,24.12,23.56,27.44,22.69,21.78,25.69,26.89,18.35,18.68,23.85,20.57,20.63,17.4
2011,8,29,201108,16.23,16.99,14,16.55,14.76,19.91,17.82,16.39,17.15,19.4,22.97,21.74,19.64,17.93,23.62,22.89,26.93,22.09,20.66,25.56,26.89,17.56,17.52,23.34,19.85,19.73,16.51
2011,8,30,201108,15.18,16.58,15.85,18.17,16.27,18.93,17.3,18.26,17.96,19.21,23.35,21.66,19.01,17.55,24.55,23.82,26.78,21.64,20.12,25.61,26.37,17.2,16.19,22.57,18.92,18.88,14.35
2011,8,31,201108,15.93,17.7,17.25,19.05,17.46,22.3,19.56,18.53,18.72,20.66,25.06,24.42,19.38,18.93,26.14,23.11,26.73,23.29,22.9,26.36,26.45,17.49,16.16,22.55,18.32,17.1,11.47
2011,9,1,201109,16.17,18.64,19.34,20.02,19.4,26.12,24.22,21.29,22.81,23.93,25.95,26.38,20.24,20.86,25.95,22.01,26.2,25.73,25.21,26.54,25.97,17.52,14,21.8,16.97,16.47,10.21
2011,9,2,201109,16.18,17.08,19.7,18.77,21.02,26.5,25.73,23.94,24.31,20.83,24.4,25.78,22,23.02,24.91,22.87,25.33,25.87,25.58,26.11,26.36,16.9,11.72,21.66,16.3,16.96,11.2
2011,9,3,201109,17.72,18.47,21.45,19.83,22.23,25.64,25.35,22.21,21.94,18.24,22.43,25.64,22.89,23.43,24.26,23.95,25.04,24.51,25.49,25.71,26.15,14.97,10.45,20.99,16.68,17.62,11.53
2011,9,4,201109,21.31,22.3,23.06,22.6,23.45,22.21,23.97,19.43,15.23,13.12,15.95,22.1,23.11,23.38,24.46,23.41,26.32,24.32,24.56,23.65,24.51,11.83,10.84,21.48,16.77,17.98,13.32
2011,9,5,201109,20.52,21.59,19.91,22.66,20.48,14.95,16.89,12.78,11.13,12.92,13.91,14.82,22.6,21,24.65,23.25,27.01,21.14,20.31,19.35,21.24,11.88,13.43,21.75,16.33,18.32,14.91
2011,9,6,201109,16.83,18.87,14.96,20.87,14.79,12.9,13.45,11.2,11.77,14.79,14.83,13.37,18.57,16.79,22.5,23.95,25.64,16.46,15.97,16.41,17.8,13.54,14.46,21.86,16.16,18.81,14.82
2011,9,7,201109,13.47,14.97,14.71,20.72,16.44,14.17,15.42,13.19,12.66,16.72,16.28,13.22,19.82,18.2,17.51,21.76,23.42,15.98,15.51,15.64,18.25,12.08,14.38,21.9,16.4,19.63,15.8
2011,9,8,201109,14.66,15.81,16.77,21.12,18.02,14.67,16.51,15.45,15.88,17.94,16.76,14.29,20.16,18.5,19.02,20.35,23.57,17.25,16.57,16.76,18.72,11.84,14.39,21.17,15.65,19.7,17.19
2011,9,9,201109,16.29,18.41,18.67,21.41,18.83,17.02,17.68,17.66,17.65,18.62,16.66,16.75,19.75,18.4,19.81,20.63,23.63,17.89,17.29,17.42,19.27,11.71,14.36,20.43,15.03,18.92,16.99
2011,9,10,201109,13.93,17.66,17.3,21.77,19.05,18.29,17.95,18.91,18.5,19.08,18.26,18.7,19.91,18.56,20.03,20.33,24.75,18.34,17.68,19.46,20.13,11.51,14.05,19.65,14.85,19.21,16.76
2011,9,11,201109,12.43,16.35,15.72,20.79,18.39,19.89,18.9,19.54,19.83,19.72,19.49,19.9,20.28,18.87,20.31,20.74,25.27,19.76,18.91,21,21.62,12.12,14.69,19.41,15.1,18.34,17.61
2011,9,12,201109,16.12,18.05,17.68,20.65,17.7,20.41,19.41,19.46,19.62,19.1,20.2,20.53,19.48,18.68,21.25,21.56,25.15,20.93,19.54,22.21,23.15,13.23,14.38,19.35,15.61,17.53,16.88
2011,9,13,201109,18.5,20.39,19.08,20.76,19.07,20.16,20.31,17.75,15.03,13.88,20.19,20.85,19.96,19.42,22.08,22.34,25.02,22.17,20.83,23.66,24.48,13.22,13.19,19.12,15.72,18.25,15.75
2011,9,14,201109,18.87,20.64,18.42,21.64,19.77,15.47,18.04,11.47,9.09,8.8,15.74,17.78,20.69,20.3,22.86,22.42,25.01,22.49,20.94,23.75,24.76,11.8,11.29,18.22,15.36,18.15,14.93
2011,9,15,201109,16.43,20.46,13.62,21.19,15.67,8.71,12.06,8.23,4.49,4.93,8.13,9.41,20.82,18.05,23.62,22.69,25.31,20.13,17.58,17.5,22.2,9.2,10.55,17.68,14.86,17.27,13.52
2011,9,16,201109,8.96,10.42,7.59,11.29,7.85,8.97,8.38,8.16,6.42,7.07,9.45,10.55,11.79,9.44,21.05,17.12,25.28,14.58,12.23,15.64,21.47,9.61,11.75,17.71,14.75,16.21,10.87
2011,9,17,201109,7.56,8.82,8.09,12.23,9.73,12.38,11.97,10.47,8.82,10.76,14.06,11.79,12.5,11.41,19.56,14.97,25.1,17.79,15.67,18.97,24.01,11,10.79,17.51,14.28,14.7,9.35
2011,9,18,201109,10.22,11.25,10.36,13.68,10.8,15.9,13.63,11.82,11.47,13.56,16.75,16.51,13.95,12.8,20.21,17.09,24.3,20.21,18.67,22.54,24.14,9.95,9.25,17.2,13.74,16.01,11.3
2011,9,19,201109,11.01,11.15,11.53,14.58,12.95,18.93,17.34,15.68,15.37,14.23,16.41,18.89,15.8,15.02,20.62,18.35,24.45,21.65,19.34,22.17,22.68,10.95,11.15,18.23,14.64,18.02,13.47
2011,9,20,201109,10.98,12.96,14.38,16.49,16.28,17.5,17.53,14.06,13.4,13.91,16.45,17.55,18.1,17.25,22.15,21.09,25.37,21.43,19.17,20.62,21.25,11.52,9.76,18.44,15.2,18.3,12.14
2011,9,21,201109,14.74,16.82,15.44,18.26,17.12,17.72,19.38,15.95,12.94,10.86,12.74,17.05,19.27,18.36,23.35,21.79,26.28,22.17,20.49,20.96,22.01,9.44,9.23,18.26,15.14,18.3,13.26
2011,9,22,201109,15.75,18.59,17.67,20.63,18.88,13.73,16.93,12.75,9.64,8.9,11.61,13.77,21.07,19.87,23.86,22.89,25.96,22.78,20.52,19.12,21.7,8.83,11.08,18.5,14.8,18.14,14.81
2011,9,23,201109,18.16,19.81,17.99,21.39,19.04,12.07,13.92,11.44,8.49,9.98,13.08,13.13,20.78,19.48,23.6,22.77,25.48,20.38,17.13,18.22,20.61,10.55,13.31,18.44,15.07,18.9,16.16
2011,9,24,201109,18.93,20.48,18.71,21.24,18.1,12.88,13.02,11.33,9.35,12.64,14.88,13.28,19.17,17.35,22.89,22.1,25.99,17.66,14.85,18.34,20.98,12.2,14.45,18.46,14.93,18.51,16.06
2011,9,25,201109,19.76,21.22,18.15,21.3,18.6,13.42,14.85,13.45,10.35,12.78,14.07,13.21,19.91,18.92,23.52,22.4,26.16,18.98,17.13,19.85,22.65,12.57,14.49,17.96,14.63,16.22,14.66
2011,9,26,201109,18.42,21.01,18.59,21.7,19.51,12.89,17.36,15.85,12.76,12.5,13.29,12.3,20.56,19.96,24.41,22.75,25.69,21.75,19.94,18.67,22.45,12.69,13.53,17.25,14.11,14.76,9.94
2011,9,27,201109,16.56,20.21,18.85,21.63,19.29,12.7,13.77,14.68,12.61,14.54,15.74,14.2,20.9,19.36,24.53,23.22,25.69,20.12,16.35,19.96,23.62,12.83,13.02,17.32,14.88,16.42,12.41
2011,9,28,201109,14.86,18.44,17.88,20.52,17.05,14.07,14.13,13.92,13.89,17,18.4,17.29,20.21,17.54,23.45,23.07,26.18,20.74,17.59,21.21,23.47,12.97,13.13,18.29,15.43,18.16,10.55
2011,9,29,201109,14.95,17.5,16.23,20.3,15.41,15.66,14.4,13.51,13.24,14.24,17.24,18.34,18.89,16.58,21.89,21.83,25.79,19.75,17.98,21.9,23.87,12.21,10.54,18.62,15.61,18.71,11.01
2011,9,30,201109,15.45,16.11,13.75,18.07,13.49,12.35,12.35,9.55,8.48,10.04,10.95,12.68,16.07,14.68,20.01,19.44,25.04,17.63,15.47,18.1,20.85,9.99,12.02,18.64,14.59,17.9,13.71
2011,10,1,201110,14.07,16.92,10.67,16.42,9.68,8.77,7.99,6.43,5.25,9.76,12.11,10,10.15,8.8,13.48,13.19,21.39,11.37,9.64,13.73,17.14,11.38,14.49,18.25,14.35,16.55,13.58
2011,10,2,201110,11.83,14.94,8.25,12.35,6.65,8.54,7.8,7.49,7.75,12.87,13.36,9.91,8.01,7.51,10.41,9.52,16.87,10.21,9.39,13.01,17.56,12.24,14.13,18.6,14.03,15.69,11.16
2011,10,3,201110,12.29,13.37,10.85,10.31,8.33,11.23,9.38,10.71,12.34,15.08,15.4,12.39,8.08,7.61,11.14,10.06,17.55,10.85,9.54,14.39,18.17,12.55,13.46,18.4,14.25,14.2,11.03
2011,10,4,201110,12.35,12.38,10.91,10.83,10.4,14.24,13,12.93,13.51,15.86,17.13,14.67,11.54,11.02,13.74,13.02,19.36,13.69,12.72,16,17.9,12.04,13.27,17.19,13.22,12.41,9.53
2011,10,5,201110,9.83,12.59,11.54,14.1,11.94,15.34,15.02,13.93,14.32,16.58,16.23,15.4,14.11,13.67,16.28,15.37,20.52,15.85,15.05,16.17,19.14,10.16,11.42,13.62,11.04,10.04,8.05
2011,10,6,201110,3.87,7.11,6.67,10.71,9.67,16.58,16.17,14.48,14.52,15.71,16.24,15.86,14.11,13.85,17.82,16.1,21.62,17.72,17.13,18.2,21.45,9.18,8.5,11.05,8,7.8,6.06
2011,10,7,201110,3.99,7.16,8.62,10.65,11.34,18.02,16.89,15.91,15.83,16.64,18.54,18.11,13.93,14.55,18.02,15.81,22.36,17.91,17.51,20.66,23.27,4.71,5.33,8.9,7.29,8.06,7.2
2011,10,8,201110,11.41,12.35,12.99,13.24,13.43,18.21,17.13,17,17.46,15.6,17.23,18.3,13.63,14.47,18.96,15.29,22.5,18.36,16.55,21.12,22.21,3.58,4.91,7.62,6.27,10.25,7.85
2011,10,9,201110,15.58,16.44,15.37,16.19,14.93,16.65,15.86,17.03,16.82,13.62,13.93,17.67,13.65,14.35,17.74,15.93,21.98,17.18,14.71,20,19.74,2.65,4.45,9.15,6.32,11.5,8.35
2011,10,10,201110,15.32,16.9,15.75,17.62,15.99,16.23,15.98,15.86,14.91,13.31,13.57,16.12,15.48,15.6,19,18.45,22.32,18.27,16.9,18.65,18.85,3.75,5.36,10.93,8.06,12.62,8.9
2011,10,11,201110,10.17,14.39,14.92,17.4,15.86,17.9,15.51,15.61,15.35,13.15,14.04,18.29,16.07,15.33,19.07,18.5,23.27,18.08,16.96,19.48,19.97,5.88,7.24,12.33,10.01,14.27,8.69
2011,10,12,201110,9.01,11.32,12.93,16.05,13.77,18.69,14.96,15.09,16.2,14.04,15.06,17.97,16.43,14.82,18.78,19.28,24.02,18.5,17.36,20.07,20.93,6.49,6.32,13.91,9.76,14.53,6.79
2011,10,13,201110,11.05,14.82,12.83,16.64,14.25,17.25,16.19,14.36,14.46,11.32,11.59,15.97,17.45,15.97,20.03,20.24,23.78,18.8,16.77,17.91,19.34,6.18,5.57,14.86,10.74,15.49,6.79
2011,10,14,201110,14.95,17.07,15.21,18.61,14.68,11.8,13.14,12.49,9.17,8.17,10.58,11.63,16.05,14.63,17.85,17.55,22.97,15.54,14.12,15.41,17.27,7.51,6.11,15.8,12.52,16.84,8.37
2011,10,15,201110,12.88,13.34,9.71,12.93,9.31,10.07,9.86,7.9,6.86,6.97,10.17,10.44,10.98,10.39,15.67,13.7,20.8,14.6,12.41,16.28,18.2,8.34,7.93,16.26,12.87,16.67,9.62
2011,10,16,201110,8.91,10.31,8.31,11.1,8.33,11.88,10.04,8.03,7.39,8.06,12.76,14.31,10.61,10.34,16.37,13.01,21.59,15.76,12.85,18.02,19.7,9.05,7.3,16.01,12.97,15.86,9.32
2011,10,17,201110,9.03,11.8,8.77,13.99,10.26,9.2,10.06,6.85,5.46,5.39,8.51,11.67,14.68,13.6,18.4,16.15,22.44,17.55,16.47,18.37,19.92,6.57,5.53,15.15,11.17,15.57,7.29
2011,10,18,201110,8.44,9.84,8.06,12.68,8.93,6.93,8.48,6.37,4.17,4.06,6.85,7.94,16.22,13.21,19.37,18.42,22.81,16.95,16.5,14.48,15.92,2.2,3.83,13.08,8.31,15.46,8.46
2011,10,19,201110,9.46,12.47,9.88,16.11,12.24,7.41,9.21,7.2,5.21,2.96,4.28,5.86,17.09,15.56,15.67,18.74,20.5,11.17,9.95,8.24,10.45,2.26,4.78,13.23,8.49,14.5,9.32
2011,10,20,201110,11.82,16.13,12.15,16.91,11.19,6.96,7.63,7.01,5.45,3.19,3.67,5.26,10.94,9.74,9.21,10.8,15.09,8,6.77,7.26,11.46,4.31,6.32,13.43,9.45,13.78,9.02
2011,10,21,201110,10.19,10.54,7.63,10.23,6.82,6.08,7.17,6.56,3.55,5.11,8.12,5.27,8.18,7.12,9.08,9.52,13.53,8.01,6.99,10.34,15.37,5.84,6.82,13.54,9.89,13.27,8.89
2011,10,22,201110,8.39,9.53,7.94,10.09,7.86,7.52,7.26,6.15,5.31,7.93,11.66,10.12,9.37,8.06,8.95,9.8,13.42,9.16,8.16,14.11,18.79,6.04,6.62,13.58,9.59,13.96,9.33
2011,10,23,201110,7.68,8.43,7.12,10.29,8.16,10.93,8.55,7.65,7.26,9.57,12.58,14.14,9.91,8.61,10.78,11.71,16.36,10.95,10.11,17.64,19.3,6.23,7.02,13.96,9.86,14.76,9.59
2011,10,24,201110,7.64,9.43,8.31,10.97,9.29,12.48,11.52,8.99,7.86,8.23,12.93,14.13,11.47,10.76,13.67,13.83,18.05,14.79,12.66,17.5,19.1,6.75,6.2,14.59,10.29,14,6.96
2011,10,25,201110,7.85,9.63,7.08,10.75,7.8,12.82,10.01,6.52,7.74,7.64,12.82,15.73,11.37,10.31,14.28,13.14,17.97,14.49,13.57,17.06,19.09,6.72,3.63,14.55,9.57,12.03,2.94
2011,10,26,201110,4.57,5.95,6.59,10.67,9.48,14.39,13.95,7.68,5.99,5.44,7.74,14.24,11.85,11.32,15.56,13.57,20.28,15.35,14.44,17.43,19.23,2.64,-0.31,13,6.46,8.84,1.76
2011,10,27,201110,3.08,7.48,5.75,13.65,10.34,8.86,10.27,4.99,4.46,3.86,4.67,9.46,14.12,13.24,17.5,15.61,21.88,15.79,14.03,14.19,15.74,-2.76,-1.42,7.71,3.26,7.41,3
2011,10,28,201110,0.88,2.67,1.1,5.82,2.5,6.47,4.67,3.71,4.06,3.16,4.05,7.05,7.9,5.24,17.58,14.36,22.01,12.71,9.02,10.62,9.69,-2.28,-0.83,8.13,2.97,8.34,3.71
2011,10,29,201110,0.5,2.14,1.5,6.09,2.81,5.81,5.21,5.36,2.88,2.68,5.37,5.52,5.55,4.27,14.16,9.21,20.06,8.3,6.03,8.34,9.1,0.4,2.11,9.78,5.09,10.14,6.95
2011,10,30,201110,0.96,2.12,1.05,3.4,1.45,5.94,4.51,4.87,3.15,4.71,7.67,7.91,3.44,2.97,7.33,5.16,15.64,6.86,6.13,8.79,10.75,2.45,2.47,10.25,6.6,11.45,7.22
2011,10,31,201110,0.29,1.1,0.68,3.8,0.29,6.72,6.14,7.03,5.37,4.34,7.04,6.44,4.2,3.61,9.91,6.18,17.17,8.47,6.86,10.72,13.4,3.69,5.01,11.19,7.63,12.11,7.2
2011,11,1,201111,3.17,5.02,4.09,8.02,4.76,7.69,6.88,6.34,5.52,6.57,9.53,9.7,7.74,6.95,10.44,8.71,18.38,9.5,8.01,12.37,15.07,4.29,2,11.14,6.83,10.43,2.21
2011,11,2,201111,3.57,4.7,5.39,6.75,5.8,10.51,8.42,8.33,8.09,4.52,6.6,11.83,7.61,7.35,9.26,8.51,17.59,10.27,9.21,13.87,16.49,-0.73,-2.88,7.74,2.38,7.37,1.24
2011,11,3,201111,5.43,6.42,7.31,7.91,7.21,9.58,8.86,7.44,4.08,1.17,0.98,8.56,7.76,8.13,12.66,9.24,19.66,11.21,9.17,10.19,9.48,-5.19,-2.53,5.75,0.34,6.63,2.41
2011,11,4,201111,4.15,6.23,4.69,8.6,6.74,7.09,8.73,4.3,2.61,1.51,1.57,5.73,8.69,9.11,12.27,11.72,18.06,9.87,9.36,6.44,6.24,-1.21,-0.25,8.5,2.64,5.64,1.05
2011,11,5,201111,0.36,1.66,0.87,3.89,1.44,6.85,4.29,3.87,3.59,3.59,4.93,8.24,5.12,3.77,10.5,8.85,14.52,9.65,9.42,9.16,10.13,2.33,-0.49,7.36,1.84,2.96,-0.81
2011,11,6,201111,1.17,2.64,1.79,4.67,2.12,9.85,5.77,6.14,8.03,5.98,7.81,11.79,4.91,4.25,9.17,8.18,17.08,9.62,8.46,13.63,16.17,-1.61,-3.94,3.27,0,3.81,0.18
2011,11,7,201111,2.94,5.21,4.57,6.99,5.08,13.22,9.76,9.42,5.83,1.96,4.93,14.25,9.35,8.02,14.55,11.99,19.52,14.44,12.45,17.44,18.49,-2.74,-4.29,4.86,1.14,3.89,0.19
2011,11,8,201111,6.7,9.64,9.45,10.12,9.99,13.77,13.3,7.33,2.73,1.17,5.34,14.52,10.2,10.1,15.59,12.56,20.33,16.52,14.83,18.56,17.48,-2.93,-4,3.09,-0.42,3.93,1.84
2011,11,9,201111,8.98,11.85,10.07,10.59,8.67,11.15,13.13,8.8,3.36,0.41,3.02,9.48,10.07,10.24,16.79,13.05,20.05,16.43,14.87,12.83,10.07,-4.87,-3.96,3.93,-0.58,4.79,3.06
2011,11,10,201111,10.03,11.6,8.83,11.94,8.26,2.28,5.08,3.87,0.41,-0.93,1.88,2.75,10.27,9.25,14.57,13.86,18.17,8.56,6.85,6.88,7.51,-3.84,-2.9,4.16,-0.04,5.89,3.61
2011,11,11,201111,8.11,8.29,3.67,7,2.37,1.56,1.81,1.92,-0.41,1.06,4.15,3.3,3.56,2.48,5.19,6,12.64,4.14,2.46,6.71,7.26,-1.49,-1.17,5.99,1.3,6.95,2.97
2011,11,12,201111,1.64,3.37,2.64,4.47,2.65,5.68,4.6,4.03,1.33,3.17,6.24,6.7,3.29,3.69,5.38,4.4,11.44,6.68,5.71,9.36,11.13,0.86,0.33,8.48,4.03,7.17,2.45
2011,11,13,201111,4.5,6.59,5.52,7.33,5.56,12.84,9.84,8.09,5.58,4.62,8.44,13.23,6.33,7.12,10.19,8.32,16.71,12.68,11.05,16.26,16.31,2.05,-0.75,8.21,4.73,7.9,2.81
2011,11,14,201111,9.33,10.59,10.1,11.28,10.5,13.3,14.85,8.99,4.36,2.86,7.55,13.81,12.36,12.49,15.15,14.37,19.64,18.49,17.06,18.56,18.13,0.38,-1.35,8.61,4.79,8.28,2.49
2011,11,15,201111,11.28,13.39,11.72,14.71,13.33,10.48,13.51,6.61,2.75,1.21,5.63,10.48,15.1,14.26,18.14,17.64,21.87,17.88,15.91,17.14,17.31,-0.95,-3.01,8.3,3.53,7.68,1.02
2011,11,16,201111,7.31,10.76,8.3,13.71,10.4,5.61,9.17,3.82,-0.33,-3.12,0.81,6.18,16.09,13.1,19.82,19.12,23.88,17.13,13.93,14.3,14.32,-3.06,-6.49,7.5,2.39,8.43,-0.54
2011,11,17,201111,6.35,8.96,3.83,9.83,4.14,0.25,1.38,-1.08,-3.83,-5.59,-1.34,1.16,9.33,5.78,16.51,15.77,22.3,8.91,5.71,6.22,8.38,-4.27,-3.86,7.65,2,8.82,2.74
2011,11,18,201111,0.11,1.96,-0.19,2.14,-0.53,0.46,-0.34,-0.44,-2.49,-2.27,2.56,1.92,0.46,-0.36,6.06,3.64,16.49,3.08,1.86,4.75,8.81,0.06,-2.03,8.12,3.4,7.22,0.06
2011,11,19,201111,0.42,2.01,1.3,2.77,0.79,4.92,3.06,2.82,0.01,-3.82,4.08,7.55,1.93,2.1,8.8,4.88,19.3,8.1,5.61,12.3,15.83,0.55,-6.76,7.44,2.33,4.7,-2.33
2011,11,20,201111,4.43,7.28,6.38,8.34,7.15,9.4,11.32,4.74,-0.47,-7.07,-1.64,8.68,10.15,9.5,17.15,14.16,21.76,15.75,13.83,16.31,17.15,-1.79,-7.93,7.39,2.02,4.55,-2.87
2011,11,21,201111,1.92,8.37,4.74,11.63,9.06,7.39,9.62,0.41,-3.52,-6.34,-0.67,7.69,15.01,12.98,19.09,17.15,21.95,18.07,16.51,15.09,17.28,-0.05,-3.64,8.25,3.19,4.8,-0.93
2011,11,22,201111,-2.54,2.72,0.65,9.51,6.47,8.82,9.77,1.05,-0.79,-3.06,3.17,10.14,13.92,12.2,19.14,17.83,22.12,18.36,17.15,15.47,16.27,0.39,-1.46,6.3,2.56,5.75,3.53
2011,11,23,201111,-0.84,5.6,2.45,12.55,8.81,6.63,8.09,2.72,0.02,-0.38,5.21,6.8,13.98,11.89,18.39,17.5,21.93,14.52,12.63,11.47,12.27,1.01,0.89,7.42,3.42,7.2,5.9
2011,11,24,201111,-2.96,1.27,0.52,5.01,2.86,7.01,5.5,3.89,2.07,2.58,7.09,8.35,5.88,4.63,10.15,8.07,17.37,9.29,7.94,10.61,11.71,1.85,1.19,7.76,4.1,7.34,2.88
2011,11,25,201111,0.55,4.34,3.81,6.44,4.8,8.9,7.11,6.19,5.41,3.45,8.18,9.69,6.64,6.09,9.08,7.36,16.53,9.22,8.06,11.49,13.34,2.08,0.26,8.17,4.42,6.82,1.8
2011,11,26,201111,3.77,7.1,5.75,7.58,6.2,10.76,8.81,7.65,7.41,2.36,6.22,11.51,7.7,7.46,13.42,9.11,19.12,13.09,10.85,14.49,14.25,-3.01,-4.75,5.43,1.45,7.37,1.11
2011,11,27,201111,3.14,7.33,6.81,8.81,7.96,7.19,11.89,7.29,1.72,-2.5,-1.2,4.46,11.27,10.23,17.23,14.03,19.63,14.54,13.89,6.97,5.2,-4.74,-2.9,4.26,0.01,8.2,4.14
2011,11,28,201111,6.49,11.1,10,12.51,12.03,2.01,6.95,1.08,-1.84,-1.38,0.69,0.71,13.53,12.8,16,16,18.8,7.69,7.54,2.78,3.52,0.35,0.45,5.69,2.4,8.38,3.69
2011,11,29,201111,6.99,12.49,11.01,14.39,13.28,2.34,7.24,1.54,-1.54,-1.76,1.87,0.67,12.27,12.19,7.04,10.77,14.59,4.75,3.73,3.52,6.32,-0.01,-0.81,6.77,2.98,8.34,1.91
2011,11,30,201111,9.18,10.12,7.22,8.1,4.66,-1.92,1.11,-0.63,-3.68,-2.16,0.96,-1.34,4.05,3.47,5.41,5.18,12.36,3.6,2.16,3.28,6.27,-0.23,-0.29,6.5,2.06,7.13,1.94
2011,12,1,201112,2.24,2.94,0.18,4.12,0.98,-1.43,-0.5,-0.28,-1.12,-3.28,0.65,0.4,3.11,2.16,4.74,4.7,10.07,3.08,2.09,4.3,8.15,-1.94,-4.22,5.01,0.15,4.11,-0.54
2011,12,2,201112,-0.66,1.78,0.66,3.43,1.02,0.58,0.62,-1.34,-4.8,-5.14,-3.02,1.24,3.66,2.71,6.48,4.8,13.45,4.89,3.82,6,10.33,-5.62,-5.48,4.3,-2.14,3.4,-0.82
2011,12,3,201112,-0.41,1.93,-0.13,2.86,0.38,4.4,2.15,-0.67,-1.26,-2.59,1.41,6.74,3.52,2.92,7.55,5.75,15.36,7.18,6.46,10.08,13.19,-5.01,-6.63,2.47,-2.65,2.23,-3.07
2011,12,4,201112,0.08,2.72,1.38,4.72,2.2,8.59,5.83,3.53,0.93,-4.52,-2.15,8.06,4.84,4.81,10.83,7.65,18.11,11.14,8.54,11.84,10.99,-9.41,-7.64,-0.4,-4.73,0.82,-1.83
2011,12,5,201112,3.92,6.36,5.17,7.89,6,2.96,7.94,1.96,-2.13,-8.24,-5.9,0.65,9.36,9,16.19,12.77,20.02,14.53,12.66,7.42,5.91,-12.38,-11.38,-1.7,-5.66,1.24,-2.92
2011,12,6,201112,6.92,10.88,7.18,12.39,10.08,0.96,4.27,-1.73,-5.44,-10.87,-8.61,-2.16,13.95,11.96,17.9,16.39,20.56,11.65,9.36,2.16,0.78,-14.61,-9.93,-3.61,-8.2,0.72,-2.21
2011,12,7,201112,5.56,11.66,4.66,14.06,7.96,-0.83,1.38,-2.65,-6.87,-6.78,-6.02,-2.89,13.99,10.14,14.28,16.48,19.08,6.02,5.65,0.24,-0.52,-8.47,-6.39,-2.16,-5.9,1.97,-1.01
2011,12,8,201112,0.67,3.96,0.02,5.69,0.27,-1.42,-0.9,-2.55,-6.25,-6.49,-2.31,-2.11,3.59,1.42,3.8,5.8,10.44,1.5,0.61,0.63,2.19,-6.35,-7.13,-0.8,-3.68,2.7,-1.79
2011,12,9,201112,-1.34,1.16,-0.55,2.82,0.03,-1,0.06,-4.35,-9.52,-11.32,-3.52,-0.81,2.53,1.61,5.16,4.49,14.81,2.96,1.94,2.21,5.24,-7.49,-7.19,0.09,-3.47,3.3,-1.71
2011,12,10,201112,0.44,2.72,-1.05,3.68,-0.71,-5.33,-3.85,-6.69,-11.96,-10.13,-3.65,-2.89,2.76,0.92,7.92,7.43,16.2,2.18,0.44,2.77,6.2,-6.34,-5.36,0.66,-3.36,3.53,-2.14
2011,12,11,201112,-4.86,-2.23,-3.77,-0.76,-3.43,-3.08,-4.26,-3.41,-5.43,-4.82,-1.54,-0.7,-0.41,-1.85,4.56,2.6,15.82,0.94,-0.4,2.29,5.65,-5.61,-5.1,1.4,-3.06,3.04,-2.29
2011,12,12,201112,-1.99,-0.67,-2.23,0.01,-2.69,-1.22,-2.2,-0.6,-1.41,-5.31,0.24,1.01,0.21,-0.45,6.9,4.25,16.72,4.15,2.27,3.97,7.74,-4.89,-6.21,3.42,-1.45,2.47,-3.29
2011,12,13,201112,-1.43,-0.12,-1.9,0.59,-1.44,2.14,0.68,0.79,-0.16,-6.04,0.14,3.62,4.25,2.63,10.23,8.27,17.7,8.65,7.33,8.57,12.94,-2.72,-6.5,4.02,0.54,2.96,-4.16
2011,12,14,201112,-0.32,1.5,1.03,2.19,1.47,7.06,4.33,1.54,0.78,-3.23,4.82,9.64,5.64,4.96,12.28,9.32,17.18,11.93,10.97,13.65,16.22,-2.47,-6.01,2.75,-0.52,2.74,-2.81
2011,12,15,201112,1.04,3.81,3.86,6.87,5.3,10.03,10.88,5.16,0.84,-3.99,1.74,10,8.9,8.63,13.79,11.88,17.93,15.07,13.48,13.84,12.66,-5.19,-5.83,1.62,-2.44,3.38,-0.9
2011,12,16,201112,4.03,7.13,3.91,8.24,4.49,-0.48,1.55,-1.48,-5.92,-7.02,-1.6,0.42,10.43,7.07,16.31,14.97,18.92,12.11,8.74,7.64,8.41,-6.41,-5.65,1.53,-3.08,3.2,-0.06
2011,12,17,201112,-3.02,0.94,-1.54,2.26,-0.65,-1.02,-1.44,-3.49,-4.85,-5.01,-0.09,0.4,3.87,1.12,13.57,10.9,18.85,5.91,2.24,4.96,7.19,-4.32,-4.14,2.79,-2,3.91,0.84
2011,12,18,201112,-9.25,-4.25,-6.23,-0.97,-2.44,0.05,-0.49,-1.81,-3.91,-2.53,1.7,2.21,1.2,-0.1,5.43,4.7,13.72,3.44,2.08,5.29,8.78,-2.2,-2.76,4.48,-0.02,4.71,0.84
2011,12,19,201112,-7.69,-4.56,-2.53,0.2,-0.35,3.84,1.72,0.26,-1.74,-2.92,2.61,6.05,2.11,1.54,6.63,4.15,13.28,5.98,5.07,9.2,12.49,-2.2,-4.2,2.97,0.11,3.79,-0.62
2011,12,20,201112,-3.01,1.17,-0.56,5.15,2.36,3.74,3.82,-2.32,-4.84,-5.37,-1.07,6.35,6.26,5.99,12.03,9.48,17.23,11.13,8.76,11.66,9.73,-5.73,-5.25,2.63,-1.97,3.43,-0.56
2011,12,21,201112,-4.01,1.07,-0.02,7.26,4.99,5.35,8.71,-0.43,-3.81,-2.89,-0.9,5.67,11.39,10.16,15.7,14.55,19.52,14.64,13.24,7.91,6.02,-5.62,-4.55,2.89,-2.43,3.87,-1.8
2011,12,22,201112,2.86,8.08,4.17,10.73,7.41,2.67,5.79,-0.32,-3.67,-5.63,-0.79,2.78,13.52,11,16.57,16.9,20.32,12.31,10.53,7.55,8.02,-6.72,-8.15,1.33,-4.41,1.53,-4.61
2011,12,23,201112,0.23,4.94,1.89,8.56,4.43,-0.28,2.89,-3.2,-7.4,-6.06,-4.17,-0.26,11.88,7.7,16.01,16.57,20.08,9.7,8.21,5.55,5.62,-10.51,-8.38,-1.67,-5.56,0.53,-3.59
2011,12,24,201112,-7.29,-2.23,-5.08,1.93,-0.62,-0.83,0.51,-2.11,-5.45,-4.69,-2.11,-0.52,4.76,2.58,10.38,9.21,19.16,5.74,3.7,4.19,4.68,-8.21,-6.24,-1.28,-5.15,1.57,-0.73
2011,12,25,201112,-9.83,-3.89,-3.55,1.24,-0.11,0.12,0.7,-0.89,-3.31,-2.41,-0.66,0.86,3.01,1.75,11.02,6.36,19.35,6.76,4.63,5.58,4.66,-6.52,-4.15,-0.24,-4.3,2.22,-0.06
2011,12,26,201112,-2.51,1.11,-0.01,3.3,1,0.01,0.31,-0.89,-3.52,-1.18,0.19,0.85,2.91,1.59,10.54,6.72,19.23,6.78,3.55,6.45,5.18,-5.26,-3.77,1.08,-3.61,2.76,-0.44
2011,12,27,201112,-2.52,0.49,-0.34,3.48,0.53,1.6,1.16,-0.21,-2.15,-2.58,-0.04,2.16,3.55,2.42,11.3,7.51,18.72,8.15,6.09,6.21,4.54,-5.11,-4.45,2.09,-2.36,3.35,0.81
2011,12,28,201112,2.3,4.62,-0.24,6.52,1.05,-0.89,-0.52,-5.54,-7.46,-3.78,0.39,1.17,4.24,2.36,6.71,6.75,12.54,4.68,2.93,4.58,5.81,-4.52,-1.82,2.82,-0.78,5.59,4.69
2011,12,29,201112,-8.89,-4.32,-7.93,-1.18,-3.23,1.47,0.05,-3.15,-3.62,-0.9,3.06,3.08,0.8,-0.37,5.12,3.79,10.31,5.34,3.29,6.64,7.97,-0.48,0.82,4.4,1.82,7.61,4.7
2011,12,30,201112,-9.2,-1.64,-2.75,2.65,1.11,4.32,3.09,-0.44,-3.27,-0.71,4.77,6.94,3.02,2.96,7.79,5.4,13.04,9.96,7.34,9.74,9.61,-0.45,-0.58,6.57,3.27,8.41,4.34
2011,12,31,201112,-1.37,3.51,1.27,6.68,3.69,3.58,4.92,0.13,-2.78,-0.66,3.8,4.72,7.57,6.23,13.07,11.41,17.54,10.42,7.4,9.01,11.09,-0.64,-1.65,6.66,2.28,6.24,-0.89
2012,1,1,201201,-0.03,3.32,1.54,6.26,3.36,3.91,3.8,0.37,-1.41,-2.73,1.69,5.24,6.13,5.24,12.04,8.78,17.45,11.68,8.24,9.76,9.99,-5.42,-5.91,5.37,0.11,6.35,-0.16
2012,1,2,201201,1.27,3.99,0.3,4.13,-0.19,-3.25,-2.36,-3.93,-7.99,-8.37,-3.1,-1.9,2.43,0.33,6.92,6.5,14.92,2.84,0.44,2.73,4.55,-4.18,-3.87,5.22,0.11,6.46,1.15
2012,1,3,201201,-6.05,-2.76,-7.42,-1.86,-5.25,-6.79,-5.94,-8.03,-11.2,-7.97,-1.69,-4.75,-3.87,-4.8,-1.8,-2.18,5.09,-2.66,-4.93,0.2,4.02,-1.79,-0.61,6.12,1.18,7.09,2.66
2012,1,4,201201,-14,-9.9,-11.7,-6.99,-8.32,-2.91,-4.92,-4.78,-7.12,-2.62,2.25,-0.39,-5.41,-6.15,-2.25,-3.49,2.5,-0.85,-2.59,3.24,7.07,-1.93,-0.82,6.49,1.86,7.62,3.67
2012,1,5,201201,-7.55,-4.05,-4.34,-1.35,-2.86,-0.14,-1.42,-1.84,-3.48,0.25,3.95,2.19,-0.22,-1.25,3.43,0.78,7.5,5.38,0.98,7.18,9.06,-1.07,0.49,5.4,1.69,7.49,3.52
2012,1,6,201201,-7.03,-0.66,-1.76,1.56,0.12,3.16,1.53,0.61,-0.57,1.58,4.86,5.52,2.99,1.8,7.26,4.66,12,7.79,4.49,9.19,10.32,-0.77,-2.04,5.84,1.71,6.51,-0.41
2012,1,7,201201,-1.84,2.87,1.19,4.46,2.64,2.64,2.51,0.27,-1.86,-2.31,0.82,4.49,6.2,5.19,10.64,7.88,14.36,12.09,9.99,10.72,10.01,-3.62,-4.48,5.61,0.66,5.24,-0.6
2012,1,8,201201,-0.98,2.09,-0.1,3.6,0.28,0.87,0.47,-1.41,-3.21,-3.05,1.02,2.7,6.63,2.99,12.87,11.28,16.01,11.04,8.25,9.93,9.86,-5.24,-5.26,2.97,-0.96,4.11,0.23
2012,1,9,201201,-5.65,-1.8,-3.09,0.06,-1.39,1.77,0.95,-1.25,-1.78,-0.7,0.54,3.07,3.45,0.87,14.57,10.95,17.31,12.23,8.94,9.65,10.01,-5.59,-2.51,1.42,-1.12,4.88,1.08
2012,1,10,201201,-3.06,-0.6,-0.87,1.53,-0.16,1.96,1.39,-0.38,-1.05,0.54,2.53,2.89,4.53,1.89,15.04,11.5,17.96,12.51,9.5,9.3,7.42,-2.74,-1.67,3.38,-0.08,5.66,1.48
2012,1,11,201201,-6.41,-0.29,-0.84,2.46,0.26,3.24,2.41,0.36,-0.24,-1.67,1.57,4.31,4.5,2.4,15.2,11.63,18.76,11.84,11.43,8.34,7.51,-4.33,-6.53,4.32,-0.04,4.91,-2.79
2012,1,12,201201,-4.92,1.11,0.36,8.09,3.95,-0.99,3.49,0.1,-4.57,-11.71,-6.72,-2.45,8.94,6.94,11.7,11.42,17.3,8.12,6.72,2.83,4.47,-10.85,-9.74,2.36,-2.85,4.09,-3.6
2012,1,13,201201,-1.61,2.5,-0.35,4.88,-0.5,-7.22,-5.18,-4.18,-8.67,-11.54,-5.5,-6.46,1.7,-1.03,2.75,4.27,12.23,-1.62,-3.3,-1.36,1.96,-8.33,-6.68,1.29,-2.99,3.85,-2.16
2012,1,14,201201,-6.45,-2.99,-7.21,-1.94,-5.19,-7.23,-5.95,-7.96,-10.22,-7.76,-1.29,-3.98,-3.05,-4.91,0.53,-0.42,7.34,-0.27,-1.74,1.87,4.18,-5.24,-4.24,2.09,-1.43,4.33,-0.52
2012,1,15,201201,-16.61,-10.59,-14.03,-4.35,-6.85,-4.43,-5.2,-6.87,-7.35,-4.41,1.03,-1.44,-1.86,-3.9,2.52,1.03,7.92,1.72,-0.4,4.31,6.8,-2.5,-3.33,3.9,-0.21,3.51,-2.46
2012,1,16,201201,-14.32,-10.62,-11.23,-5.5,-5.76,0.67,-2.04,-3.13,-4.16,-6,1.85,5.1,-1.85,-2.76,4.36,1.21,10.64,5.5,2.83,11.42,13.6,-2.44,-7.93,5.91,0.08,1.73,-5.32
2012,1,17,201201,-4.42,-0.19,-1.17,2.41,1.69,4.05,5.46,-1.14,-5.9,-11.03,-4.25,4.48,5.33,4.87,11.4,8.82,16.28,12.93,10.85,12.87,13.84,-8.14,-12.04,4.07,-2.49,-0.8,-4.17
2012,1,18,201201,-2.03,1.18,-2.59,3.9,0.02,-6,-2.68,-6.49,-12.13,-13.32,-5.73,-4.55,5.45,2.38,12.39,10.92,17,5.36,1.5,2.12,6.2,-7.57,-10.06,3.63,-1.42,1.67,-2
2012,1,19,201201,-12.72,-6.62,-8.89,-2.99,-4.83,-4.88,-3.23,-7.29,-14.39,-18.53,-4.75,-2.66,-0.76,-2.29,4,3.01,13.05,2.92,0.72,4.13,9.61,-1.57,-6.42,4.85,1.6,4.16,1
2012,1,20,201201,-8.27,-2.98,-6.72,-1.07,-5.16,-8.17,-6.39,-12.21,-18.27,-17.08,-5.23,-3.69,1.65,-0.52,7.39,5.12,14.18,9.17,5.36,9.7,12.9,0.42,-4.25,5.15,2.83,5.68,1.36
2012,1,21,201201,-12.73,-6.73,-8.53,-2.07,-5.05,-3.72,-3.99,-9.56,-13.19,-14.03,-5.49,-2.24,4.46,0.55,13.69,11.25,17.23,12.56,9.65,8.7,11.21,-1.31,-2.19,5.45,3,6.88,2.12
2012,1,22,201201,-12.97,-6.69,-8.83,-2.85,-7.35,-1.94,-4.38,-6.62,-7.26,-6.56,0.38,2.21,1.67,-0.78,14.63,9.36,18.07,11.81,7.62,10.3,12.32,-0.86,-2.82,3.91,0.77,3.05,-1.22
2012,1,23,201201,-6.1,-2.28,-2.62,1.66,-0.72,4.33,5.48,0.48,-2.52,-5.92,1.25,6.08,4.42,4.56,15.26,9.05,19.28,15.45,12.85,11.39,10.61,-4.92,-5.02,2.96,0.11,4.94,-0.12
2012,1,24,201201,2.5,4.87,1.91,6.5,2.29,0.02,1.78,-2.33,-6.08,-7.88,0.73,2.11,8.34,5.8,14.83,13.53,19.71,9.13,6.78,7.65,10.37,-3.03,-5.15,4.84,0.93,4.62,-1.57
2012,1,25,201201,-1.17,1.02,-1.42,3.11,-0.37,-0.74,0.04,-3.9,-6.43,-5.22,1.81,2.13,4.72,2.92,12.59,9.11,20.1,9.6,4.96,9.97,12.55,-4.3,-3.37,2.56,1.49,7.13,2.65
2012,1,26,201201,-4.78,-0.27,-1.82,2.73,0.68,1.23,2.8,-1.36,-3.8,-1.97,2.77,3.6,7.74,6.06,15.96,11.65,20.06,14.6,11.56,10.6,9.34,-1.63,-1.64,4.95,2.61,8.83,2.21
2012,1,27,201201,-2.39,3.51,1.77,9.37,5.8,0.87,3.74,-0.52,-3.94,-3.6,1.99,2.56,11.59,9.53,14.89,14.85,19.47,10.35,8.48,7.47,9.1,-1.77,-4.03,6.55,1.94,7.18,-2.93
2012,1,28,201201,-1.44,1.96,-0.34,3.85,0.6,1.2,1.06,-1.54,-4.24,-5.99,-1.23,2.58,4.85,3.08,8.43,8.15,15.24,6.71,5.16,5.98,8.16,-7.21,-8.01,3.98,-1.7,4.5,-2.68
2012,1,29,201201,-1.89,0.63,-1.28,2.03,-1.09,-0.5,-0.92,-3.95,-8.3,-8.03,-0.12,0.76,1.6,0.28,6.52,5.25,13.49,3.67,1.9,3.9,5.77,-4.39,-3.51,3.63,-0.99,4.8,1.47
2012,1,30,201201,-4.12,-0.58,-2.72,0.45,-2.1,0.81,-1.28,-5.48,-7.9,-3.27,4.59,3.96,0.85,-0.46,4.93,3.44,12.25,4.5,3.04,6.38,9.02,-1.42,-0.8,5.03,0.92,6.17,3
2012,1,31,201201,-7.44,-0.39,-1.3,3.42,2.1,6.53,4.31,0,-1.98,-0.05,6.71,9.97,4.29,4.05,7.45,5.99,15.04,7.51,5.99,12.05,13.13,-1.85,-2.06,5.04,1.59,5.85,1.21
2012,2,1,201202,-1.96,4.14,3.23,7.37,7.07,6.98,8.69,1.53,-2.38,-1.29,4.75,9.65,7.93,8.13,12.31,9.97,18.17,13.25,11.22,13.92,13.95,-3.03,-3.09,5.23,1.75,6.44,1.87
2012,2,2,201202,-2.63,2.49,0.04,6.23,3.62,4.61,5.25,0.3,-1.9,-1.34,4.56,6.88,10.73,8.42,15.28,13.63,19.62,14.17,11.73,12.7,13.84,-2.38,-2.2,4.58,0.79,5.31,-0.09
2012,2,3,201202,-7.1,-1.49,-2.85,1.72,-0.13,4.44,3.67,-0.22,-1.84,-1.89,4.51,6.01,4.57,3.28,11.37,8.08,18.72,10.98,7.12,14.27,15.97,-3.2,-4.37,2.42,-0.73,4.06,-0.25
2012,2,4,201202,-5.5,-0.54,-1.45,2.64,0.85,5.44,3.12,-1.87,-2.05,-2.71,1.69,8.7,3.46,2.99,14.12,7.29,19.37,13.52,10.79,13.71,12.65,-5.57,-5.26,2.93,-1.24,4.13,-0.6
2012,2,5,201202,-9.16,-3.36,-3.79,2.21,-0.2,3.2,1.93,-1.83,-2.87,-3.46,-1.52,4.43,5.62,3.48,16.24,12.69,19.93,13.23,12.02,7.29,6.42,-7.09,-4.76,3.95,-1.54,4.35,-0.47
2012,2,6,201202,-4.33,-1.42,-1.11,1.72,-0.11,1.64,0.78,-1.42,-2.85,-3.65,-1.63,2.45,2.4,1.54,13.42,7.99,19.96,8.69,7.83,5.76,5.36,-6.24,-5.07,4.1,-1.13,4.78,-0.41
2012,2,7,201202,-2.49,0.86,-1.15,2.47,-0.08,1.1,0.46,-2.96,-4.52,-7.41,-1.4,2.89,4.16,2.35,12.09,9.16,18.83,7.4,5.31,6.85,7.93,-6.69,-6.53,4.04,-0.39,6.26,-0.09
2012,2,8,201202,-8.97,-2.35,-5.17,1.38,-1.34,0.2,-0.28,-5.17,-7.76,-9.37,-4.59,1.88,2.85,1.38,10.08,6.83,16.67,7.88,5.58,6.46,7.17,-7.29,-6.17,6.61,0.54,6.87,1.16
2012,2,9,201202,-5.38,-0.64,-2.86,1.71,-1.69,-1.68,-2.11,-4.07,-6.81,-7.63,-3.41,0.26,1.67,-0.37,6.55,5.02,14.48,5.13,3.4,5.12,7.26,-3.7,-3.42,6.71,2.6,7.81,3.08
2012,2,10,201202,-3.75,0.02,-2.23,1.3,-2.06,-0.03,-1.35,-4.41,-6.67,-11.73,-3.25,1.27,1.96,0.37,7.66,5.27,15.87,4.66,3.23,6.24,9.48,-4.82,-4.03,6.91,2.72,8.34,3.7
2012,2,11,201202,-3.04,0.52,-2.57,2.47,-1.48,-6.69,-3.98,-8.72,-13.93,-16.83,-10.97,-7.17,2.82,-0.12,7.29,6.97,15.27,2.67,-0.13,-0.05,4.79,-5.61,-5.01,7.37,2.25,7.3,3.24
2012,2,12,201202,-11.35,-5.49,-9.06,-2.63,-6.79,-7.8,-7.17,-6.91,-12.3,-13.84,-9.93,-7.36,-5.36,-6.53,-2.6,-3.23,4.78,-3.44,-5.27,-3.31,0.31,-5.54,-3.85,6.17,0.69,5.44,1.14
2012,2,13,201202,-11.86,-5.1,-5.56,-1.61,-5.02,-4.17,-4.94,-5.25,-8.82,-8.4,-3.63,-2.5,-3.02,-4.03,-1,-1.26,4.95,-1.64,-2.75,0.24,3.65,-3.44,-2.32,5,0.37,5.13,1.41
2012,2,14,201202,-6.62,-1.03,-2.96,0.85,-1.83,0.17,-0.59,-1.92,-3.56,-4.82,-1.08,0.61,1.43,0.43,4.62,3.6,13.48,5.08,2.6,4.37,9.56,-3.15,-2.65,4.42,1.05,3.07,0.13
2012,2,15,201202,-1.8,1.42,-0.1,4.38,1.03,0.45,-0.02,-0.85,-2.43,-3.53,1.05,2.35,4.67,2.9,10.77,8.28,18.37,8.39,6,9.45,13.05,-3.58,-4.31,2.43,0.11,3.08,-1.34
2012,2,16,201202,-0.25,1.88,-0.44,3.24,0.9,3.36,2.86,0.14,-1.15,-3.11,0.45,4.72,5.53,4.47,14.31,9.88,19.21,12.67,10.1,10.74,10.85,-4.44,-5.28,3.88,-1.04,2.62,-1.03
2012,2,17,201202,0.73,3.87,1.28,6.21,2.35,2.46,1.33,-1.03,-2.48,-2.84,0.96,4.42,6.58,4.84,14.84,11.17,19.46,10.58,7.23,9.79,10.88,-4.41,-4.07,4.32,-0.09,5.03,1.47
2012,2,18,201202,-0.76,1.36,-0.79,2.83,0.54,1.48,1.45,-1.66,-3.1,-4.12,0.29,3.9,5.41,3.1,14.1,10.21,19.71,10.42,8.17,10.09,10.88,-5.14,-3.76,3.97,0.87,5.62,1.64
2012,2,19,201202,-3.12,0.67,-1.74,2.64,-0.44,-0.67,-1.01,-3.71,-4.79,-3.53,-0.45,1.75,3.9,1.63,14.31,9.78,20.48,8.92,6.16,7.57,8.55,-3.99,-3.66,4.49,-0.01,3.61,-0.79
2012,2,20,201202,-6.85,-1.65,-3.93,1.35,-1.77,-0.56,-1.62,-3.44,-3.57,-1.6,2.34,1.91,1.26,0.3,7.94,4.77,14.46,4.37,2.66,7.44,10.13,-4.9,-5.46,2.75,-1.27,3.82,-0.23
2012,2,21,201202,-6.25,-2.35,-3.36,1.15,-0.89,3.57,1.84,-2.23,-1.23,-0.86,1.66,5.7,0.82,1.09,8.13,4.53,14.24,8.77,6.9,9.54,11.16,-5.62,-3.26,3.76,-0.13,5.77,3.41
2012,2,22,201202,-0.76,3.37,1.52,6.51,3.73,3.96,4.76,-0.21,-1.67,-1.18,3.78,5.6,6.34,5.71,12.67,11.2,17.25,11.52,8.56,11.6,13.67,-0.82,0.99,5.96,3.23,8.49,5.59
2012,2,23,201202,1.08,5.17,2.15,8.21,5.25,5.89,5.46,-1.14,-1.59,-0.94,5.61,9.47,10.12,8.3,17.67,15.26,20.64,16.38,14.63,13.79,14.47,-1.01,-2.21,7.66,3.75,8.41,0.44
2012,2,24,201202,-0.95,1.39,0.24,6.59,5.14,3.65,5.49,-1,-1.84,-3.25,0.8,4.48,12.9,9.86,18.73,17.73,21.01,13.87,11.2,9.2,10.29,-7.07,-5.19,5.89,0.35,7.48,0.71
2012,2,25,201202,-0.58,1.93,-1.09,3.93,0.08,-1.79,-1.26,-2.4,-5.04,-6.66,-0.04,0.2,2.57,0.83,7,6.75,15.59,4.07,2.42,4.88,6.02,-3.95,-3.27,6.34,1.17,6.83,1.12
2012,2,26,201202,-5.8,-2.72,-5.74,-0.13,-2.2,-0.3,-1.03,-3.34,-4.01,-4.66,2.87,2.9,-0.13,-0.79,5.73,2.91,13.41,4.67,2.64,6.94,8.12,-3.84,-5.92,6.1,0.54,3.28,-2.1
2012,2,27,201202,-7.66,-0.91,-2.61,2.86,0.59,2.43,2.16,-1.3,-2.21,-6.16,0.92,4.51,3.23,3.25,10.5,6.98,17.93,9.13,6.48,10.2,12.75,-5.06,-7.37,6.23,1.08,3.2,-2.98
2012,2,28,201202,-2.7,2.36,-0.73,4.03,0.6,1.36,0.82,-2.85,-3.19,-5.09,4.86,4.76,5.96,3.85,14.72,11.33,20.1,12.37,9.39,14.54,16.6,-0.6,-5.07,4.74,1.72,2.16,-3.28
2012,2,29,201202,-5.85,0.24,-1.63,4.65,2.31,9.82,8.4,-0.7,-0.18,-2.4,5.69,12.62,8.07,7.53,17.94,13.68,20.58,17.57,15.82,16.87,15.79,-3.46,-4.84,2.03,-0.05,3.22,-1.04
2012,3,1,201203,-5.31,1.26,0.35,7.83,5.47,4.22,6.24,0.12,-0.51,-2.24,3.81,6.07,13.21,10.17,19.29,17.79,21.58,16.33,13.14,13.41,14.88,-2.11,-4.42,4.09,0.81,3.52,-1.71
2012,3,2,201203,-5.95,-1.11,0.2,5.72,3.67,6.3,5.64,0.57,-0.15,-2.47,2.84,8.43,7.67,6,19.54,14.97,21.33,17.23,14.16,15.14,15.62,-6.02,-6.8,3.26,-1.2,3.2,-2.13
2012,3,3,201203,-1.59,1.52,2.04,7.92,5.32,1.82,4.34,-0.44,-2.05,-4.17,0.1,2.25,11.38,8.42,17.57,16.61,21.72,12.2,9.23,8.36,9.87,-8.29,-5.53,0.44,-2.42,4.63,1.68
2012,3,4,201203,-0.52,1.49,-1.03,3.98,0.38,-0.12,-0.16,-5.73,-4.62,-4.69,3.23,2.11,4.51,2.03,8.29,8.4,15.8,5.64,3.46,6.39,7.52,-2.52,-0.73,4.92,1.73,7.92,3.61
2012,3,5,201203,-5.2,-2.08,-6.4,0.87,-2.6,-0.21,-1.21,-6.88,-5.63,-3.54,5.2,3.27,0.75,-0.66,6.3,4.17,11.42,6.04,4.23,9.8,11,0.45,0.25,8.22,4.6,9.24,3.58
2012,3,6,201203,-7.49,-5.45,-6.27,-0.84,-2.38,3.93,1.1,-1.88,-1.42,0.56,8.95,7.73,0.55,-0.56,6.09,3.03,13.32,6.56,4.6,11.65,13.25,1.7,0.63,9.24,4.82,6.92,-0.86
2012,3,7,201203,-2.78,0.55,1.11,3.94,3.12,10.86,7.55,4,4.05,1.4,10.36,14.03,4.88,4.9,12.31,8.15,18.24,11.5,9.24,15.99,16.63,1.31,-4.09,5.6,0.69,1.74,-3.04
2012,3,8,201203,4.32,7.86,6.84,10.73,9.28,9.66,11.03,4.72,0.67,-1.7,3.68,10.4,12.13,11.03,16.23,14.4,19.97,16.02,14.38,15.97,16.86,-2.54,-3.91,1.82,0.05,3.5,0.83
2012,3,9,201203,2.72,6.65,2.33,9.15,4.42,1.62,1.82,-2.32,-4.07,-2.92,3.09,3.72,10.81,7.08,17.09,15.13,20.62,11.54,7.8,8.75,7.69,-2.1,-0.45,4.73,0.25,6.53,3.54
2012,3,10,201203,-2.98,0.1,-3.09,0.83,-2.23,2.43,0.08,-3.3,-0.64,1.95,5.72,5.2,2.56,0.78,10.68,6.76,19.74,6.82,4.39,8.01,7.02,0.1,1.58,5.6,1.98,7.46,4.39
2012,3,11,201203,-1.14,1.19,1.01,3.03,2.35,6.22,4.96,3.42,4.99,5,7.42,6.79,4.1,4.44,10.53,6.73,18.7,10.66,7.6,11.55,10.67,1.7,2.53,6.36,3.16,6.82,3.35
2012,3,12,201203,3.14,6.49,5.5,7.33,6.43,13.94,11.17,5.86,7.4,7.05,10.27,13.86,8.67,8.44,16.03,11.48,19.87,16.51,14.58,15.93,14.15,2.5,1.88,7.25,4.2,6.09,0.62
2012,3,13,201203,5.72,10.47,9.76,12.96,12.4,14.22,14.9,8.04,6.91,6.6,12.17,15.05,14.96,14.14,18.03,16.1,20.05,18.47,17,17.39,17.03,3.5,3.07,7.86,5.56,6.78,2.47
2012,3,14,201203,4.31,10.35,7.69,13.58,11.11,16.4,14.72,7.26,9.02,8.85,13.64,18.13,15.88,14.68,19.76,17.49,20.29,19.41,18.66,20,19.31,3.86,2.61,8.11,6.48,7.65,0.36
2012,3,15,201203,1.14,5.4,6.35,10.5,11.85,19.66,17.69,12.38,10.91,7.81,14.55,19.66,15.77,14.67,20.35,18.43,20.41,19.79,19.07,20.43,19.52,4.1,4.01,8.99,7.08,8.88,4.77
2012,3,16,201203,0.95,4.68,8.27,8.79,12.52,19.06,17.83,11.74,10.92,10.57,16.41,19.78,15.55,14.2,20.24,18.56,20.56,19.28,18.4,20.09,19.68,5.67,5.63,10.05,7.78,9.34,4.17
2012,3,17,201203,3.83,7.68,9.72,11.3,13.75,19.02,17.39,13.73,15.76,13.73,17.35,19.64,15.27,14.65,20.02,18.72,20.22,19.25,18.42,20.22,19.82,6.11,5.17,9.49,7.22,7.1,2.15
2012,3,18,201203,7.32,9.37,11.23,10.38,13.17,19.56,18.22,14.89,16.01,14.44,17.46,19.45,14.92,14.71,20.47,18.29,20.36,19.82,19.11,20.47,19.7,5.33,4.2,6.89,4.54,2.64,-0.07
2012,3,19,201203,9.76,12.97,13.74,12.59,14.83,19.9,18.69,15.65,16.26,14.84,15.89,19.91,15.78,15.44,20.15,18.61,20.22,19.44,18.73,20.18,18.99,-0.1,0.23,1.25,-0.08,1.11,-1.51
2012,3,20,201203,10.03,13.11,14.73,14.34,15.94,19.55,19.04,16.42,16.42,10.78,9.83,18.29,17.59,16.72,19.9,19.17,20.27,19.58,18.82,17.83,14.12,-2.91,-2.56,1.23,-1.47,3.63,0.78
2012,3,21,201203,12.95,14.49,14.37,14.45,15.75,19.39,19.24,16.91,15.51,9.35,9.82,18.16,17.15,16.7,19.38,18.59,21.05,19.51,18.74,15.22,10.53,-0.89,1.17,5,2.98,7.53,2.28
2012,3,22,201203,13.9,15.69,14.98,15.85,16.19,18.21,18.68,15.95,14.7,11.11,10.98,15.68,17.73,17.12,20.68,19.13,22.19,18.98,18.31,12.65,11.96,2.66,4.13,9.29,6.38,9.79,2.77
2012,3,23,201203,9.84,14.77,13.67,16.92,16.97,16.73,18.34,14.5,13.14,12.01,10.63,13.77,18.43,17.74,21.31,19.59,22.59,18.98,17.77,13.72,14.45,4.74,5.02,10.88,7.83,7.21,1.38
2012,3,24,201203,2.76,8.87,9.68,13.28,14.67,14.2,16.21,11.73,11.31,11.72,12.7,12.98,17.33,16.26,20.22,19.65,22.36,16.29,14.42,14.81,17.07,6.71,4.36,11.13,8.35,7.56,2.55
2012,3,25,201203,3.08,6.33,7.62,10.24,11.14,16.53,14.06,9.46,9.5,7.31,14.82,16.25,13.73,12.74,15.39,16.36,20.74,14.96,13.29,16.7,19.03,8.1,5.03,11.58,9.47,7.37,4.44
2012,3,26,201203,1.19,5.09,3.16,9.72,7.29,12.52,9.68,1.33,2.39,6.46,17.05,17.84,12.88,10.98,15.84,15.37,17.97,16.83,16.43,18.68,19.12,8.57,5.75,9.87,8.01,5.25,4.16
2012,3,27,201203,-5.32,-2.18,-3.22,1.12,-0.13,10.31,4.8,1.47,4.88,9.72,16.15,17.58,5.14,3.46,16.44,10.75,19.55,15.85,14.54,19.59,19.36,5.12,3.49,8.95,6.34,6.33,3.87
2012,3,28,201203,-1.8,2.11,3.7,6.45,6.96,16.34,13.29,7.48,8.38,8.09,14.64,17.99,10.1,10.63,17.04,12.45,19.73,18.15,17.03,19.46,19.37,6.34,4.4,10.43,7.67,7.35,5.24
2012,3,29,201203,0.9,5.94,5.47,11.35,8.61,12.22,9.42,3.76,4.78,8.5,16.66,17.82,14.46,11.63,18.65,18.03,20.77,18.5,18.46,19.84,19.63,6.46,4.71,10.72,7.59,8.38,4.01
2012,3,30,201203,-0.31,2.58,1.14,5.85,4.13,14.51,9.99,2.5,4.95,9.99,15.52,18.55,10.47,8.39,18.82,16.75,21.34,18.86,18.18,19.96,19.72,6.66,5.74,11.5,8.82,10.29,6.28
2012,3,31,201203,-0.42,2.92,2.55,7.06,7.6,13.11,11.96,3.56,6.09,12.56,16.55,18.25,14.03,12.47,20.12,18.77,21.56,20.01,18.6,21.1,20.57,8.77,8.15,12.73,10.36,10.19,5.26
2012,4,1,201204,0.84,3.71,3.32,7.17,6.42,17.13,11.56,7.03,10.9,14.99,18.54,20.92,12.18,10.21,19.31,16.56,21.83,19.67,19.24,22.11,20.78,9.15,7.21,10.76,7.78,5.89,2.88
2012,4,2,201204,1.75,4.71,3.14,7.83,6.25,18.84,13.72,5.36,8.74,13.51,17.82,21.74,13.22,11.62,21.55,17.96,22.16,21.29,20.96,21.55,20,5.16,1.19,5.32,3.47,5.24,1.85
2012,4,3,201204,0.52,2.74,2.23,5.73,5.03,19.36,12.18,6.79,9.57,10.06,12.82,19.46,11.01,9.44,21.62,15.97,21.86,20.3,20.98,20.2,18.35,0.62,1.42,5.45,3.56,8.49,4.93
2012,4,4,201204,2.09,5.8,4.97,9.68,8.98,16.29,14.78,6.58,6.72,7.91,11.18,17.81,16.58,14.23,21.52,19.85,22.4,20.53,19.74,18.97,16.27,2.61,4.67,8.98,5.97,8.14,3.33
2012,4,5,201204,1.46,4.35,2.35,6.58,4.39,10.05,7.64,2.64,3.95,8.33,11.37,13.91,12.53,9.36,21.21,18.88,22.37,18.57,19.15,17.07,16.68,5.61,4.03,10.73,5.92,5.1,0.84
2012,4,6,201204,0.62,3.12,1.61,5.69,3.4,6.53,5.27,2.8,3.13,8.47,10.92,9.15,7.93,6.19,16.97,12.02,21.59,13.52,11.78,15.73,17.85,6.35,2.11,9.22,4.76,3.48,0.53
2012,4,7,201204,0.44,2.59,2.26,5.42,3.71,8.41,6.62,5.83,6.13,7.78,11.24,9.81,6.63,5.72,12.91,9.49,18.36,12.29,9.85,15.41,19.46,2.42,-0.89,7.69,4.85,5.8,1.52
2012,4,8,201204,1.52,4.32,3.86,7.1,5.12,11.66,9.61,6.93,6.96,5.67,8.05,11.82,8.05,7.3,14.34,11.33,17.82,14.66,12.99,16.33,19.18,4.07,1.75,11.14,7.78,8.5,5.04
2012,4,9,201204,4.09,5.91,4.79,8.78,6.03,9.76,8.16,4.88,4.38,4.15,10.45,11.42,9.39,7.99,15.18,12.57,18.61,14.46,11.62,17.19,19.51,6.47,4.19,12.92,10.04,9.53,7.64
2012,4,10,201204,4.74,6.57,4.33,8.15,5.25,5.99,5.19,2.44,-0.53,0.99,9.74,10.3,9.51,7.83,14.48,12.14,19.93,13.88,11.36,18.69,20.06,7.86,5.74,13.16,11.28,9.98,9.04
2012,4,11,201204,5.12,6.52,3.65,6.43,3.14,3.53,3.17,2.95,0.98,1.21,9.15,6.73,4.92,3.67,12.71,9.54,20.02,11.6,6.56,16.95,20.03,9.57,7.35,12.22,11.06,8.7,8.56
2012,4,12,201204,5.53,6.82,4.61,7.12,4.46,6.54,5.41,4.31,5.42,5.94,10,6.61,4.75,4.95,8.79,5.89,18,8.96,5.85,14.34,20.16,7.76,6.81,7.96,7.3,5.95,5.59
2012,4,13,201204,5.54,7.09,5.25,7.6,6.26,8.17,8.34,6.14,6.54,8.59,13.98,12,8.52,7.49,12.01,9.46,18.75,12.41,9.71,17.92,20.39,3.64,3.67,7.01,5.45,6.03,4.45
2012,4,14,201204,6.57,8.28,7.07,9.94,8.19,13.47,11.28,9.72,10.83,10.92,14.67,18.21,10.19,9.65,15.49,12.05,20.28,16.23,14.43,20.92,21.44,4.43,3.65,5.92,5.66,5.01,5.64
2012,4,15,201204,10.31,12.33,11.66,14.54,13.93,19.96,17.82,13.73,14.98,11.92,14.47,19.91,15.83,15.55,20.19,17.82,21.41,19.56,18.06,20.46,19.7,2.12,2.6,4.88,3.92,7.31,4.89
2012,4,16,201204,14.51,17.56,17.11,18.19,17.63,16.57,17.76,14.48,10.73,4.75,8.46,14.64,18.86,17.93,20.32,19.32,21.4,20.55,19.27,17.41,15.95,1.84,1.69,8.64,5.7,9.95,6.23
2012,4,17,201204,14.87,16.43,12.7,17.94,13.57,10.99,11.22,2.48,2.18,5.09,10.74,12.35,17.11,15.04,21.19,19.86,21.44,17.67,14.98,16.04,15.72,4.01,4.82,11.51,8.14,10.79,5.45
2012,4,18,201204,7.18,9.49,5.51,10.6,7.76,12.63,10.63,5.48,8.38,9.62,13.51,13.63,11.85,10.28,19.65,17.98,21.5,14.69,12.43,14.48,16.6,6.88,5.13,12.84,9.45,11.1,5.93
2012,4,19,201204,6.8,9.32,8.4,11.46,10.19,15.32,13.09,9.31,7.67,7.88,14.35,15.26,11.76,11.23,18.82,16.21,22.43,15.6,13.55,16.16,18.04,7.47,5.02,13.19,9.98,12.46,6.1
2012,4,20,201204,10.25,11.96,11.92,12.69,12.64,13.5,14.51,8.13,5.16,6.73,10.16,13.3,13.87,13.62,19.84,16.91,22.86,17.91,16.27,16.18,18.33,5.49,5.79,13.91,10.86,15.15,9.33
2012,4,21,201204,12.06,13.99,11.9,15.55,13.42,8.05,9.99,3.92,3.81,7.88,10.41,8.94,16.46,15.21,20.54,18.57,22.07,16.72,14.82,13.12,14.91,8.2,8.36,15.79,12.45,16.99,10.18
2012,4,22,201204,8.82,12.95,6.37,13.69,7.65,7.97,6.61,3.08,4.78,7.41,10.4,9.83,12.37,9.52,18.21,17.11,20.55,12.58,10.75,13.62,16.19,8.85,9.86,16.79,13.84,17.49,12.81
2012,4,23,201204,6.38,11.69,3.97,11.63,3.51,6.1,5.16,3.81,5.76,9.9,10.54,7.97,6.61,4.86,9.57,9.83,15.97,8.83,6.64,11.25,15.65,10.32,12.77,16.92,14.33,16.46,15.07
2012,4,24,201204,8.37,8.15,2.99,7.18,3.64,9.31,6.07,4.9,8.14,14.31,16.08,11.65,6.11,5.04,8.18,7.87,12.7,8.95,8.58,13.51,17.5,12.24,13.83,15.97,14.38,14.51,13.94
2012,4,25,201204,6.17,7.85,3.39,9.33,5.98,14.59,10.24,6.49,8.64,15.7,19.41,18.61,8.24,7.94,13.45,10.48,15.03,14.77,14.25,19.07,21.2,11.8,12.34,15.11,13.96,13.68,11.17
2012,4,26,201204,5.91,7.01,4.56,9.19,7.97,17.59,14.7,7.34,7.43,10.09,17.91,19.73,14.22,12.67,19.2,17.57,19.19,19.97,19.91,21.69,22.37,12.28,11.49,14.93,13.39,11.79,9.53
2012,4,27,201204,5.96,8.68,4.03,9.92,6.11,8.14,6.64,2.27,3.63,6.65,15.47,13.61,14.23,10.69,20.34,19.51,20.7,18.42,17.65,21.34,21.74,9.12,6.44,11.32,8.47,9.04,4.08
2012,4,28,201204,0.23,3.22,1.13,5.53,2.88,11.16,6.99,3.39,4.56,6.01,12.51,17.13,8.92,6.19,21.04,18.17,22.32,18.78,18.58,20.58,20.97,3.95,1.97,12.62,8.24,10.91,5.46
2012,4,29,201204,0.46,4.31,1.58,7.98,5.29,13.97,10.76,4.94,6.09,8.34,13.04,18.82,12.6,10.56,21.47,19.61,22.81,20.03,20.09,21.02,21.88,4.89,3.41,12.85,9.36,12.72,7.89
2012,4,30,201204,2.15,4.49,3.8,7.52,5.82,17.85,14.73,6.35,9.01,11.04,15.57,19.4,14.64,12.73,22.53,20.06,22.93,21.84,21.2,21.86,22.88,7.41,6.13,13.63,11.07,13.98,8.41
2012,5,1,201205,5.24,7.26,9.18,13.44,13.82,17.17,17.77,10.6,12.39,14.29,18.69,20.41,19.44,18.12,22.5,21.61,23.27,22.52,22.18,22.91,22.93,9.16,7.01,13.87,11.28,12.79,4.29
2012,5,2,201205,6.92,9.1,11.52,13.2,14.79,21.47,20.08,14.1,16.19,16.42,20.54,22.8,20.91,19.05,22.84,22.28,23.8,23.07,22.83,23.26,23.03,10.48,5.56,13.84,10.75,11.36,3.76
2012,5,3,201205,8.73,9.93,14.64,13.14,17.44,23.41,22.86,18.27,19.53,15.83,20.86,23.49,20.92,19.36,22.33,22.11,23.59,22.62,22.52,24.08,23.19,11.12,6.49,13.75,11.04,10.96,5.71
2012,5,4,201205,9.94,12,16.48,16.27,19.26,23.02,21.52,16.33,16.81,15.53,21.81,24.57,20.88,19.55,22.81,22.16,23.6,22.81,21.85,24.77,23.37,11.78,8.71,13.81,10.56,10.52,5.18
2012,5,5,201205,10.94,12.89,13.48,17.45,17.32,22.64,20.72,11.53,12.31,15.72,21.67,24.93,20.31,19.14,23.68,22.43,23.57,23.96,23.16,24,23.39,11.34,6.68,12.96,8.97,9.31,3.12
2012,5,6,201205,8.94,11.83,10.44,14.52,14.7,23.56,19.22,10.37,11.84,15.06,19.99,24.56,18.7,17.91,23.79,21.4,24.09,23.9,23.44,24.44,23.16,8.75,3.26,12.62,8.39,10.5,4.97
2012,5,7,201205,8.55,12.07,10.25,12.8,13.81,21.92,19.94,10.81,14.14,11.97,13.88,21.47,17.4,17.35,22.54,19.74,23.86,23.12,22.2,23.45,22.4,6.12,4.31,12.08,8.62,11.87,8.06
2012,5,8,201205,8.56,10.58,12.75,14.26,15.45,16.18,18.84,12.2,11.24,9.82,11.13,15.64,17.45,16.82,21.55,19.56,23.57,22.18,20.74,19.92,20.42,5.65,6.76,11.3,8.91,12.66,10.62
2012,5,9,201205,11.18,14.53,14.11,17.27,15.01,13.25,14.22,9.58,9.8,10.49,11.98,13.29,17.76,16.08,22.37,20.34,24.35,19.53,17.3,18.05,18.41,7.69,9.63,13.43,11.12,14.41,9.13
2012,5,10,201205,12.34,14.21,10.06,15.21,10.48,12.66,10.91,7.95,10.37,13.51,15.05,13.62,13.28,11.96,17.1,16.34,22.69,15.51,13.75,16.96,18.39,9.81,8.97,15.21,11,13.43,4.13
2012,5,11,201205,8.85,9.57,7.68,10.26,7.93,14.42,11.86,11.26,13.17,12.57,14.78,15.94,11.14,10.05,17.35,15.21,21.67,15.65,14.46,16.79,18.74,8.95,4.2,15.31,9.96,12.92,4.73
2012,5,12,201205,8.87,10.83,10.46,13.09,11.6,16.54,13.96,12.89,13.06,9.74,11.25,16.48,13.15,12.51,19.63,16.38,23.18,17.9,15.95,17.46,18.48,7.02,6.02,14.4,10.45,13.67,8.49
2012,5,13,201205,10.69,15.04,13.55,16,13.8,16.6,15.05,11.75,11.17,11.95,12.43,16.51,16.34,14.88,19.77,17.85,23.14,19.18,17.33,18.08,18.36,7.38,8.34,14.94,11.33,14.89,11.55
2012,5,14,201205,12.74,15.94,13.99,17.52,14.11,15.84,15.75,13,12.87,14.79,14.93,16.27,17.38,15.89,21.01,19.53,24.09,19.33,17.5,18.51,18.58,8,10.42,14.69,11.63,15.14,13.85
2012,5,15,201205,14.14,16.19,15.16,17.74,16.32,16.23,16.7,14.24,15.03,14.58,16.29,16.46,18.46,17.18,22.05,20.75,24.53,19.76,18.61,18.88,18.52,10,11.62,16.04,12.14,14.71,14.02
2012,5,16,201205,15.16,16.09,15.18,19.2,16.47,16.33,15.87,10.19,9.84,12.03,15.48,17.22,19.4,17.66,22.17,21.47,24.23,20.35,19.11,19.97,19.13,10.92,13.01,16.21,12.78,15.96,12.6
2012,5,17,201205,12.52,14.51,9.63,16.31,11.56,14.06,12.66,7.91,10.87,15.47,17.67,16.52,18.29,15.8,22.21,21.47,23.16,20.32,19.64,20.44,19.85,11.37,12.38,16.17,13.15,15.69,9.44
2012,5,18,201205,9.27,11.28,9.87,13.03,10.88,16.84,13.82,12.38,14.84,18.61,19.37,18.63,15.3,14.33,21.36,18.85,23.3,20.83,20.51,21.21,20.94,12.26,10.63,15.91,12.32,12.62,6.66
2012,5,19,201205,12.38,12.83,13.95,13.88,14.3,20.59,18.12,16.3,17.86,17.67,18.7,21.07,14.31,15.05,19.92,17.23,23.38,21.55,21.31,21.91,22.05,9.39,6.84,13.9,10.67,12.79,7.18
2012,5,20,201205,15.74,15.27,17.36,15.67,17.55,22.66,20.25,18.94,19.62,13.87,14.84,21.35,15.79,16.79,18.32,16.55,22.14,21.37,21.27,22.17,21.95,8.55,8.57,15.64,12.63,15.1,10.12
2012,5,21,201205,15.83,15.27,16.74,16.4,16.14,18.06,19.63,16.74,13.34,13.28,14.41,16.7,17.37,17.1,20.24,19.78,22.53,21.89,21.63,21.52,21.99,11.52,11.95,17.21,15.02,16.48,12
2012,5,22,201205,15.66,16.25,16.79,17.6,17.23,14.36,17.24,12.07,12.38,16.6,17.52,14.44,18.66,18.22,21.54,21.42,23.57,20.44,18.38,19.08,22.04,13.78,12.9,17.16,15.05,15.19,9.06
2012,5,23,201205,16.76,17.47,17.24,18.74,17.98,15.98,17.38,13.68,14.59,17.7,20.03,17.03,19.36,18.68,21.48,21.42,23.78,19.66,17.48,20.71,22.74,12.26,8.33,16.33,12.77,13.48,6.36
2012,5,24,201205,17.07,17.9,18.27,19.16,18.74,18.73,19.35,17,16.97,14.91,17.79,20.54,20.15,19.06,23.24,22.37,23.97,21.18,18.86,22.85,23.55,8.59,5.48,15.93,11.49,12.71,6.09
2012,5,25,201205,15.99,17.39,18.65,19.16,19.97,21.94,21.92,18.14,16.42,12.06,16.52,22.65,21.47,20.46,24.27,23.25,24.84,23.45,22.8,24.35,24.22,9.36,5.74,15.72,11.26,10.42,7.29
2012,5,26,201205,18.32,20.51,19.4,21.75,21.79,23.02,23.76,15.59,15.13,12.5,21.19,24.4,22.18,22.35,25.09,23.24,25.3,24.87,24.12,24.82,24.06,12.28,7.06,13.26,10.71,8.84,8.31
2012,5,27,201205,14.15,18.98,16.78,22.09,20.71,25.26,24.53,17.17,18.52,16.62,22.96,23.62,22.67,23.15,24.5,23.17,25.41,25.21,24.58,24.07,23.68,9.25,5.76,9.64,9.82,10.26,8.69
2012,5,28,201205,14.76,19.56,19.88,23.16,22.8,24.11,24.71,21.41,21.17,16.64,18.47,23.09,23.38,23.14,23.52,23.69,24.89,25.27,24.67,23.83,23.49,6.34,6.15,11.91,10.01,12.44,9.68
2012,5,29,201205,15.23,21.27,22.91,24.35,23.34,22.09,23.46,19.06,15.51,11.65,16.42,22.05,23.59,22.94,21.79,23.13,25.51,24.9,24.21,24.14,24.55,8.96,8.09,14,12.23,13.22,9.25
2012,5,30,201205,16.28,20.84,18.83,22.38,19.63,16.32,18.06,11.78,10.74,9.68,16.19,18.05,21.67,20.69,23.06,22.75,26.17,23.83,22.18,24.07,24.41,11.23,9.47,15.07,13.11,14.63,9.6
2012,5,31,201205,16.15,18.37,14.77,19.73,15.91,13.9,15.37,8.66,9.52,10.79,14.99,16.77,19.41,17.59,24.22,22.68,26.37,22.55,21.35,22.81,23.47,10.65,9.78,16.45,14.22,17.02,12.15
2012,6,1,201206,12.13,15,12.52,17.61,15.57,12.08,14.73,9.46,9.9,12.28,12.38,13.21,20.05,18.39,23.37,22.92,25.04,20.82,18.68,18.07,22.23,12.82,12.21,18.79,16.57,19.09,14.2
2012,6,2,201206,12.26,13.73,13.98,18.86,14.21,14.42,13.08,10.55,12.09,15.15,16.48,15.52,16.29,14.34,20.6,20.22,24.65,16.72,15.24,18.39,23.36,14.75,14.04,18.63,17.43,18.18,12.96
2012,6,3,201206,11.73,14.83,12.89,15.68,13.21,18.26,16.15,14.03,14.93,17.34,20.76,19.82,14.81,14.23,19.7,17.39,24.32,20.4,18.09,23.66,24.83,15.14,13.83,17.21,16.22,16.04,10.33
2012,6,4,201206,10.06,11.36,11.15,14.84,13.17,20.03,17.29,13.76,16.36,18.62,22.5,23.62,16.61,15.68,23.54,20.27,25.61,23,22.74,25.32,25.1,15.95,15.02,16.93,16.6,15.86,10.7
2012,6,5,201206,9.7,10.15,10.99,12.93,11.46,17.75,15.2,13.99,16.67,19.31,21.85,21.32,14.7,13.74,23,18.85,25.97,22.77,20.91,25.42,25.67,15.56,15.71,17.16,13.69,11.26,8.47
2012,6,6,201206,10.45,11.69,12.51,14.98,13.44,16.85,15.49,14.39,15.27,19.54,20.49,18,14.24,13.82,21.95,17.47,25.87,21.26,17.63,22.83,25.03,13.99,10.1,15.88,11.41,10.47,5.78
2012,6,7,201206,11.44,13.66,13.86,17.11,14.7,17.62,16.54,15.98,17.05,19.76,20.3,18.32,16.08,15.29,21.28,18.49,25.43,20.14,17.86,21.04,24.02,14.24,8.87,15.89,12.78,13.23,7.92
2012,6,8,201206,13,15.19,14.87,17.81,15.29,18.64,17.8,16.66,18.63,19.58,20.06,18.37,17.35,16.6,21.84,19.63,24.42,21.47,18.69,20.69,23.03,14.18,11.37,16.91,14.77,14.56,7.44
2012,6,9,201206,13.91,16.69,15.32,18.79,16.7,19.79,18.98,19.47,20.02,21.01,21.23,19.69,18.67,17.85,21.55,20.82,24.38,21.54,20.34,22.54,24.06,14.89,10.84,16.96,13.48,12.98,6.22
2012,6,10,201206,14.67,17.21,18.37,21.76,19.71,21.51,20.72,19.91,20.06,19.6,22.49,22.46,20.28,19.98,22.18,21.34,26.11,21.86,20.42,24.42,25.28,11.89,6.86,16.29,11.21,13.14,7.87
2012,6,11,201206,15.67,15.96,20.12,20.84,20.73,22.67,21.38,20.55,21.01,15.86,18.73,23.55,20.88,20.47,23.81,22.16,26.59,22.8,21.28,25.9,25.85,9.69,8.79,17.17,12.94,15.33,11.26
2012,6,12,201206,16.7,16.55,18.42,19.34,19.53,19.7,21.67,17.8,13.62,12.42,17.23,19.96,20.82,20.45,24.37,22.54,25.96,24.3,22.95,24.63,25.63,12.15,11.35,18.57,15.17,16.85,13.22
2012,6,13,201206,16.53,17.32,16.73,20.31,17.55,15.63,15.58,11.37,12.4,15.83,19.83,17.51,21.4,19.66,24.98,23.98,26.14,22.29,20.52,22.81,25.38,14.26,12.8,18.08,16.4,17.17,11.98
2012,6,14,201206,15.34,17.13,15.05,18.95,15.49,18.07,15.76,13.82,15.24,18.5,22.91,19.57,17.86,16.61,25.18,22.12,26.74,21.79,20.55,23.63,26.01,14.99,11.76,17.93,15.93,16.95,10.3
2012,6,15,201206,13.99,16.33,16.92,17.99,18.84,20.69,19.21,17.39,19.18,18.96,23.03,21.88,18.23,18.3,23.57,20.77,25.3,23.41,22.56,24.66,25.8,15.15,12.52,17.76,16.22,16.86,10.73
2012,6,16,201206,14.77,15.75,17.75,17.46,17.96,23.63,22.3,20.38,20.62,19.62,22.09,24.5,17.07,17.78,22.39,20,24.2,24.06,23.01,25.5,25.73,14.72,12.45,17.68,16.65,18.56,13.65
2012,6,17,201206,14.78,14.37,17.69,16.43,17,24.65,22.74,20.99,19.39,17.78,22.79,24.54,17.03,17.81,21.92,19.19,23.67,23.22,22.48,24.68,25.26,15.06,14.12,19.59,17.5,19.38,14.97
2012,6,18,201206,13.57,13.92,17.02,15.66,17.1,24.2,23.27,19.1,20.47,21.08,24.33,24.71,18.32,18.77,22.22,20.62,23.39,23.31,22.38,24.82,25.43,15.91,13.63,20.51,17.79,18.57,10.48
2012,6,19,201206,15.7,16.84,19.16,18.82,19.94,24.62,23.69,22.96,23.48,20.22,25.19,24.39,21.49,21,22.3,22.62,23.71,23.35,22.89,24.92,25.27,15.85,10.72,19.11,16.03,16.47,8
2012,6,20,201206,21,22.07,23.5,23.42,23.52,24.83,24.01,23.68,24.22,18.63,22.68,24.47,23.84,23.24,23.04,23.89,23.96,23.5,22.75,25.07,24.91,14.29,9.58,18.95,15.22,16.91,10.07
2012,6,21,201206,22.33,24.85,23.61,26.11,24.01,23.28,23.81,21.09,19.47,16.31,18.3,21.97,25.17,24.6,23.97,24.59,24.65,24.22,23.7,24.05,24.71,12.97,11.8,19.94,17.15,18.14,13.69
2012,6,22,201206,22.31,24.11,21.57,25.37,22.49,20.73,22.1,17.44,17.36,17.6,19.82,21.44,24.71,23.28,25.15,24.63,25.41,25.04,24.26,24.66,25.05,16.12,15.27,20.42,17.9,15.79,14.77
2012,6,23,201206,19.79,21.43,17.92,22.85,18.62,20.7,20.01,17.16,18.06,19.7,22.68,21.03,22.39,20.88,25.93,24.57,25.51,24.9,23.42,25.33,25.08,17.53,16.06,20.08,16.87,13.79,11.49
2012,6,24,201206,17.12,18.02,16.97,20.12,17.86,22.79,20.86,18.89,19.86,20.94,25.7,23.87,22.27,20.25,25.5,24.98,25.42,25.19,23.65,25.8,25.62,18.2,17.01,20.93,17.09,13.84,10.48
2012,6,25,201206,17.2,18.49,16.41,21.88,18.14,22.56,20.77,15.02,15.73,20.05,26.12,25.93,23.32,20.97,25.11,25.32,24.13,24.86,23.35,26.54,26.33,18.6,18.29,21.61,17.34,14.21,11.25
2012,6,26,201206,14.64,15.61,13,16.04,13.39,16.97,15.51,14.61,15.12,20.62,26.08,22.26,17.07,14.8,23.79,21.96,24.47,23.21,21.28,27.11,26.84,18.02,17.44,21.73,16.36,13.99,10.19
2012,6,27,201206,14.22,15.34,14.94,17.62,15.71,19.79,18.45,17.56,18.81,22.6,26.09,22.39,16.86,16.63,21.04,18.43,24.23,21.64,18.77,25.32,26.76,18.2,12.99,22.15,16.32,15.44,9.74
2012,6,28,201206,15.9,17.73,17.4,19.99,18.71,25.71,22.33,21.5,24.65,21.85,26.12,26.51,20.46,19.87,22.26,21.24,24.81,24.39,22.63,26.27,26.7,18.11,14.5,22.83,17.85,17.06,13.33
2012,6,29,201206,18.75,20.53,21.08,24.12,23.91,27.87,27.13,22.09,21.31,22.1,26.32,26.65,24.65,24.77,25.82,25.19,25.8,26.59,25.34,26.82,26.38,18.31,16.66,22.77,18.68,17.29,14.51
2012,6,30,201206,20.35,21.68,20.11,25.58,22.92,26.83,26.04,20.62,21.64,23.04,26.23,26.39,26.69,25.93,27.89,27.86,26.35,27.6,26.89,26.87,26.02,17.94,16.58,21.61,18.38,17.27,15
2012,7,1,201207,19.39,21.61,20.01,24.6,22.59,26.89,25.85,20.47,22.05,24.01,26.35,26.8,25.83,24.81,28.83,28.04,27.04,27.91,27.25,26.51,25.23,18.27,17.8,21.21,18.68,17.98,14.93
2012,7,2,201207,17.63,19.49,18.18,22.9,20.51,27.01,25.22,21.67,24.4,25.95,25.88,26.39,24.89,24.13,28.41,27.43,27.41,27.53,26.93,26.31,25.3,18.84,17.57,21.26,18.97,18.73,14.26
2012,7,3,201207,17.05,19.28,19.07,21.77,20.88,27.26,25.95,23.56,26.08,26.03,26.28,26.49,24.55,23.62,27.37,26.39,27.21,26.53,25.84,26,25.54,18.74,17.5,21.46,18.95,18.38,12.87
2012,7,4,201207,17.91,20.28,21.51,24.23,23.78,27.69,26.6,25.38,27.45,26.11,26.25,26.48,25.01,24.58,26.97,26.65,27.16,26.38,25.4,26.25,26.04,18.72,14.97,20.75,18.74,18.31,10.46
2012,7,5,201207,19.73,22.61,22.23,26.36,25.06,27.61,27.62,26.38,27.45,23.53,26.58,26.44,25.99,25.83,26.79,26.95,26.77,27.02,26.38,26.67,26.05,18.6,15.8,20.34,18.29,17.89,13.27
2012,7,6,201207,20.72,22,21.96,24.51,23.96,28.4,27.68,25.11,25.22,22.91,26.51,26.98,25.91,25.51,27.22,27.39,26.88,27.38,27.15,26.93,25.68,17.91,16.66,20.81,18.43,18.05,15.65
2012,7,7,201207,21.93,23.33,22.84,26.5,25.84,28.86,28.06,22.93,23.18,21.18,24.98,27.84,26.75,26.46,27.1,27.69,26.83,27.35,27.37,27.1,25.73,16.88,17.52,21.17,18.69,18.9,17.33
2012,7,8,201207,17.98,20.8,20.32,26.19,24.41,27.02,26.51,20.24,20.42,21.22,24.46,27.78,26.78,26.36,27.26,27.71,27.38,27.12,27.26,27.18,26.04,16.76,18.16,21.75,19.46,19.42,19.14
2012,7,9,201207,15.44,18.48,17.05,23.4,20.48,23.5,22.25,19.74,20.87,21.27,23.07,25.44,25.65,23.55,26.99,27.3,27.36,25.98,25.68,26.58,26.07,16.27,18.86,22.7,19.9,20.07,19.62
2012,7,10,201207,15,17.45,16.74,21.6,18.94,23.93,21.59,19,19.55,21.22,22.28,24.51,23.53,21.27,26.57,26.34,26.77,24.73,24.97,25.71,25.56,16.12,19.25,23.49,19.62,20.68,18.37
2012,7,11,201207,16.59,19.47,18.15,22.39,20.05,22.47,21.02,18.96,19.06,21.63,21.6,23.91,22.5,21.36,25.79,24.75,25.93,23.86,23.58,24.84,24.82,16.54,19.53,23.69,19.98,21.72,18.22
2012,7,12,201207,18.55,20.54,19.62,21.99,20.63,23.78,22.07,20.01,20.02,22.95,23.6,24.8,21.32,20.81,25.31,23.91,25.54,23.6,22.35,25.1,24.62,17.43,19.24,23.56,20.08,22.15,18.48
2012,7,13,201207,20.29,21.66,20.95,22.22,20.62,24.38,21.93,21.32,21.54,23.63,24.08,24.9,21.22,19.6,25.08,23.94,26,23.23,21.9,25.39,25.03,17.71,19.52,23.25,20.23,21.11,17.83
2012,7,14,201207,21.98,22.39,21.35,21.92,19.87,24.89,22.71,22.71,23.35,24.31,25.06,25.15,23.06,21.26,25.57,24.75,26.25,24.7,23.92,25.62,25.35,17.59,19.19,22.58,19.65,19.63,18.21
2012,7,15,201207,22.48,22.39,21.8,24.34,22.76,25.58,24.26,23.39,23.68,24.47,25.3,25.35,24.6,23.54,25.7,25.31,25.77,25.11,24.26,25.6,25.23,17.71,18.23,21.85,19.05,19.1,17.28
2012,7,16,201207,21.56,23.18,22.14,25.4,23.13,26.93,25.77,23.76,24.61,25.14,24.84,26.02,24.76,23.98,25.65,25.58,25.68,25.92,25.2,25.78,25.17,17.29,17.57,21.84,18.36,17.81,15.27
2012,7,17,201207,20.99,23.7,22.77,25.44,23.33,27.7,26.62,24.71,25.77,24.61,25.33,26.67,25.03,24.35,26.41,26.36,26.03,26.43,25.57,26.52,25.47,17.12,17.57,20.4,17.73,15.57,17.7
2012,7,18,201207,21.4,25.06,23.53,26.77,25,27.92,26.63,22.57,23.17,24.32,26.36,27.45,25.86,25.31,25.96,26.4,25.93,26.49,25.82,27.23,25.86,18.03,18.05,19.87,17.82,16.04,17.37
2012,7,19,201207,16.76,21.75,19.1,25.29,22.93,28.23,26.24,20.67,21.68,25.32,26.92,28.24,25.5,24.49,25.94,26.24,26.48,26.32,26.11,28.09,25.74,18.55,18.96,21.05,18.4,17.59,17.68
2012,7,20,201207,15.21,18.4,17.17,22.66,19.72,25.22,23.77,19.4,20.23,25.23,26.34,26.87,25.03,23.36,25.86,26.27,26.63,26.14,26.48,28.06,26.31,18.93,19.57,22.2,18.99,18.49,17.85
2012,7,21,201207,17.07,17.5,17.83,19.94,18.16,22.83,20.99,20.49,22.17,24.46,25.49,24.73,22.47,20.1,25.69,25.86,27,25.59,26.04,27.51,26.56,18.73,18.94,23.03,19.62,19.93,14.73
2012,7,22,201207,18.41,18.7,19.97,21.05,20.23,24.77,22.94,22.39,24.03,25.27,25.46,25.47,22.35,21.92,26.86,26.19,27.22,25.63,25.27,26.95,26.29,18.45,19.14,22.86,20.21,21.19,15.99
2012,7,23,201207,20.52,21.01,22.31,23.88,22.61,27.65,25.33,24.39,25.63,25.43,26.1,27.58,24.6,23.72,26.68,26.83,26.22,26.41,25.35,27.04,25.94,18.08,18.72,23.08,20.4,21.28,13.32
2012,7,24,201207,20.74,23.05,22.11,25.4,23.41,28.6,26.23,22.38,23.62,24.36,26.23,27.69,24.91,24.15,27.05,27.07,26.65,26.93,26.11,27.11,26.02,18.01,17.34,22.84,19.78,19.04,13.88
2012,7,25,201207,16.89,18.5,17.72,21.53,18.97,27.8,23.84,19.63,23.87,25.15,26.66,27.99,23.33,22.4,27.55,26.36,27.16,27.05,26.84,27.57,26.54,17.72,16.45,22.17,19.31,18.22,16.71
2012,7,26,201207,16.62,19.12,19.36,22.36,21.87,27.68,26.94,22.99,23.77,21.37,24.91,27.34,25.56,24.57,27.61,27.68,27.41,27.07,26.78,27.41,26.94,17.19,16.86,21.94,19.39,17.8,17.84
2012,7,27,201207,18.53,21.43,20,26.38,23.68,24.38,25.09,20.66,19.71,19.45,23.35,25.45,25.74,24.97,27.01,27.84,27.35,26.83,26.66,27.61,26.87,17.62,18.04,22.55,19.14,17.22,17.32
2012,7,28,201207,19.53,20.95,19.94,24.81,21.8,22.34,22.27,19.47,19.62,21.44,24.53,23.45,24.18,23.04,26.75,27.08,27.32,26.41,26.14,27.56,26.45,17.72,18.37,22.42,18.65,17.31,15.36
2012,7,29,201207,19.05,19.99,19.92,23.16,20.11,23.03,21.54,20.06,20.74,23.27,26.07,25.28,22.52,21.41,27,26.15,27.51,25.8,23.9,27.36,26.26,18.91,18.44,22.19,18.96,18.05,15.82
2012,7,30,201207,19.2,20.26,20.11,23.11,20.81,25.02,22.12,21.23,22.78,23.36,25.69,27.04,23.13,21.77,26.47,25.63,27.35,26.09,24.82,27.74,26.55,18.52,18.37,22.09,19.17,19.12,16.08
2012,7,31,201207,20.26,20.17,21.18,22.38,21.73,26.67,23.62,22.26,22,23.41,25.85,26.43,23.34,22.48,26.05,24.66,26.74,26.88,25.99,27.79,26.66,19.18,18.64,22.3,19.75,19.94,15.14
2012,8,1,201208,19.1,20.47,21.05,22.89,21.88,24.71,23.56,20.33,22.04,24.28,26.59,26.92,23.73,22.7,26.45,25.19,26.87,27.4,26.14,28,26.94,18.95,17.97,22.43,19.59,19.44,15.12
2012,8,2,201208,20.87,22.54,21.86,24.25,22.27,24.33,22.66,21.91,24.03,22.77,25.85,26.9,24.37,23.57,27.84,25.89,27.73,27.37,27.28,28.27,27.06,17.75,16.8,22.23,19.37,19.81,14.85
2012,8,3,201208,21.87,23.64,21.93,26.06,23.02,26.46,23.81,22.14,22.46,22.42,25.75,27.63,24.44,23.85,27.07,25.38,27.58,26.77,26.52,28.03,27.18,17.41,15.07,22.61,19.03,19.69,15.04
2012,8,4,201208,22.29,24.64,23.45,25.91,23.94,27.43,25.76,23.46,23.4,19.79,23.85,27.61,25.4,24.51,26.61,25.97,26.59,26.88,26.34,28.13,27.07,15.67,13.68,22.07,19.29,20,16.6
2012,8,5,201208,22.25,24.12,23.77,26.29,24.1,24.72,25.31,22.04,18.21,16.92,20.42,25.32,25.02,24.18,25.25,25.32,26.59,26.5,25.66,27.27,26.63,15.61,16.02,22.37,19.92,20.03,18.98
2012,8,6,201208,21.29,23.2,20.21,25.65,22.13,20.65,20.4,17.29,17.29,20.11,22.57,22.68,24.52,23.65,24.79,25.19,26.37,26.23,25.74,27.15,26.46,17.89,18.47,23.25,20.01,19.69,19.7
2012,8,7,201208,17.93,19.29,17.49,22.41,19.14,22.07,20.62,19.54,20.71,22.21,25.04,23.77,24.16,22.52,25.16,24.9,26.59,25.71,25.52,27.59,26.98,17.78,18.51,23.89,20.28,20.23,18.88
2012,8,8,201208,19.12,20.88,19.63,24.28,21.21,24.11,22.65,19.72,19.28,21.83,25.28,25.14,24.15,23.68,25.32,24.36,27.36,26.39,25.61,27.52,26.95,17.48,18.44,23.98,20.73,20.55,17.86
2012,8,9,201208,20.71,22.88,21.72,25.48,22.87,23.63,23.26,18.27,17.84,20.18,22.08,24.75,24.3,23.93,25.94,25.02,27.15,25.89,25.26,26.92,26.87,16.87,18.68,24.54,20.42,21.65,16.09
2012,8,10,201208,20.57,22.64,21.33,24.43,21.83,20.18,20.94,16.55,16.26,17.8,20.4,21.83,23.78,22.42,24.84,24.68,27.07,25.19,23.91,25.43,26.2,17.11,18.94,23.61,20.08,21.42,16.28
2012,8,11,201208,20.53,22.47,20.43,24.92,20.13,17.4,17.26,16.83,14.91,17.51,19.94,18.78,22.87,20.56,25.12,24.63,26.58,23.13,20.34,22.51,24.94,17.41,18.25,23.95,19.81,21.88,16.4
2012,8,12,201208,20.96,22.89,19.44,23.94,18.32,17.95,18.14,17.65,16.77,17.67,21.7,20.26,21.07,18.9,24.69,24.08,26.87,21.12,18.92,24.22,26.2,15.87,16.75,23.73,19.8,22.49,18.24
2012,8,13,201208,20.33,21.92,18.88,21.92,18.99,19.56,19.08,18.24,17.88,17.65,19.75,21.82,21.07,19.15,23.57,25,27.04,22.7,20.62,25.81,26.67,15.41,17.21,24.02,20.26,23.02,18.8
2012,8,14,201208,19.6,20.76,19.13,21.55,19.44,20.13,20.15,18.47,18.52,18.19,20.01,20.02,22.7,21.25,25.03,24.07,27.24,25.11,23.38,23.65,25.91,15.65,17.15,23.56,20.3,22.93,18
2012,8,15,201208,20.17,21.57,19.9,23.52,20.44,20.79,20.13,18.76,18.55,20.08,22.22,20.43,22.51,21.46,25.72,25.21,27.14,23.98,22.05,24.51,26.47,16.6,16.14,23.01,20.22,21.81,18.04
2012,8,16,201208,19.25,21.8,19.33,23.04,19.42,22.4,21.04,19.58,19.4,16.54,20.87,25.22,21.25,20.51,24.93,23.69,27.34,24.92,22.4,26.85,26.38,15.09,13.99,22.51,20.34,21.36,18.32
2012,8,17,201208,18.77,20.56,18.99,22.01,19.57,18.87,20.98,16.66,13.9,13.78,16,20.33,21.25,20.34,25.84,24.47,27.19,24.98,23.99,25.36,26.26,14.54,15.22,22.11,19.88,20.63,18.59
2012,8,18,201208,18.65,20.01,16.3,21.98,17.82,16.56,16.82,14.41,14.16,15.14,17.12,17.53,21.51,19.65,24.98,24.23,26.58,23.62,21.81,24.25,26.47,15.14,15.54,22.24,19.92,20.8,19.12
2012,8,19,201208,16.1,17.53,14.77,19.85,15.42,17.42,16.44,15.29,15.37,15.73,16.32,18.76,20.52,18.39,24.87,24.09,26.53,22.15,20.47,22.83,25.19,13.76,15.86,23.12,19.96,20.75,18.49
2012,8,20,201208,16.68,17.87,15.96,20.2,17.24,17.68,17.21,14.86,14.68,16.56,17.31,18.51,19.53,18.57,23.75,23.01,26.34,21.46,18.7,21.79,23.74,14.02,16.54,23.39,19.36,20.71,17.05
2012,8,21,201208,17.45,19.34,16.27,20.85,16.7,18.48,17.64,16.18,15.81,17.65,19.59,20.54,19.72,18.04,22.8,22.76,26.02,21.05,19.13,22.24,22.97,15.41,16.94,23.47,19.61,19.98,16.55
2012,8,22,201208,16.5,18.45,16.1,21.05,17.78,18.86,18.41,17.71,17.28,19.67,20.95,21.41,21.04,19.14,22.89,22.81,25.65,20.99,19.94,22.53,23.2,16.22,16.91,22.7,18.8,19.25,14.34
2012,8,23,201208,17.75,19.47,17.82,21.36,18.49,21.01,19.54,18.91,20.22,21.82,21.83,21.73,21.57,20.14,23.67,23.02,25.9,21.78,20.95,22.23,24.47,16.64,15.93,21.3,18.52,18.98,13.58
2012,8,24,201208,18.04,20.39,18.86,21.9,19.67,22.12,20.54,21.02,22.13,22.78,23.02,21.85,21.09,20.58,23.69,22.61,25.8,22.52,21.41,23.39,25.31,16.59,15.34,21.15,18.22,18.69,11.41
2012,8,25,201208,18.48,20.5,20.09,21.98,20.22,22.18,21.63,21.64,21.85,20.79,22.27,21.82,20.06,20.16,23.35,21.54,26.03,23.6,22.12,24.66,25.62,15.55,12.36,21.96,18.15,18.59,12.23
2012,8,26,201208,19.21,19.28,19.9,22.05,19.5,23.41,21.9,21.51,21.05,18.84,21.64,23.68,20.66,19.7,22.7,21.98,25.76,24.06,22.96,25.51,25.63,15.17,14.54,21.98,18.84,17.6,14.59
2012,8,27,201208,19.27,18.97,19.8,21.41,20.31,24.01,22.71,21.51,19.84,20.28,23.53,24.07,22.76,21.28,23.93,24.05,25.77,24.07,23.59,25.99,25.68,17.11,16.89,22.11,18.19,16.75,14.43
2012,8,28,201208,19.47,21.43,20.5,23.44,21.62,22.11,21.8,18.1,18.92,22.16,23.38,23.6,23.72,22.51,24.67,24.69,26.41,24.45,24.48,25.19,25.21,17.37,18.24,22.61,17.44,17.53,14.24
2012,8,29,201208,14.07,17.1,15.26,20.12,17.2,21.45,19.07,17.82,21.21,24.18,22.28,23.17,22.18,19.82,25.75,24.31,26.79,24.71,24.73,23.93,24.6,17.39,17.61,22.41,17.02,18.35,12.19
2012,8,30,201208,15.17,15.54,15.35,18.52,16.2,21.78,18.78,20.29,23.08,23.01,22.37,23.19,22.05,19.25,25.86,24.79,26.9,24.03,24.66,23.75,23.11,16.82,15.24,22.11,17.07,18.7,12.09
2012,8,31,201208,18.25,18.96,18.55,21.33,18.94,23.98,22.18,21.48,21.71,19.9,22.08,23.7,24.58,22.38,26.32,25.45,27.35,25.44,25.18,24.31,24.75,15.86,15.83,21.9,17.53,18.12,13.17
2012,9,1,201209,17.94,21.17,20.61,23.36,22.15,24.01,24.7,19.02,18.25,20.37,22.24,22.68,24.55,23.77,26.6,26.1,26.93,25.56,24.94,25.78,25.6,15.88,16.64,22.3,17.32,16.38,11.62
2012,9,2,201209,14.79,18.77,18.72,23.78,21.65,23.09,23.96,19.43,19.05,21.71,23.26,22.82,24.75,23.54,26.43,26.47,26.31,25.58,24.63,26.59,26.2,16.42,13.96,22.2,16.71,16.17,10.69
2012,9,3,201209,15.16,18.31,17.74,22.81,20.9,23.56,23.05,20.69,22.5,21.41,24.03,24.99,24.02,23.06,26.27,25.77,26.46,25.79,24.71,27.24,26.66,16.83,13.06,22.32,17.3,17.64,12.2
2012,9,4,201209,16.65,18.19,20.16,22.17,21.02,24.76,22.55,22.71,23.29,21.03,23.86,26.02,23.7,22.63,25.46,24.92,26.52,25.62,23.32,27.36,26.77,15.35,13.11,22.24,17.82,18.39,13.42
2012,9,5,201209,18.67,21.54,20.96,24.09,21.4,25.41,23.78,21.68,21.96,18.5,21.93,26.76,23.45,22.94,24.77,24.74,26.16,25.75,24.75,27.33,26.75,13.85,11.88,22,18.09,18.78,14.16
2012,9,6,201209,18.22,21.5,20.22,23.63,21.92,23.57,23.13,19.77,16.7,15.42,20.06,24.33,23.81,23.31,25.09,25.15,26.23,25.93,26.13,27.3,26.94,13.95,12.98,22.53,18.91,18.59,14.72
2012,9,7,201209,19.08,21.5,20.52,23.18,21.83,22.93,23.23,17.94,16.04,14.97,19.19,24.35,23.01,22.42,26.17,25.24,26.27,26.51,26.23,27.24,26.57,14.03,12.27,22.17,18.48,18.87,14.41
2012,9,8,201209,19.64,21.92,20.42,23.34,20.41,17.59,19.4,15.34,12.78,13.59,14.41,16.87,23.2,20.79,25.18,25.01,26.37,23.55,21.84,21.49,22.98,11.63,12.84,21.66,16.51,19.52,15.66
2012,9,9,201209,16.96,18.44,14.2,19.83,14.84,14.88,15.31,13.79,13.07,13.26,15.54,14.91,17.68,15.6,22.55,21.59,26.14,18.68,16.52,18.73,19.49,12.43,13.92,20.78,15.9,19.11,15.21
2012,9,10,201209,12.9,14.64,11.99,15.65,12.39,15.22,14.81,13.53,13.96,16.06,17.05,15.45,15.2,14.64,20.44,18.21,24.7,18.09,17.04,19.09,19.9,14.09,15.09,21.09,16.86,18.36,11.72
2012,9,11,201209,10.91,11.89,11.52,13.74,12.53,16.71,15.15,16.42,16.8,18.76,19.47,17.7,14.58,13.8,20.65,18.18,24.61,19.11,18.03,19.96,21.24,15.17,11.9,19.87,16.49,17.76,8.65
2012,9,12,201209,13.52,14.4,14.64,15.91,14.66,19.22,17.44,18.68,18,14.93,18.3,19.73,16.77,16.2,20.94,18.35,24.75,21.14,19.65,21.82,23.33,12.84,8.61,18.6,15.24,17.44,9.07
2012,9,13,201209,16.51,17.26,16.88,17.7,16.53,18.81,19.34,16.47,11.04,11.25,12.88,19.15,17.4,17.97,20.51,18.82,24.65,21.96,19.42,22.2,23.22,9.18,9.08,18.7,13.37,18.11,11.71
2012,9,14,201209,17.97,18.22,18.13,18.73,17.89,14.58,17.66,13.63,11.4,12.81,12.82,14.91,18.18,17.75,22.23,20.82,24.54,21.73,20.5,20.15,19.3,9.35,12.05,17.52,11.8,18.56,14.43
2012,9,15,201209,15.75,16.71,14.25,17.84,14.51,15.16,13.99,12.07,12.14,14.51,14.15,15.95,18.51,16.73,23.21,22.18,24.66,20.9,19.75,19.93,18.29,10.12,13.48,16.74,12.77,17.97,14.95
2012,9,16,201209,9.07,11.81,11.91,14.86,14.11,15.65,14.44,15.1,15.11,15.53,17.18,17.71,16.36,15.24,23.49,21.67,25.01,21.47,20.22,21.22,19.33,11.88,12.6,17.6,13.93,17.16,13.01
2012,9,17,201209,9.92,13.07,13.68,16.14,14.38,17.66,16.05,15.13,13.66,11.47,16.11,19.51,18.19,16.48,23.86,21.85,24.93,22.31,21.38,21.64,20.46,10.89,10.38,17.45,13.74,16.45,13.12
2012,9,18,201209,13.85,15.58,15.37,19.59,16.85,14.16,16.7,12.29,7.44,8.69,12.6,14.95,20.15,18.83,22.83,22.4,25.41,20.31,20.29,19.73,20.86,9.54,11.11,17.93,13.17,16.11,14.29
2012,9,19,201209,15.9,17.53,12.47,18.05,12.05,10.63,10.26,8.58,7.84,11.84,15.93,12.48,16.71,13.7,21.09,20.66,24.97,15.68,13.5,16.65,20.04,11.15,11.96,18.44,14,16.44,14.6
2012,9,20,201209,8.38,11.36,9.68,13.96,10.62,13.64,11.99,12.21,10.59,10.8,14.48,15.18,14.64,12.6,20.92,18.87,24.9,15.5,14.45,17.83,20.47,11.13,12.1,18.53,14.56,16.8,15.32
2012,9,21,201209,10.71,12.8,14.09,16.89,14.57,12.65,14.02,10.44,8.62,11.23,15.43,16.43,17.27,15.81,22.19,20.2,24.59,18.17,16.75,20.48,20.98,11.49,12.54,18.37,14.71,17.2,14.98
2012,9,22,201209,14.08,15.12,14.95,18.32,15.98,11.73,13.43,9.3,7.89,7.55,13.34,13.7,19.41,17.76,22.77,21.44,24.8,20.29,18.26,21,21.3,11.77,12.52,18.98,15.41,17.3,13.21
2012,9,23,201209,14.63,15.26,11.28,17.08,11.13,8.12,8.37,7.96,6.31,6.89,10.8,9.39,14.61,11.43,20.15,19.52,24.89,16.41,11.88,18.86,21.49,11.55,12.7,19.23,15.26,17.36,12.19
2012,9,24,201209,8.67,9.83,8.42,12.26,9.79,8.91,9.11,8.99,7.07,9.91,13.76,11.65,11.2,10.2,15.23,14.26,22.81,14.71,10.51,19.79,22.41,12.8,12.89,18.45,14.15,15.9,11.94
2012,9,25,201209,9.4,10.89,9.89,12.7,9.59,15.13,11.58,11.45,10.52,12.12,17.96,19.68,12.1,10.96,17.47,15.24,22.53,17.11,15.1,22.86,22.88,11.68,12.14,17.11,13.27,15.41,12.2
2012,9,26,201209,12.37,14.61,13.94,17.49,14.96,19.24,18.58,12.12,9.12,11.44,17.51,20.45,17.17,17.03,20.67,18.77,24.34,20.53,19.76,23.03,23.15,10.07,11.88,16.46,13.57,15.85,11.08
2012,9,27,201209,12.27,16.51,13.68,18.75,16.27,16.52,17.64,10.18,8.45,11.92,15.54,18.36,19.69,19.26,23.28,21.14,25.56,21.59,20.45,22.92,23.6,10.38,12.09,16.92,14.29,16.74,12.23
2012,9,28,201209,8.04,12.33,10.21,18.77,15.47,14.96,15.83,11.77,10.11,13.69,15.56,19,19.43,18.21,23.02,21.94,25.14,22.29,21.76,22.68,22.9,10.68,12.35,17.2,14.12,16.78,14.29
2012,9,29,201209,10.5,14.92,10.75,16.9,12.3,14.08,14.33,12.11,12.3,14.33,15.79,16.52,17.1,14.64,23.53,21.85,25.38,21.91,20.4,22.26,21.67,11.2,12.52,17.71,13.98,16.95,13.79
2012,9,30,201209,12.5,13.83,10.22,14.6,10.89,13.9,12.9,11.16,10.93,14.84,16.22,15.42,14.81,13,22.47,19.72,25.8,19.21,16.27,19.36,19.14,11.18,11.93,17.64,13.89,17.32,12.21
2012,10,1,201210,11.54,12.28,10.77,13.11,10.33,12.35,11.39,11.33,11.36,14.09,15.72,14.94,14.15,12.6,23.07,19.79,25.63,17.45,14.87,16.95,18.47,10.21,10.71,16.5,13.44,17.94,12.33
2012,10,2,201210,13.05,14.45,12.8,16.66,14.13,12.9,14.01,12.66,12.25,11.45,12.19,13.65,18.22,17.28,22.52,22.26,25.02,17.56,16.43,16.21,17.77,9.79,11.35,17.5,13.31,18.04,12.35
2012,10,3,201210,14.69,16.92,16.42,20.79,18.3,14.47,16.14,13.3,12.48,11.81,13.78,14.65,21.25,19.93,21.12,23.12,24.69,17.48,16.69,16.91,17.96,10.95,8.22,17.23,13.26,17.16,7.32
2012,10,4,201210,14.68,17.82,17.7,21.67,18.13,16.25,16.24,15.04,12.45,7.77,10.7,15.47,20.75,19.25,21.2,21.92,25.34,18.95,17.65,18.46,20.25,6.71,2.75,16.15,11.91,15.62,5.7
2012,10,5,201210,14.99,16.86,15.3,19.41,15.68,9.96,14.23,9.79,4.44,3.19,5.53,10.54,17.18,16.81,21.23,19.98,25.26,20.06,18.52,18.46,21.09,4.63,2.34,15.27,10.89,13.99,5.19
2012,10,6,201210,15.71,16.87,13.4,17.79,13.2,4.74,7.78,5.75,3.06,1.46,3.34,4.99,16.23,14.58,22.01,19.88,25.29,16.53,12.63,12.23,17.34,1.53,0.71,15.12,9.88,13.47,5.31
2012,10,7,201210,9.17,10.04,7.05,9.82,6.51,5.44,5.93,4.84,2.89,2.41,3.04,5.53,10.78,7.71,20.97,19.63,24.86,11.69,9.15,8.78,12.01,0.39,2.5,14.7,8.1,13.3,7.4
2012,10,8,201210,7.29,8.96,6.28,8.66,5.84,4.84,5.75,5.87,2.56,6.31,6.4,5.74,7.08,5.79,18.04,14.18,24.21,10.22,8.04,9.5,11.73,3.26,5.24,14.59,8.92,13.12,9.03
2012,10,9,201210,7.05,10.06,7.01,11.44,7.38,7.93,6.71,7.79,8.39,6.7,9.19,8.63,9.62,8.97,16.26,12.83,23.47,10.58,9.32,12.19,16.29,6.06,5.6,15.15,10.94,12.35,9.19
2012,10,10,201210,8.71,11.83,9.41,14.59,9.61,8.02,8.34,6.72,3.66,4.38,6.39,9.57,12.4,10.84,17.65,15.08,22.79,14.19,12.17,16.34,20.09,5.88,6.53,15.62,11.32,12.61,10.07
2012,10,11,201210,7.59,9.26,6.29,9.85,6.23,6.21,5.14,5.21,4.12,4.96,9.39,7.97,9.68,7.64,16.04,13.27,21.64,14.11,9.7,17.88,22.02,9.14,7.24,14.43,12.19,12.05,9.97
2012,10,12,201210,4.47,6.37,5.05,8.39,5.35,9.67,7.99,4.95,1.49,2.53,8.36,12.94,9.84,8.16,18.3,14.14,21.81,17.67,14.84,21.31,22.99,8.18,7.45,12.8,12.4,10.48,9.32
2012,10,13,201210,1.48,2.67,1.98,4.94,3.17,12.47,7.85,4.72,4.79,8.62,15.11,16.65,8.69,7.36,19.44,14.02,22.49,18.44,15.99,21.69,22.83,6.55,8.19,10.05,9.9,11.43,10.47
2012,10,14,201210,4.94,8.16,8.94,11.49,11.48,18.48,17.26,12.27,10.98,10.64,14.06,19,12.57,13.65,20.04,15.99,23.47,20.39,18.58,20.57,20.54,6.65,8.25,12.76,9.63,13.64,11.26
2012,10,15,201210,12.51,15.84,14.19,16.84,14.43,11.83,13.14,9.6,7.88,9.83,12.87,12.62,16.67,15.49,21.35,19.16,24.36,19.09,16.53,17.24,18.27,7.94,9.4,14.28,11.04,14.7,11.73
2012,10,16,201210,11.12,12.29,7.93,12.61,8.95,11.87,9.34,6.75,9.08,12.78,14.72,15.05,11.02,10.25,14.72,13.67,22.53,13.82,12.63,16.2,18.2,8.79,9.18,14.42,12.04,15.93,10.47
2012,10,17,201210,4.8,6.45,6.06,8.79,8.14,14.97,12.87,11.97,11.72,10.88,13.68,15.21,10.9,10.45,14.81,12.8,20.87,15.7,14.3,18.13,20.36,6.95,4.18,14.65,10.26,15.3,5.02
2012,10,18,201210,7.7,9.98,10.24,11.91,10.82,11.3,12.83,12.03,9.62,6.91,6.62,9.67,12.54,12.49,17.59,15.38,22.53,16.75,14.42,15.28,18.11,2.39,2.03,13.88,8.03,14.69,7.19
2012,10,19,201210,10.02,13.09,12.36,16.78,12.97,8,8.24,8.19,6.49,6.24,7.1,8.25,15.76,13.22,17.34,18.54,23.18,11.41,9.64,10.79,14.92,4.91,5.06,14.3,9.37,14.81,9.4
2012,10,20,201210,14.71,16.53,11.6,15.7,9.94,9.3,8.37,8.44,6.48,7.75,9.97,10.43,11.25,10.51,12.3,12.09,21.08,11.33,10.42,12.42,17,7.37,7.9,13.97,10.28,13.73,7.01
2012,10,21,201210,10.34,10.22,8.34,10.3,8.09,11.45,9.94,8.51,7.79,9.78,13.68,13.99,9.49,9.04,12.99,11.52,18.34,13.33,12.07,18.05,21.69,8.01,5.27,14.08,10.23,11.19,3.02
2012,10,22,201210,8.43,10.15,9.11,10.73,8.88,17.33,13.69,11.05,11.44,10.31,15.43,20.53,11.02,10.57,14.59,12.47,19.99,16.17,15.73,20.9,21.82,7.47,4.79,13.52,9.87,9.79,3.71
2012,10,23,201210,7.03,9.92,9.87,12.17,12.09,19.6,16.79,14.2,13.8,11.88,16.48,20.92,14.13,14.36,15.81,14.2,21.45,16.93,16.08,20.72,21.62,8.61,4.27,13.28,8.27,8.1,2.43
2012,10,24,201210,4.91,9.55,10.63,15.92,14.44,19.26,17.04,15.22,16.74,10.5,15.21,20.46,15.35,15.34,17.71,16.39,22.68,17.96,16.11,21.16,21.82,6.89,0.6,12.22,6.99,6.84,2.32
2012,10,25,201210,5.94,10.08,13.51,15.57,16.11,19.95,17.2,16.65,15.39,4.99,8.09,19.03,16.86,16.21,19.69,18.61,22.73,18.59,17.48,20.27,20.67,0.5,-2.29,8.99,5.02,7.57,2.56
2012,10,26,201210,9.16,11.93,14.38,15.79,14.73,6.63,12.24,9.01,2.67,0.24,0.47,4.68,16.22,15.46,20.47,18.53,22.7,17.84,15.68,11.05,12.75,-2.84,-3.27,7.86,2.06,8.73,3.11
2012,10,27,201210,12.05,13.25,12.45,15.63,12.27,3.94,6.82,3.63,0.7,-0.64,0.34,2.22,15.59,13.27,17.78,17.62,20.85,11.32,10.24,6.03,7.05,-2.27,-1.44,8.14,3.16,10.54,5.01
2012,10,28,201210,10.05,11.04,10.36,13.64,9.69,3.59,5.08,2.94,0.26,0.57,2.91,3.04,12.46,10.1,13.62,15.04,18.35,8.76,7.46,5.34,7.7,1.38,2.14,10.67,6.3,12.54,8.37
2012,10,29,201210,11.01,11.24,9.2,12.69,7.79,3.98,4.67,3.3,1.4,2.96,6.88,3.49,8.24,7.05,8.13,9.37,13.45,5.92,5.02,6.3,9.4,4.84,5.88,12.05,8.26,13.19,10.06
2012,10,30,201210,12.76,14.08,9.99,11.27,6.93,3.36,3.73,2.87,1.41,5.22,9.13,5.12,3.52,3.56,5.39,5.38,10.8,5.09,3.66,8.77,11.95,6.47,6.81,12,8.49,12.45,9.65
2012,10,31,201210,12.61,11.81,7.29,7.76,4.48,2.61,4.03,3.56,0.02,5.08,9.64,6.18,4.22,3.65,6.32,6.02,12.85,7.45,4.08,12.51,15.54,6.48,7.21,12.02,8.68,11.58,10.34
2012,11,1,201211,8.23,7.6,5.27,6.81,4.54,3.23,4.03,4.01,1.49,4.58,11.41,8.1,4.95,4.17,8.13,6.15,16.43,8.95,4.35,14.39,17.4,6.82,6.18,11.65,8.71,11.03,8.36
2012,11,2,201211,6.43,6.64,4.58,6.92,3.92,5.16,4.96,3.04,0.4,1.2,10.25,9.35,4.77,4.12,9.16,7.06,16.96,11.74,8.43,16.67,18.1,5.73,5.13,11.16,7.82,10.11,6.59
2012,11,3,201211,4.9,5.11,2.15,5.1,3,5.13,3.86,1.82,0.6,2.67,7.56,8.45,4.27,3.85,14.19,8.02,18.21,14.07,9.92,16.16,18.19,3.77,3.56,11.58,7.54,10.59,8.05
2012,11,4,201211,3.24,3.65,1.49,4.31,1.86,4.72,3.94,1.27,0.53,2.43,7.7,6.15,5.46,4.15,17.65,11.19,19.55,14.15,11.01,13.36,17.32,3.72,5.02,11.36,7.9,12.03,10.16
2012,11,5,201211,0.44,2.42,-0.01,3.84,1.18,4.29,3,0.76,0.08,3.27,8.7,7.09,3.42,3.02,13.31,9.58,18.93,8.69,5.85,12.43,17.34,4.73,6.65,11.52,8.27,13.37,11.46
2012,11,6,201211,-2.3,-0.69,-1.63,2.15,0.17,4.38,2.43,1.23,1.31,4.85,8.06,7.18,2.42,2.57,10.23,5.38,17.85,8.51,6.76,10.89,14.28,5.93,6.53,11.94,8.68,14.07,10.42
2012,11,7,201211,-2.14,0.65,-1.71,3.4,-0.44,6.19,4.14,2.76,3.56,4.04,7.32,5.78,3.63,3.02,9.02,6.01,15.33,8.99,7.47,10.2,14.55,6.06,6.45,12.55,8.78,13.09,8.19
2012,11,8,201211,-0.47,2.26,-1.07,2.87,0.06,6.06,2.95,3.42,3.69,5.1,7.68,5.86,3.82,2.14,8.52,6.21,12.38,7.07,6.32,9.64,15.61,5.9,4.54,11.61,8.36,10.15,3.55
2012,11,9,201211,1.18,2.8,0.18,3.07,1.24,7.03,5.03,4.79,4.5,3.03,8.63,10.35,3.94,3.46,8.71,5.77,12.24,8.64,7.7,13.7,17.96,5,1.5,11.93,6.71,6.43,1.24
2012,11,10,201211,0.85,3.28,3.87,5.65,4.88,12.97,9.75,7.6,8.57,4.51,12.23,15.56,7.74,7.33,10.6,8.63,15.12,11.78,10.5,17.06,18.62,3.39,-3.83,6.54,2.79,3.02,-0.66
2012,11,11,201211,1.48,6.22,6.97,9.82,7.96,14.64,11.65,11.8,12.15,-0.16,3.99,15.17,9.41,9.71,12.68,10.97,18.58,13.78,12.02,17.66,17.56,-5.45,-8.08,1.32,-1.69,2.34,-1.28
2012,11,12,201211,7.38,10.16,9.73,11.07,9.99,5.05,9.77,6.46,-1.83,-5.51,-2.3,2.17,12.45,11.87,18.01,15.55,20.85,14.58,12.85,8.5,9.06,-6.91,-6.41,1.45,-2.12,4.61,2.38
2012,11,13,201211,10.14,11.92,7.01,11.4,5.68,0.11,0.69,-0.4,-3.24,-3.48,0.61,1.31,9.83,5.95,14.75,15.2,20.25,4.92,3.33,4.31,5.8,-2.36,-1.77,4.18,0.55,6.34,3.96
2012,11,14,201211,1.05,3.15,0.06,2.75,0.24,0.7,0.14,0.46,-0.25,0.37,3.75,2.42,2.05,0.96,11.68,7.19,18.5,3.66,2.19,4.82,7.51,-0.57,-0.6,5.79,2.68,7.83,4.8
2012,11,15,201211,-0.65,1.31,-0.6,2.99,0.21,1.94,0.92,2.13,1.93,1.65,4.75,3.26,3.11,2.15,10,7.1,18.45,6.16,4.28,5.16,8.57,0.53,-0.42,7.56,3.56,8.36,2.83
2012,11,16,201211,-0.4,1.53,0.26,3,1.42,4.03,2.69,2.83,0.98,-0.49,4.1,5.99,4.96,3.09,8.28,7.91,15.7,6.73,4.3,6.8,10.26,0.3,0.02,9.35,4.51,8.71,3.44
2012,11,17,201211,-0.65,1.64,0.67,3.17,1.32,4.28,3.35,3.39,2,2.45,5.92,5.45,3.49,2.92,9.11,7.25,16.26,6.11,4.4,6.81,10.56,2.73,2.37,9.64,6.15,9.39,5.29
2012,11,18,201211,-1.41,1.59,1.02,4.4,2.27,4.56,3.71,4.34,4.28,4.5,7.34,5.86,5.19,3.88,9.48,8.69,17.22,6.89,6,7.92,11.6,3.45,3.08,10.56,6.77,8.17,3.96
2012,11,19,201211,-0.68,1.85,0.6,5.22,2.27,5.98,4.7,5.02,5.56,5.12,8.76,7.87,8.02,5.77,12.08,11.35,15.56,8.8,8.14,10.58,14.42,2.9,1.76,9.43,5.92,7.95,5.27
2012,11,20,201211,0.24,2.81,1.62,5.2,3.48,9.49,7.8,6.83,5.92,3.93,9.07,9.35,7.66,6.64,14.11,11.59,16.81,11.66,10.84,13.58,15.95,2.73,3.33,8.91,5.97,9.2,6.66
2012,11,21,201211,1.31,3.28,2.56,5.54,3.76,9.95,9.67,6.82,4.91,5.45,9.21,9.83,6.99,6.78,13.09,9.89,16.61,12.25,11.39,13.38,15.75,3.45,4.14,9.82,5.94,9.08,4.79
2012,11,22,201211,1.87,4.16,3.22,5.11,4.19,9.81,8.86,7.99,7.92,4.95,10.15,10.98,5.56,6.18,10.57,7.7,14.24,12.23,10.89,13.77,16.47,3.21,0.58,9.38,5.95,7.94,1.52
2012,11,23,201211,2.94,4.57,3.96,5.74,4.03,6.15,7.21,4.99,-0.26,-4.12,2.65,7.06,6.61,6.65,10.27,7.87,13.1,11.68,9.78,12.35,14.78,-0.03,-2.26,8.76,3.98,8.57,3.36
2012,11,24,201211,2.82,3.87,1.44,4.57,0.95,-2.34,-0.93,-1.05,-4.79,-5.23,0.32,-1.79,3.24,1.32,8.96,6.5,13.93,4.89,1.54,4.58,8.81,1.26,1.02,8.92,3.75,9.39,5.68
2012,11,25,201211,-2.37,-0.92,-1.93,0.83,-1.34,-0.21,-0.31,-0.86,-3.3,-2.86,3.7,1.28,-0.78,-0.74,3.66,1.85,10.46,2.64,1.08,5.32,10.24,1.85,0.57,9.42,4.46,9.55,3.07
2012,11,26,201211,-3,0.51,-0.58,1.89,-0.43,0.92,1.43,-1.51,-5.78,-6.3,0.68,2.5,2.3,1.72,6.23,4.57,12.65,6.28,4.48,10.03,14.41,-1.34,-2.76,8.12,3.63,8.25,0.42
2012,11,27,201211,-3.28,0.92,-0.39,3.72,0.5,-2.39,0.92,-2.71,-7.65,-5.53,-2.07,-1.35,5.63,3.99,9.26,7.19,17.24,10.71,7.3,7.79,9.97,-2.4,-2.57,8.15,2.64,8.2,1.53
2012,11,28,201211,-2.18,1.01,-1.51,3.33,-0.89,-1.82,-0.68,-1.55,-3.99,-3.86,1.1,-0.18,2.86,1.25,10.55,7.45,17.94,5.46,3.28,5.02,8.66,-0.17,-0.82,8.69,3.76,8.61,3.07
2012,11,29,201211,-2.59,-0.17,-0.52,1.17,-1.11,0.98,0.05,-0.44,-1.94,-3.46,3.33,3.2,1.62,0.48,8.1,4.62,16.03,4.95,3.72,6.62,11,1.15,0.87,8.96,5.68,8.98,4.98
2012,11,30,201211,-5.34,-0.37,-1.83,1.87,-0.18,4.49,3.05,0.62,0.39,-2.19,5.7,6.67,3.2,2.84,11.36,6.47,18.27,7.75,5.97,9.76,14.06,2.55,1.94,9.19,6.27,9.95,5.93
2012,12,1,201212,-6.82,-0.59,-0.91,5.63,2.98,7.67,6.52,2.88,2.75,1.45,7.94,11.99,6.04,6.28,14.94,10.62,18.98,11.62,10.46,15.69,16.52,3.55,3.11,9.37,6.03,9.39,5.39
2012,12,2,201212,0.46,5.4,3.99,6.69,5.94,14.12,11.74,8.23,5.57,3.19,9.41,15.23,8.32,8.29,16.1,12.27,19.33,14.12,13.11,16.96,17.05,3.31,3.14,8.89,6.25,10.04,4.97
2012,12,3,201212,5.16,8.83,7.75,10.67,9.87,14.78,13.52,7.12,6.73,6.07,9.91,16.18,13.14,12.23,16.91,15,19.45,15.91,15.14,17.74,17.11,3.52,1.77,9.12,4.82,8.25,2.92
2012,12,4,201212,2.84,6.64,8.81,11.57,12.08,13.22,13.76,8.73,4.29,-0.19,5.2,12.83,13.63,13.09,17.16,15.82,18.94,16.45,15.4,16.58,15.7,-0.1,-0.78,9.36,4.65,9.31,4.61
2012,12,5,201212,5.92,9.53,6.73,10.87,7.66,3.73,4.81,-0.35,-3.99,-2.64,4.25,6.16,12.54,10.4,16.54,14.95,18.46,14.77,13.27,11.68,11.9,2.1,2.51,9.71,5.68,10.07,5.26
2012,12,6,201212,-2.27,-0.45,-2.61,1.2,-0.92,2.77,1.16,-0.12,0.18,1.31,5.94,5.77,3.58,2.14,15.14,10.97,19.33,12.39,9.55,10.95,12.07,3.05,0.47,9.09,5.85,9.36,1.57
2012,12,7,201212,-2.03,-0.01,-0.87,1.41,-0.26,8.06,6.85,2.27,-0.59,-2.67,4.63,10.39,5.43,5.79,14.59,10.17,19.29,14.95,13.46,13.25,13.13,-0.06,-2.13,8.33,3.76,7.46,1.13
2012,12,8,201212,1.57,5.21,2.58,8.19,5.82,7.33,9.47,1.52,-2.01,-4.13,2.47,8.64,10.53,10.23,15.94,14.21,20.05,15.48,14.03,13.42,14.48,-1.96,-4.57,6.56,2.11,6.2,-0.26
2012,12,9,201212,1.47,5.16,2.44,9.17,5.68,6.56,6.9,-0.73,-2.21,-6.01,0.76,8.78,12.3,10.74,17.28,14.97,20.57,16.42,15.47,14.86,15.08,-5.77,-8.75,5.16,0.5,5.85,-0.71
2012,12,10,201212,0.78,7.41,5.09,11.47,8.93,2.79,8.17,0.58,-1.84,-10.58,-7.74,-0.01,14.18,12.32,17.38,17.12,20.57,15.66,13.46,6.62,6.68,-11.26,-6.91,1.77,-2.48,6.74,2.21
2012,12,11,201212,2.08,8.44,1.97,10.33,4.64,-1.38,0.73,-2.1,-5.22,-8.03,-4.03,-3.42,10.95,6.86,14.82,15.58,21.09,4.08,1.97,-0.27,1.14,-6.52,-4.3,2.11,-1.69,6.41,1.4
2012,12,12,201212,-4.59,0.18,-1.51,2.61,0.18,-1,-0.76,-1.65,-4.09,-5.48,-1.35,-1.19,4.32,1.55,10.46,10.77,19.72,2.71,0.95,1.17,2.7,-4.22,-1.67,3.09,-0.44,5.64,1.58
2012,12,13,201212,-2.28,0.02,-0.45,1.39,-0.71,0.41,-0.35,0.24,-0.98,-4.89,0.52,0.79,2.67,0.66,9.66,6.82,17.21,3.32,2.04,2.73,5.57,-1.22,-2.76,4.46,1.21,4.2,-0.35
2012,12,14,201212,-1.33,0.59,-0.79,1.51,-0.64,1.45,0.67,-0.28,-2.63,-5.23,1.54,2.83,2.39,1.53,7.3,6.02,14.63,5.43,4.2,5.65,11.01,-1.2,-3.17,5.48,1.72,2.93,-0.93
2012,12,15,201212,-3.91,-0.13,-1.12,1.82,0.28,5.78,2.93,0.54,0.03,-3.24,5.53,8.52,3.72,3.03,9.73,7.24,16.52,9.16,7.57,12.34,13.61,-1.09,-3.51,3.4,-0.64,2.34,-1.48
2012,12,16,201212,-8.05,-0.46,0.04,5.2,3.47,9.13,9.41,3.79,1.39,-6.01,2.47,7.99,7.74,7.55,14.65,12.52,19.34,14.96,12.97,13.02,13,-3.52,-5.31,2.7,-0.58,3.2,-0.4
2012,12,17,201212,-3.49,3.04,3.42,8.58,7.28,4.05,7.83,1.91,-3.96,-7.67,1.04,4.82,11.38,10.06,16.58,15.44,20.58,15.1,12.86,11.04,10.03,-4.68,-4.24,2.57,-0.09,5.6,1.16
2012,12,18,201212,1.45,6.82,3.72,9.68,6.5,2.94,5.12,-0.45,-3.47,-6.2,1.89,3.76,9.86,7.49,13.72,13.37,20.06,9.63,7.94,7.55,9.29,-2.15,-4.75,4.38,0.45,4.63,-2.46
2012,12,19,201212,1.14,4.14,1.81,5.36,2.54,3.47,4.38,0.61,-1.95,-4.96,1.62,5.13,5.03,4.15,9,7.45,15.74,9.1,7.39,10.7,13.15,-4.92,-8.81,3.54,-1.71,-0.11,-3.26
2012,12,20,201212,-1.23,1.03,-0.12,2.5,1.6,6.29,5.96,1.24,-1.13,-7.68,-3.18,5.71,5.71,4.48,10.74,9.44,17.21,11.61,9.7,10.23,8.34,-11.3,-9.43,-1.22,-5.17,0.88,0.31
2012,12,21,201212,-0.3,4.18,1.62,6.79,1.82,-2.55,0.42,0.88,-4.59,-11.49,-5.67,-3.93,3.87,1.9,5.57,6.74,13.46,1.73,-0.06,1.15,2.46,-6.01,-5.88,1.38,-2.76,2.94,-0.05
2012,12,22,201212,0.81,1.17,-1.86,1.53,-0.76,-3.97,-1.62,-2.03,-8.69,-11.22,-3.76,-2.05,-0.05,-0.93,1.09,1.48,6.42,0.84,-1.23,3.16,5.63,-3.58,-5.81,3.9,-0.5,4.55,0.57
2012,12,23,201212,-6.1,-2.29,-3.56,0.81,-1.98,-2.18,-1.78,-2.24,-7.9,-13.04,-5.09,0.38,0.3,-1.52,2.44,2.08,7.36,3.12,1.38,7.76,12.1,-3.42,-6.4,4.47,0.68,4.14,-0.36
2012,12,24,201212,-6.43,-0.7,-2.72,0.81,-2.1,-0.88,-0.57,-3.74,-7.69,-12.7,-6.83,-0.25,2.55,0.68,8.47,6.37,13.92,10.34,7.02,8.3,10.36,-4.02,-7.48,3.51,0.27,4.6,-0.46
2012,12,25,201212,-7.07,-0.73,-3,3.77,0.16,-2.29,-0.11,-2.75,-9.04,-14.04,-9.48,-4.08,5.21,3.21,11.78,9.51,17.48,9.96,6.44,4.29,8.06,-7.77,-10.2,1.89,-2.82,3.41,-1.58
2012,12,26,201212,-6.54,-2.71,-5.58,0.75,-3.44,-2.24,-1.57,-3.04,-9.38,-12.89,-9.96,-4.71,3.58,0.51,12.43,11.57,18.73,5.94,4.43,-0.75,-0.26,-9.73,-9.93,1.5,-3.11,3.91,-0.5
2012,12,27,201212,-2.84,2.72,-3.09,4.88,-1.7,-2.59,-1.56,-3.32,-7.25,-10.98,-9.32,-6.16,2.56,0.39,3.2,5.11,9.99,1.07,-0.07,-0.9,0.97,-8.95,-8.25,1.02,-2.56,2.03,-0.71
2012,12,28,201212,-4.1,-1.65,-4.46,-0.46,-4.48,-2.77,-4.13,-4.93,-5.11,-8.64,-8.23,-2.33,-0.17,-1.89,4.34,3.64,9.96,2.79,0.82,2.6,5.2,-10.41,-8.46,-0.27,-4.46,0.21,-2.77
2012,12,29,201212,-7.22,-2.36,-4.66,0.52,-3.65,-2.22,-2.2,-2.66,-4.68,-9.24,-9.16,-3.69,1.04,-0.61,9.17,7.24,17.3,4.19,1.41,-0.74,0.91,-11.08,-9.62,-1.31,-5.21,1.63,-2.83
2012,12,30,201212,-6.19,-2.08,-4.97,-0.02,-2.21,-3.9,-2.92,-3.09,-7.69,-9.45,-7.14,-5.03,-0.08,-1.25,2.34,2.82,8.88,-0.23,-1.56,-1,1.64,-8.29,-8.7,0.63,-3.59,1.64,-3.23
2012,12,31,201212,-9.45,-5,-5.26,-0.55,-3.56,-1.2,-2.41,-3.06,-7.74,-10.38,-4.77,-0.66,-0.36,-1.41,3.8,2.05,11.29,2.42,0.86,3.69,7.99,-7.72,-9.67,0.89,-3.91,0.06,-5.15
2013,1,1,201301,-6.57,-1.35,-3.63,1.73,-0.87,-4.04,-0.92,-5.88,-14.97,-12.14,-7.19,-2.83,3.72,1.7,9.72,6.83,16.74,9.05,5.54,6.33,8.2,-10.49,-9.23,-1.59,-6.45,0.09,-4.8
2013,1,2,201301,-13,-7.16,-9.17,-1.89,-5.42,-8.4,-6.2,-6.37,-10.52,-8.34,-6.69,-6.25,3.29,-1.06,12.96,9.63,18.16,5.44,2.3,1.77,3.16,-10.87,-9.68,-1.82,-6.69,0.53,-4.5
2013,1,3,201301,-15.78,-9.73,-10.75,-2.88,-6.91,-4.75,-5.62,-3.56,-6.73,-6.91,-4.2,-2.67,0.46,-3.07,9.47,6.5,17.55,2.74,0.22,1.47,2.2,-11.63,-10.53,-1.93,-6.9,1.22,-5.04
2013,1,4,201301,-9.59,-3.8,-3.92,-1.1,-3.41,-2.77,-3.15,-3.09,-7.25,-8.09,-6.02,-1.54,-0.72,-2.48,5.13,4.25,14.72,1.04,-0.91,1.87,2.54,-10.03,-8.31,-2.13,-6.1,1.68,-3.05
2013,1,5,201301,-4.15,-1.01,-2.66,-0.6,-3.73,-3.6,-3.48,-3.27,-6.96,-8.37,-3.63,-1.48,-0.87,-2.27,4.14,2.19,14.08,1.93,-0.55,4.01,3.44,-8.32,-8.14,-1.32,-5.49,2.23,-2.35
2013,1,6,201301,-7.77,-1.08,-2.93,0.87,-1.47,-1.26,-0.02,-1.06,-5.72,-9.21,-3.47,-0.63,2.4,0.89,8.17,5.21,16.55,4.91,3.39,4.36,4.07,-6.65,-7.34,-0.55,-4.16,2.86,-1.6
2013,1,7,201301,-6.81,0.1,-1.96,2.11,-0.1,-3.78,-1.93,-2.08,-6.49,-5.95,-1.82,-1.48,2.73,1.03,6.25,4.94,15.86,3.13,1.36,3.1,3.84,-5.13,-6.2,0.17,-3.82,2.81,-0.19
2013,1,8,201301,-5.64,-0.74,-2.33,1.77,-0.9,-1.05,-0.92,-1.1,-3.86,-4.6,-0.08,1.17,2.39,1.55,8.32,5.43,17.25,5.18,3.27,5.32,7,-4.4,-3.97,0.54,-1.27,4.84,1.55
2013,1,9,201301,-2.92,0.74,-0.92,3.09,0.86,2.01,1.77,0.44,-1.46,-2.62,1.64,5.1,6.68,4.21,14.49,11.5,20.89,12.04,9.26,10.94,10.19,-3.06,-2.91,2.72,-0.27,6.11,2.33
2013,1,10,201301,-0.07,1.84,0.45,4.28,1.13,1.63,1.24,-0.33,-2.46,-2.09,1.85,5.22,8.5,4.97,17.59,14.16,21.75,14.88,13.72,13.07,10.81,-2.33,-2.26,3.25,0.28,3.57,-1.67
2013,1,11,201301,-4.27,-0.22,-1.14,2.92,1.95,9.39,7.82,2.16,1.15,-1.71,3.68,10.44,6.67,7.02,18.22,13.44,21.1,16.66,15.91,13.03,10.86,-3.53,-8.29,0.62,-3.3,-0.72,-3.98
2013,1,12,201301,-0.15,3.02,2.75,7.83,5.21,9.49,10.5,4.18,0.04,-9.35,-2.97,8.65,11.88,10.68,19.2,17.08,20.97,17.4,15.69,13.37,13.16,-12.2,-14.4,-4.72,-7.87,-1.66,-7.38
2013,1,13,201301,1.63,4.32,5.45,7.78,7.58,0.46,11.19,0.27,-9.05,-14.86,-9.01,-1.84,14.68,12.78,18.47,17.23,20.91,17.98,16.52,6.78,6,-14.81,-15.41,-5.55,-10.69,-3.24,-9.29
2013,1,14,201301,4.28,7.57,5.77,10.24,6.96,-5.64,0.46,-4.22,-11.51,-15.31,-9.82,-6.59,14.68,11.32,18.6,17.07,21.09,8.74,5.71,-0.87,0.34,-15.13,-15.78,-6.36,-11.84,-3.69,-7.48
2013,1,15,201301,-2.43,2.04,-2.01,4.51,-0.29,-5.83,-2.71,-6.21,-10.36,-13.19,-7.94,-6.21,7.78,3.85,17.15,16.66,20.32,5.43,2.81,-1.24,0.38,-15.04,-11.26,-7.79,-9.98,-1.47,-3.23
2013,1,16,201301,-3.46,0.38,-2.78,2.92,-0.47,-4.03,-1.24,-3.77,-6.96,-5.31,-3.33,-4.25,5.57,3.19,17.11,16.04,20.77,5.78,4.62,0.28,0.93,-7.32,-6.63,-4.45,-7.52,1.61,-2.71
2013,1,17,201301,-3.09,-0.13,-3.1,3.18,-1.02,-2.16,-0.54,-5.41,-11.62,-9.12,-0.85,-1.17,6.65,3.3,13.3,14.45,18.8,3.98,3.53,2.42,3.8,-5.06,-6.95,-0.51,-4.5,3.23,-2.47
2013,1,18,201301,-13.96,-5.3,-7.88,-0.05,-3.88,-2.35,-3.01,-7.96,-9.98,-6.84,0.51,-0.66,1.98,-0.41,6.44,5.99,10.78,2.24,1.84,3.43,5.91,-4.49,-6.11,1.48,-3.78,3.25,-2.45
2013,1,19,201301,-8.67,-2.58,-3.15,0.2,-1.03,1.58,1,-0.83,-3.35,-3.82,2.48,3.27,1.14,0.98,5.42,3.63,14.51,4.14,3.1,5.05,7,-3.85,-5.9,2.48,-3.25,3.1,-1.92
2013,1,20,201301,-0.33,2.46,-0.14,3.26,0.32,-2.02,-0.8,-5.43,-13.12,-14.53,-0.15,1.32,3.22,2.09,9,7.48,16.46,5.65,3.33,7.14,9.33,-3.66,-7.64,3.04,-2.75,3.34,-1.75
2013,1,21,201301,-10.16,-4.07,-7.3,-1.62,-4.87,-7.58,-5.81,-11.12,-18.08,-19.14,-4.62,-4.1,1.18,-1.81,8.3,6.28,16.41,4.52,0.92,5.77,9.55,-5.09,-9.1,3.45,-2.96,3.73,-1.83
2013,1,22,201301,-12.25,-5.24,-10.57,-4.75,-10.36,-12.98,-12.73,-15.28,-19.68,-19.44,-4.93,-7.28,-4.74,-8.03,3.75,1.65,13.3,-0.28,-4.34,3.44,9.21,-2.7,-6.63,4.44,-1.75,4.1,-1.85
2013,1,23,201301,-17.43,-11.18,-14.97,-10.11,-12.96,-9.48,-11.55,-12.84,-17.06,-15.11,-2.48,-4.51,-7.5,-10.57,2.1,-1.21,10.09,2.01,-1.69,7.67,12.23,-1.21,-5.91,6.04,-0.48,5.89,-1.25
2013,1,24,201301,-20.01,-13.13,-15.5,-7.98,-9.94,-8.09,-7.75,-11.14,-16.47,-19.14,-5.51,-5.02,-4.21,-6.88,8.4,2.35,12.5,6.07,0.36,8.88,13.77,-1.48,-3.46,7.6,2.29,7.36,0.38
2013,1,25,201301,-17.53,-12.61,-14.49,-8.52,-10.75,-4.75,-6.91,-9.68,-11.05,-11.43,-0.9,-1.72,-7.07,-7.71,6.07,-2.32,15.14,6.79,0.13,8.29,14.63,0.97,-2.32,8.53,4.08,7.8,1.57
2013,1,26,201301,-14.76,-8.71,-10.82,-6.13,-7.3,-5.1,-4.48,-5.83,-12.11,-12.43,1.87,-0.22,-3.3,-4.16,11.56,2.86,15.98,7.43,1.44,8.48,14.32,1.28,-0.64,9.34,4.94,7.95,1.19
2013,1,27,201301,-13.76,-9.61,-9.65,-6.31,-6.01,-2.87,-4.6,-4.97,-6.13,-7.45,5.1,1.12,-2.87,-4.7,8.77,2.27,17.02,7.18,1.8,11.59,16.14,2.72,-1.35,7.84,3.78,5.24,-1
2013,1,28,201301,-11.51,-6.72,-5.8,-2.91,-3.11,5.81,2.33,-0.85,-1.42,-3.52,7.78,11.37,-0.06,0.22,11.18,4.21,18.93,11.83,8.98,16.89,17.49,0.94,-4.37,5.78,0.48,2.06,-1.2
2013,1,29,201301,-4.8,-0.4,-0.79,3.21,2.31,12.92,8.06,0.27,0.07,-2.85,5.88,16.37,7.48,5.74,15.81,12.03,20.45,16.45,14.71,18.12,16.69,-5.59,-7.77,-0.51,-1.31,2.57,0.73
2013,1,30,201301,0.64,3.77,4.7,7.3,6.54,8.58,11.49,2.21,-3.34,-9.35,-1.52,6.88,11.94,8.77,19.3,16.65,21.56,16.71,15.2,10.68,7.6,-9.11,-8.18,0.36,-2.71,4.78,1.78
2013,1,31,201301,4.67,6.32,3.05,7.67,2.68,-5.68,-2.26,-5.57,-11.43,-17.11,-5.58,-3.45,5.99,2.89,7.84,9.98,15.29,3.78,2.37,3.2,4.66,-5.11,-6.46,2.57,-1.24,5.66,2.22
2013,2,1,201302,-7.37,-3.65,-7.12,-2.52,-6.89,-12.85,-9.93,-9.88,-17.38,-19.9,-9.03,-11.19,-3.12,-5.63,3.12,1.62,9.17,0.3,-2.66,0.86,6.66,-4.77,-4.18,4.25,0.04,5.92,1.73
2013,2,2,201302,-11.93,-6.29,-9.23,-5.32,-9.13,-6.57,-8.78,-10.52,-14.87,-11.27,-1.75,-2.83,-5.59,-7.77,1.76,-0.9,9.61,0.71,-2.47,4.21,9.62,-3.62,-4.01,5.18,0.43,6.29,0.57
2013,2,3,201302,-8.11,-4.38,-7,-2.41,-5.39,-4.83,-5.6,-9.82,-13.36,-7.89,0.67,-0.13,-0.86,-2.76,5.88,3.93,11.42,5.01,1.28,7.18,10.47,-2.52,-3.98,6.75,1.39,7.27,0.06
2013,2,4,201302,-7.89,-4.18,-7.26,-3.26,-7,-3.35,-5.01,-9.59,-13.1,-8.99,1.72,1.04,-1.2,-3.93,4.82,2.98,11.05,3.68,0.76,8.16,12.88,-2.13,-3.75,6.46,1.59,6.15,0.77
2013,2,5,201302,-12.55,-5.87,-8.53,-1.21,-3.96,-2.86,-2.42,-8.5,-10.81,-5.84,2.62,1.85,2.65,0.44,8.73,6.25,13.58,9.17,6.99,10.91,13.29,-1.82,-2.79,6.6,1.52,6.29,1.02
2013,2,6,201302,-9.32,-2.59,-5.24,0.13,-2.62,-1.01,-2,-6.81,-10.24,-6.95,4.27,3.63,3.74,0.67,12.75,8.65,16.78,10.15,6.68,11.98,14.48,-0.39,-2.42,7.08,1.42,5.13,0.39
2013,2,7,201302,-13.13,-6.44,-8.97,-1.84,-3.5,2.17,-0.48,-4.07,-3.33,-5.33,6.32,6.96,2.51,-0.05,12.08,7.65,19.44,10.45,7.41,13.69,14.55,-1.95,-4.66,6.04,0.53,4.36,0.48
2013,2,8,201302,-12.69,-3.37,-5.18,1.86,-1.06,1.84,1.4,-4.1,-5.14,-6.45,1.95,3.28,4.27,1.83,11.94,9.39,19.22,10.81,8.9,10.12,11.3,-2.51,-4.12,5.2,0.19,2.93,-1.44
2013,2,9,201302,-10.68,-4.2,-6.83,-0.53,-4.5,-0.34,-2.39,-7.16,-6.79,-5.3,2.1,1.86,0.56,-1.95,8.79,5.39,15.82,5.66,3.21,6.57,10.52,-1.89,-4.84,2.65,-0.55,1.11,-2.2
2013,2,10,201302,-10.56,-7.75,-9.11,-3.43,-4.84,3.23,0.08,-4.24,-3.49,-3.88,3.75,7.58,0.23,-1,9.26,4.47,16.98,9.29,7.05,11.99,13.32,-5.59,-5.71,0.24,-3.42,1.54,-0.59
2013,2,11,201302,-6.84,-2.45,-2.2,1.48,1.13,4.64,5.13,0.64,-0.62,-4.14,-0.61,4.6,5.99,5.04,16.16,11.93,20.15,13.35,11.02,9.06,10.01,-7.69,-8.51,0.17,-4.36,1.91,-1.38
2013,2,12,201302,-0.01,1.48,-0.29,3.73,0.99,0.92,1.03,-2.4,-4.96,-5.98,-0.71,2.38,6.04,3.16,12.86,11.33,20.36,8.2,5.91,7.1,9.24,-8.55,-7.56,-0.57,-3.84,2.27,0.27
2013,2,13,201302,-1.88,-0.21,-1.8,1.7,-0.6,1.78,0.64,-2.41,-3.94,-2.71,1.23,3.76,4.74,1.86,12.95,10.17,21.28,7.89,6.3,6.85,7.03,-6.32,-4.27,0.13,-3.08,3.61,1.75
2013,2,14,201302,-2.46,-0.49,-2.01,2.86,-0.06,3.34,1.75,-0.68,-1.44,-2.7,2.14,3.92,3.72,1.7,8.3,7.84,16.13,5.53,4.17,6.03,7.13,-4.49,-4.22,2.72,-1.25,5.4,1.3
2013,2,15,201302,-1.12,1.13,0.27,3.69,1.24,0.43,1.15,-3.82,-7.5,-8.08,-1.43,1.75,4.4,2.8,7.82,6.85,12.73,6.43,4.82,6.32,7.36,-6.52,-5.78,3.61,-1.22,6.26,1.75
2013,2,16,201302,-1.18,0.73,-3.16,3.11,-1.65,-4.94,-3.56,-7.16,-10.88,-7.89,-1.87,-2.43,2.74,0.41,6.08,5.21,12.41,3.42,0.66,2.59,5.1,-4.99,-3.32,3.95,-0.55,6.82,1.69
2013,2,17,201302,-6.1,-4.29,-8.46,-2.33,-5.37,-4.69,-5.88,-8.35,-11.96,-5.34,2.9,0.12,-3.13,-4.64,-0.11,-0.8,6.25,0,-2.19,4.36,7.66,-1.69,-2.56,5.58,0.98,6.27,0.1
2013,2,18,201302,-9.92,-8.38,-10.2,-4.76,-6.62,1.13,-2.15,-5.13,-4.92,-4.04,3.85,5.69,-3.24,-3.91,2.24,-0.26,6.71,4.28,2.35,10.06,12.64,-4.02,-5.59,4.36,-0.45,4.97,-1.08
2013,2,19,201302,-6.71,-2.94,-3.01,0.36,-0.72,-1.34,1.06,-1.88,-9.05,-14.3,-2.18,0.04,1.34,1.28,6.9,4.54,15.2,7.9,4.99,6.79,9.26,-6.13,-6.75,4.85,0.02,4.24,0.24
2013,2,20,201302,-1.16,-0.04,-3.95,0.27,-4.78,-7.83,-6.03,-9.25,-14.11,-18.16,-5.05,-4.64,-0.52,-2.83,5.41,4.69,15.52,2.04,-0.54,3.73,9.99,-4.35,-6.03,3.93,0.54,1.88,-1
2013,2,21,201302,-5.58,-5.29,-8.37,-3.49,-6.49,-5.86,-5.27,-8.24,-11.25,-11.72,-4.51,-3.6,-2.01,-4.07,7.18,3.06,16.25,3.4,0.05,4.44,12.07,-5.66,-6.78,1.45,-2.5,1.75,-1.17
2013,2,22,201302,-4.67,-3.58,-6.21,-2.88,-5.89,-0.9,-1.15,-5.28,-5.59,-8.29,-6.99,-1.74,-0.24,-1.01,11.55,4.51,20.21,10.64,7.4,3.8,7.51,-7.65,-6.86,1.57,-2.57,2.56,0.08
2013,2,23,201302,-3.59,-0.53,-1.49,2.41,-0.4,-3.73,-0.6,-2.16,-4.59,-7.71,-7.35,-4.71,3.7,3.79,12.65,7.9,21.09,10.4,8.15,3.58,6.83,-7.77,-5.47,1.7,-1.48,4.27,-0.04
2013,2,24,201302,-1.41,1.52,-0.92,3.4,-0.89,-3.16,-1.8,-2.37,-4.4,-6.23,-4.03,-0.93,5.32,2.06,13.2,10.01,20.23,7.61,4.64,5.56,9.14,-5.64,-6.05,1.22,-2.59,2.28,-1.76
2013,2,25,201302,-1.98,0.26,-1.66,0.59,-2.45,-0.72,-0.76,-1.86,-3.27,-4.92,-1,2,1.69,-0.17,11.58,6.66,20.77,9.01,4.49,8.49,10.53,-7.73,-7.29,-1.01,-3.92,3.06,-0.65
2013,2,26,201302,-1.79,0.88,-0.96,2.6,-1.24,0.94,0.05,-2.1,-3.23,-5.22,-1.34,1.88,1.64,1.11,14.34,8.47,21.31,9.75,8.46,6.06,5.47,-7.13,-5.4,1.67,-2.47,3.19,-1.04
2013,2,27,201302,-1.03,1.96,0.42,6.66,2.57,0.43,2.33,-0.44,-2.01,-4.8,-1.04,0.21,6.36,4.75,9.25,10,16.95,6.62,4.86,4.33,6.78,-7.51,-7.02,0.48,-3.88,3.77,0.17
2013,2,28,201302,-0.46,2.97,0.65,5.05,1.37,-0.12,0.24,-0.73,-1.79,-4.89,-1.23,-0.1,3.76,2.07,7.16,6.44,14.37,4.89,2.98,3.51,4.58,-7.74,-5.96,1.1,-2.08,5.75,2.43
2013,3,1,201303,-0.58,1.94,-0.77,2.63,-0.26,-0.6,-0.3,-3.64,-4.03,-6.06,-0.96,-0.78,1.69,0.61,5.02,3.96,11.6,3.61,1.47,2.74,5.46,-4.29,-2.35,3.87,0.62,7.8,4.7
2013,3,2,201303,-1.19,0.3,-3.52,1.03,-2.39,-2.05,-1.9,-4.73,-6.39,-6.36,-0.89,-1.78,0.55,-1,4.02,3.59,9.14,2.02,0.59,1.67,5.5,-1.12,0.07,7.49,2.88,9.53,4.95
2013,3,3,201303,-1.55,-0.76,-4.45,-1.08,-3.93,-3.9,-2.58,-5.1,-7.2,-3.68,2.62,-1.63,-1.16,-2.42,2.16,1.75,6.92,0.64,-1.17,3.26,8.11,1.57,0.82,8.89,4.79,9.5,2.56
2013,3,4,201303,-1.67,-1.41,-5.25,-1.4,-4.05,-1.77,-2.48,-5.8,-5.89,-2.53,3.5,2.44,-0.71,-2.18,2.21,1.47,7.11,3.31,0.8,8.7,12.91,1.26,-3.6,8.38,4.19,7.1,-0.7
2013,3,5,201303,-1.07,-0.91,-4.19,0.02,-2.71,1.02,0.45,-4.7,-3.25,-4.31,-0.46,3.3,1.64,0.58,8.91,4.8,11.98,10.44,7.59,10.07,11.59,-5.16,-6.89,7.81,2.61,7.63,1.12
2013,3,6,201303,-0.44,1.42,-0.92,2.47,-0.12,-1.14,0.19,-1.98,-4.24,-7.78,-2.07,-1.81,2.38,1.48,6.06,5.61,13.03,3.43,1.04,3.43,5.69,-1.56,-3.29,8.93,3.68,6.49,2.79
2013,3,7,201303,-1.17,0.97,-1.01,2.47,0.25,-2.27,-0.93,-1.6,-5.36,-6.53,0.92,-1.35,1.83,1.07,3.94,4.14,7.98,2.7,1.35,5.56,8.96,1.54,-1.35,8.35,4.08,4.61,1.59
2013,3,8,201303,-1.34,0.42,-1.24,1.7,-0.82,-1.08,-1.37,-2.53,-4.12,-4.12,4.33,2.18,1.17,0.2,6.8,4.38,10.55,4.96,2.93,8.78,14.39,1.77,-1.73,7.43,4.32,4.88,0.95
2013,3,9,201303,-1.79,-0.01,-2.34,2.08,-1.5,2.06,0.45,-1.14,-1.48,-1.15,8.65,7.1,2.54,1.02,7.87,4.8,12.94,7.87,5.16,13.05,16.45,0.96,-2.01,3.74,2.07,4.22,0.96
2013,3,10,201303,-1.56,0.94,-0.21,3.53,1.57,8.31,7.18,2.01,0.71,-2.61,2.73,11.23,5.91,5.36,10.88,8.23,15.87,12.75,10.27,13.75,12.5,-4.33,-3.46,4.56,-0.03,5.38,1.57
2013,3,11,201303,1.34,3.1,3.6,5.22,5.13,5.75,9.36,3.57,-0.78,-5.51,-2.68,2.76,7.9,7.68,14.68,10.59,17.96,12.78,11.72,6.16,6.89,-3.16,-1.47,5.57,1.32,7.25,3.51
2013,3,12,201303,3.9,6.48,4.49,9.56,7.45,0.8,2.97,-0.39,-3.31,-4.48,0.3,1.24,11.55,8.07,13.31,15.15,17.45,5.82,5.13,5.89,9.06,-1.75,-2.4,7.99,4.01,9.55,4.86
2013,3,13,201303,4.55,5.69,0.69,5.44,1.46,-1.2,-0.19,-3.22,-5.26,-6.74,-0.55,0.46,4.09,2.03,7.11,7.9,13.15,4.72,2.69,6.2,9.96,-0.45,1.31,10.56,5.86,11.18,6.46
2013,3,14,201303,-1.15,-0.39,-3.75,0.41,-2.59,-1.09,-1.49,-3.69,-5.12,-1.77,5.61,3.04,0.16,-1.29,3.62,3.03,9.65,2.81,0.74,7.61,11.87,2.95,3.61,12.09,7.59,12.67,7.7
2013,3,15,201303,-5.55,-3.64,-4.63,0.06,-1.57,3.62,2.06,-1.33,-2.38,-0.56,10.77,10.19,2.19,1.16,6.67,4.89,10.22,7.98,6.76,13.02,14.46,4.87,4.23,13.18,8.65,12.22,6.85
2013,3,16,201303,-4.25,-1.43,-3.97,2.37,0.62,7.51,7.1,-3.82,-3.88,-5.54,7.84,11.69,8.54,7.24,12.01,11.24,13.57,13.48,13.34,14.92,15.9,4.56,1.57,12.3,8.18,10.73,4.76
2013,3,17,201303,-6.53,-2.43,-5.79,1.51,-1.42,1.84,1.6,-5.35,-8.09,-8.54,1.89,4.72,8.34,4.66,14.17,13.22,15.99,13.19,13.61,13.91,16.22,1.82,-0.31,10.69,6.38,8.86,1.11
2013,3,18,201303,-8.84,-4.63,-6.31,-0.33,-3.36,2.56,1.56,-4.23,-5.23,-5.02,3.06,5.06,4.09,2.49,16.22,11.57,19.47,15.5,14.53,13.9,16.15,-1.41,-4.64,9.25,4.22,8.28,0.2
2013,3,19,201303,-4.65,-0.5,-1.53,4.67,0.5,-0.35,1.04,-3.01,-7.04,-9.21,2.07,1.82,6.69,4.46,16.04,12.96,20.46,12.07,8.44,10.55,14.04,-1.77,-3.76,9.46,4.78,9.41,1.09
2013,3,20,201303,-4.3,-0.68,-3.32,1.88,-2.22,-3.43,-2.27,-5.35,-11.54,-10.87,0.23,-0.38,2.33,0.23,8.82,6.13,18.38,6.49,4.03,8.29,13.41,-1.89,-1.78,10.32,5.9,9.82,4.76
2013,3,21,201303,-3.33,-1.15,-4.35,0.93,-3.85,-5.41,-4.71,-4.64,-9.84,-10.64,0.5,-2.99,-0.25,-2.42,4.95,3.27,13.58,2.41,-0.43,5.86,13.35,1.83,0.14,11.08,6.07,8.22,0.35
2013,3,22,201303,-3.75,-1.85,-3.84,-0.72,-2.95,-2.69,-2.06,-3.52,-7.81,-8.29,0.85,-0.74,-1.85,-2.36,4.26,0.86,12.27,4.37,0.62,8.22,16.1,-1.99,-3.91,9.51,3.54,6.42,-1.35
2013,3,23,201303,-2.59,-0.59,-1.99,0.92,-1.2,1.2,0.45,-1.9,-4.3,-4.75,-0.29,1.75,1.45,0.09,9.23,5.14,18.43,9.55,6.15,9.99,15.53,-5.09,-6.77,7.04,1.26,5.61,-1.77
2013,3,24,201303,-0.79,0.32,-1.45,1.75,-1.12,1.39,0.56,-1.02,-2.19,-4.74,-2.91,2,2.07,0.82,14.35,7.48,21.51,11.67,9.6,7.79,9.57,-9.73,-7.51,4.96,-0.96,7.51,-0.42
2013,3,25,201303,0.31,1.12,-0.92,3.05,0.46,-0.15,0.95,-0.74,-2.18,-4.77,-4.28,-0.72,1.21,1.1,7.98,5.54,16.09,3.58,1.97,1.5,3.84,-9.24,-6.33,6.5,1.17,9.57,1.8
2013,3,26,201303,0.47,1.76,0.48,3.68,1.05,-0.06,0.79,0.35,-1.41,-4.97,-3.08,-0.54,1.1,0.89,2.75,2.26,8.43,2.13,0.65,1.56,4.61,-5.05,-2.26,9.14,3.55,9.65,3.93
2013,3,27,201303,0.59,1.66,0.02,3.65,0.77,0.66,1.16,0.36,-0.72,-3.69,1.44,1.31,1.97,1.3,3.63,3.27,6.81,3.34,2.05,4.68,8.43,1.19,0.6,10.12,6,9.28,5.11
2013,3,28,201303,1.76,3.09,0.69,3.45,0.81,2.56,1.87,0.66,-1.18,-1.86,5.21,5.63,2.04,1.33,5.24,4.04,8.96,5.93,4.45,9.18,14.1,2.48,2.54,10.93,7.81,9.82,6.62
2013,3,29,201303,2.7,4.56,1.43,4.63,1.76,5.39,3.56,0.68,-0.87,0.58,9.66,9.96,2.78,2.62,7.74,5.25,12.02,8.62,6.47,14,17.25,4.64,4.29,11.59,8.8,10.83,7.42
2013,3,30,201303,1.57,4.59,1.37,5.49,2.99,6.78,4.95,2.17,1.95,3.75,12.74,10.85,6.35,5.18,12.2,9.35,14.88,12.33,10.31,16.08,18.74,5.16,4.19,12.35,9.16,12.15,7.58
2013,3,31,201303,2.15,4.42,2.87,5.83,3.57,9.58,7.56,4.12,1.71,0.9,10.25,11.89,8.1,5.69,15.37,12.76,17.61,14.85,12.96,16.36,19.05,4.41,3.26,12.15,9.35,11.34,8.45
2013,4,1,201304,3.96,7.21,3.51,8.22,4.02,3.99,4.67,-1.32,-3.67,-3.98,4.7,6.53,9.99,6.64,17.03,15.15,19.75,14.1,11.35,14.22,17.78,3.87,3.15,11.27,8.46,9.14,8.32
2013,4,2,201304,-2.72,-0.2,-3.43,1.54,-1.66,0.37,-0.03,-3.04,-3.93,-3.38,2.59,2.53,4.27,0.94,12.89,9.99,19.27,9.86,5.54,10.92,17.61,2.4,3.51,9.61,7.61,9.45,8.1
2013,4,3,201304,-4.67,-1.15,-3.31,0.57,-1.78,1.02,0.01,-2.68,-4.21,-1.24,3.54,2.74,2.22,0.19,12.71,8.54,19.36,8.21,4.88,8.07,13.36,1.48,4.7,9.95,7.2,11.02,7.93
2013,4,4,201304,-2.13,0.18,-1.51,1.1,-1.14,3.1,1.02,0.33,0.24,1.41,5.54,4.63,1.46,0.42,11.68,6.81,21.17,8.22,5.32,7.55,10.33,3.59,4.95,11.68,8.26,11.92,9.3
2013,4,5,201304,1.64,3.87,1.21,5.18,2.63,5.45,4.33,0.66,-0.88,-0.25,9.53,7.61,5.81,5.11,10.62,7.75,19.2,9.95,8.27,9.64,11.85,6.04,6.24,13.04,8.99,10.5,7.22
2013,4,6,201304,-2.39,0.88,-1.3,3.66,1.41,8.76,4.92,0.64,2.35,4.14,12.59,11.57,6.38,4.91,11.53,9.55,16.66,11.02,10.04,13,14.98,5.58,4.83,12.19,8.47,10.22,6.12
2013,4,7,201304,-1.43,2.01,3.39,5.25,5.64,12.6,11.84,5.82,4.46,3.89,12.55,14.25,7.93,8.44,14.09,11.13,18.69,14.01,12.95,16.15,17.91,5.33,4.28,12.25,8.54,10.36,4.69
2013,4,8,201304,5.27,8.24,7.8,11.8,11.15,15.58,13.76,4.22,5.53,4.81,13.94,17.74,13.67,13.21,17.77,15.92,20.48,16.91,16,18.89,19.37,5.62,1.52,11.9,7.66,8.31,2.54
2013,4,9,201304,5.69,10.86,9.97,14.8,14.06,17.47,16.46,5.62,5.58,-0.95,9.84,19.5,17.44,16.45,19.64,18.58,21.72,19.49,18.45,20.55,20.18,0.37,-4.52,7.57,4.55,5.98,3.27
2013,4,10,201304,5.92,10.43,8.58,16.61,16.04,16.58,18.6,3.55,1.4,-2.4,-1.97,18.21,19.32,18.43,20.2,19.78,22.04,20.49,19.89,16.59,14.81,-7.33,-3.45,5.35,2.66,8.75,6.12
2013,4,11,201304,3.36,8.56,4.75,15.38,15.09,12.96,16.36,0.75,-0.37,-1.83,-1.7,9.31,19.47,18.94,20.46,19.54,23.24,19.59,18.92,9.17,8.24,-2.54,1.3,7.39,5.18,11.32,4.53
2013,4,12,201304,-0.11,3.33,1.92,9.8,11.38,5.38,9.86,0.14,-0.35,-1.17,1.81,4.18,17.56,14.93,20.8,19.77,24.01,12.85,11.59,8.93,12.21,1.62,1.65,10.38,6.71,10.9,3.96
2013,4,13,201304,0.74,4.39,3.14,9.99,6.76,4.81,5.2,0.86,-0.07,-0.08,6.41,6.63,11.5,8.83,13.71,14.78,21.08,11.03,9.17,11.88,14.96,3.26,2.36,11.79,8.52,11.82,4.04
2013,4,14,201304,2.77,6.15,3.15,8.89,5.71,9.27,7.11,1.18,-0.09,0.66,11.44,13.06,10.65,8.69,13.87,14.01,20.9,12.94,11.41,15.68,17.66,3.95,-0.35,11.9,7.52,10.23,0.93
2013,4,15,201304,3.41,4.37,4.15,7.49,7.68,14.13,12.2,6.02,4.64,0.92,5.78,14.74,11.93,10.94,17.26,16.38,23.02,17.02,15.19,18.46,19.38,0.76,-2.13,11.77,7.23,8.7,1.27
2013,4,16,201304,5.82,7.1,8.9,10.47,12.01,10.78,15.73,7.15,2.42,0.06,3.46,11.98,14.91,14.38,20.43,17.77,23.49,21.11,19.88,19.71,20.05,0.7,-2.73,10.71,5.54,5.98,1.37
2013,4,17,201304,7.27,10.82,7.98,14.23,13.44,13.1,14.85,3.98,2.99,0.77,5.22,16.19,18.34,17.73,21.32,19.37,23.12,22.82,22.16,21.97,21.89,-0.08,-3.75,7.45,4.05,5.11,1.33
2013,4,18,201304,4.04,7.45,7.79,11.52,13.61,19.04,19.16,7.96,3.88,0.14,1.36,16.9,18.79,17.58,20.99,20.04,22.88,22.21,21.43,18.35,17.1,-5.93,-3.78,3.61,0.96,5.75,3
2013,4,19,201304,11.33,13.28,14.63,14.79,16.15,6.09,12.04,6.79,0.98,-1.17,1.3,4.18,17.83,16.23,21.03,19.54,23.68,14.38,13.41,6.95,7.93,-3.57,0.23,5.45,2.34,9.27,6.03
2013,4,20,201304,11.02,12.19,6.21,11.83,6,3.4,3.38,-1.11,-2.14,-2.29,4.4,4.81,9.93,6.88,10.89,13.06,19.03,7.47,5.87,8.38,9.66,1.36,3.2,8.89,5.67,10.88,5.75
2013,4,21,201304,1.39,3.95,0.5,5.09,1.84,5.24,3.75,-0.18,-0.07,1.73,8.47,8.74,6.41,4.68,11.04,9.51,17.95,9.15,7.81,11.6,13.26,3.24,2.61,10.86,7.2,11.98,5.53
2013,4,22,201304,1.37,3.44,2.52,5.52,4,9.22,6.83,4.32,5.97,1.63,9.41,11.1,6.33,6.32,14.07,10.59,20.1,12.63,11.47,13.47,17,4.18,0.15,12.39,8.8,13.04,4.54
2013,4,23,201304,2.63,4.08,4.35,7.15,5.94,12.02,10.7,6.95,5.3,-0.41,1.62,11.73,9.08,8.24,13.89,11.85,19.85,15.74,13.51,15.14,17.82,-2.34,-2.13,12.27,6.55,12.04,3.85
2013,4,24,201304,6.95,8.76,8.47,10.62,10.31,6.86,11.35,4.3,2.01,0.51,1.54,6.14,12.88,12.71,16.48,15.12,20.27,17.28,15.36,10.54,10.41,-3.17,0.27,10.57,4.73,11.42,5.37
2013,4,25,201304,9.01,9.96,7.24,10.87,7.34,6.18,5.05,2.92,3.85,1.95,6.17,7.09,11.83,8.92,18.19,16.54,21.91,11.97,8.72,10.2,12.3,1.78,2.89,12.53,7.15,11.66,8.18
2013,4,26,201304,5.38,7.39,5.49,9.31,6.85,7.99,7.01,4.37,5.82,7.68,10.94,9.6,9.43,8.32,14.69,13.67,21.25,11.74,9.66,14.04,17.77,5.14,5.53,11.75,9.01,12.76,10
2013,4,27,201304,6.78,8.53,5.96,9.96,7.84,11.13,10.49,9.5,11.42,11.36,11.94,9.34,11.41,10.33,15.69,12.82,21.17,15.52,11.34,16.52,19.66,5.63,7.72,12.65,9.87,13.9,9.92
2013,4,28,201304,8.73,9.6,9.12,10.69,9.59,12.44,12.63,10.57,11.98,12.93,14.17,12.4,11.22,11.06,17.87,13.96,21.82,18.37,15.66,17.24,19.21,7.33,8.08,13.74,10.92,14.53,8.27
2013,4,29,201304,9.59,9.74,9.67,10.59,10.54,14.86,14.39,12.13,13.32,11.52,15.77,15.76,13.03,12.17,20.15,17.35,22.46,18.07,15.88,18.46,19.78,8.78,6.86,14.92,11.4,15.1,6.97
2013,4,30,201304,10.03,10,10.98,12,12.56,18.49,16.24,14.78,16.55,12.26,16.03,19.18,14.99,14.16,19.92,18.1,22.48,18.79,17.44,19.55,20.23,8.99,3.7,15.25,11.56,13.91,2.65
2013,5,1,201305,10.75,9.82,11.87,10.47,12.38,19.36,18.01,16.03,12.43,5.46,9.99,18.83,14.4,14.31,19.96,17.45,22.81,20.08,18.9,20.25,21.2,3.99,-0.29,13.7,8.33,12.06,2.84
2013,5,2,201305,11.23,11.11,12,10.24,10.73,18.01,16.87,13.13,5.54,3.16,3.4,14.96,12.71,12.14,18.25,16.54,21.34,18.48,17.69,15.23,15.88,-2.45,0.69,10.84,5.15,11.74,6.21
2013,5,3,201305,9.06,10.02,12.25,10.39,11.25,12.96,16.62,10.92,2.03,2.69,2.78,6.25,11.78,11.97,16.67,14.96,20.73,17.03,16.39,8.93,7.29,-0.62,4.64,11.18,5.88,13.49,9.98
2013,5,4,201305,10.04,9.3,11,9.91,9.99,14.48,13.78,12.21,7.86,3.69,3.96,5.53,9.91,10.07,14.47,13.17,19.48,11.16,11.11,7.22,10.75,3.15,6.33,13.07,8.14,13.54,10.03
2013,5,5,201305,9.77,8.01,11.68,8.72,9.89,13.22,12.37,11.44,10.67,6.32,6.58,8.56,10.02,9.51,11.01,14.05,18.45,10.65,10.17,9.32,12.45,4.13,6.62,12.97,9.24,12.18,10.42
2013,5,6,201305,10.12,9.47,11.11,10.1,10.04,14.26,12.5,12,11.99,10.24,10.54,12.89,12.15,11.02,12.44,14.31,16.79,11.27,10.82,12.91,14.19,6.38,8.51,12.98,10.24,11.86,12.37
2013,5,7,201305,11.72,12.65,12.95,13.37,13.48,15.96,14.84,13.63,14.18,13.63,13.63,15.94,13.39,13.01,14.07,15.33,17.89,14.55,12.8,16.6,16.78,7.65,9.61,12.46,9.92,10.88,12.79
2013,5,8,201305,14.45,14.69,14.5,14.62,14.13,17.15,16.15,14.94,14.82,14.5,15.42,17.21,13.68,13.34,16.37,15.23,19.52,17.44,16.35,18.57,19.5,7.71,9.46,11.3,9.73,11.22,13.15
2013,5,9,201305,14.35,14.22,13.64,14.57,13.34,17.89,17.17,14.49,14.25,12,15.21,18.42,14.54,14.46,19.3,18.16,21.03,19.17,18.39,19.53,20.16,6.57,9.83,12.23,10.3,12.66,14.11
2013,5,10,201305,14.55,15.16,14.47,16.37,14.89,17.1,18.26,10.37,8.74,9.96,13.43,17.66,17.3,16.81,20.55,20.15,22.55,19.53,18.57,20.01,20.32,6.66,10.48,13.38,11.38,14.95,14.68
2013,5,11,201305,14.36,16.17,15.13,18.04,16.03,12.33,13.8,6.3,6.66,7.15,11.99,14.04,18.36,16.41,20.32,20.68,23.24,18.99,17.13,18.37,18.97,7.16,9.85,14.64,12.03,16.77,15.32
2013,5,12,201305,13.32,14.9,9.51,15.32,9.5,6.18,7.71,3.08,2.75,5.04,9.56,7.63,14.06,11.44,19.26,18.36,23.61,15,11.87,14.58,17.18,8.76,12.16,15.37,12.68,17.55,16.02
2013,5,13,201305,6.37,7.32,4.02,7.9,4.62,7.75,6.15,3.21,4.23,10.76,14.51,10.53,7.29,6.1,12.46,11.28,20.92,10.99,9.17,14.91,17.18,11.26,14.55,16.72,13.89,17.19,13.64
2013,5,14,201305,5.12,6.84,4.62,6.83,4.49,15.09,10.28,8.08,12.24,17.3,19.48,17.47,8.01,6.73,12.92,10.87,17.71,14.68,13.37,18.18,18.89,13.15,12.77,17.58,13.91,16.4,9.01
2013,5,15,201305,7.25,8.53,8.19,11.9,12.24,20.59,19.12,14.35,16.21,15.62,19.03,19.86,15.02,15.26,17.63,16.53,19.78,18.88,18.54,19.51,21.13,13.28,10.96,17.24,14.11,14.53,8.9
2013,5,16,201305,10.74,13.52,12.93,18.33,17.05,20.18,19.51,12.97,14.85,15.18,18.61,20.65,19.55,19.11,19.36,20.27,21.52,19.94,18.65,19.96,22.34,12.2,11.32,15.56,13.38,13.92,9.74
2013,5,17,201305,9.75,12.04,9.88,15.25,12.82,20.14,18.59,10.61,11.67,15.03,19.67,19.91,18.81,17.49,20.52,20.99,23.01,20.81,19.53,21.57,23.72,12.1,10.72,14.97,12.25,12.4,9.49
2013,5,18,201305,9.26,12.36,10.89,14.06,13.86,20.77,18.83,12.27,13.8,17.96,21.34,21.24,18.66,17.88,21.69,21.26,24.11,22.63,20.81,24.38,24.59,10.43,9.84,13.96,11.54,11.8,8.17
2013,5,19,201305,10.23,13.12,12.85,14.7,16.05,22.52,20.4,15.96,18.52,18.28,21.14,24.11,18.53,17.63,22.61,21.29,24.5,23.67,22.67,24.42,23.27,8.11,8.13,14.26,10.31,12.8,7.92
2013,5,20,201305,12.59,16.43,16.95,17.88,18.91,24.21,22.83,19.29,20.08,15.57,16.33,23.51,19.96,19.51,22.8,21.22,24.13,24.02,22.97,23.87,23.04,6.91,7.58,13.43,9.44,13.59,9.68
2013,5,21,201305,14.75,19.84,20.48,21.45,21.74,23.36,23.58,19.53,17.88,12.34,13.49,21.14,21.25,21.24,23.92,22.29,23.96,24.22,23.74,22.46,22.57,6.93,8.65,13.86,10.91,14.17,10.12
2013,5,22,201305,13.56,18.8,21.1,21.68,22.13,19.78,21.4,17.63,14.55,11.2,12.54,17.15,21.79,21.52,23.08,22.07,23.98,23.32,22.82,20.15,20.96,8.84,9.06,15.32,11.08,11.15,4.77
2013,5,23,201305,16.44,19.47,19.92,21.09,20.41,15.21,17.57,10.55,10.27,11.53,13.66,15.68,20.84,20.17,23.13,21.85,25.2,21.71,20.3,20.83,23.62,10.11,8.36,15.52,10.15,9.18,4.99
2013,5,24,201305,15.72,17.31,10.85,16.88,11.38,10.38,9.5,5.25,6.53,11.17,15.37,13.4,15.44,13.03,19.88,19.15,24.86,18.25,15.49,20.45,24.47,11.23,8.11,15.09,11.13,10.23,6.07
2013,5,25,201305,7.44,8.73,5.43,8.42,5.88,10.71,9.03,7.21,9.72,13.58,20.11,14.35,9.09,7.57,15.54,12.47,22.77,15.02,13.07,20.42,23.2,12.34,9.27,15.04,12.63,11.29,7.1
2013,5,26,201305,6.43,6.92,6.46,9.3,6.85,12.5,11.05,9.1,10.18,14.32,21.64,19.36,10.6,9.42,18.01,14.64,22.38,17.64,16,22.27,23.49,12.26,11.05,14.58,12.84,12.09,9
2013,5,27,201305,7.44,9.19,8.15,11.61,9.37,17.49,12.97,10.21,10.79,15.18,21.79,21.9,13.36,11.59,20.71,17.26,22.67,19.94,18.91,23.21,24.04,11.7,10.65,14.42,11.97,12.42,8.54
2013,5,28,201305,9.98,12.03,10.42,13.36,13.39,21.17,19.19,12.11,11.74,16.82,21.35,22.56,18.24,17.17,21.93,20.79,23.63,22.09,21.3,23.53,24.12,10.78,9.81,14.83,11.88,13.34,9.11
2013,5,29,201305,11.64,14.92,16.44,18.77,20.06,23.12,22.33,17.96,17.64,18.06,20.85,22.73,21.61,20.74,22.22,22.1,23.81,21.99,21.44,23.25,24.04,9.23,9.26,15.18,11.32,14.04,8.85
2013,5,30,201305,17.49,20.89,20.37,22.59,21.38,22.89,22.45,20.79,21.1,18.61,19.04,22.3,21.87,21.66,23.3,22.16,24.05,23.47,22.43,23.59,23.67,7.75,8.25,16.3,11.48,13.94,7.57
2013,5,31,201305,20.46,22.74,21.96,23.37,22.1,22.48,22.22,21.28,20.08,16.47,17.29,21.79,21.57,21.3,23.64,22.6,24.47,23.58,22.75,24.15,24.51,7.27,7.13,17.76,12.52,14.79,8.38
2013,6,1,201306,22,22.51,21.71,22.56,21.78,22.28,22.28,20.16,18.28,13.12,14.98,21.88,22.68,22.05,23.96,23.47,24.82,24.14,23.05,24.32,24.93,6.97,8.18,17.92,12.6,16.68,10.98
2013,6,2,201306,21.99,22.24,21.43,23.15,22.12,18.05,20.51,14.62,11.96,11.2,13.58,16.72,22.47,21.76,24.33,23.25,25.2,23.75,21.83,20.99,22.76,9.51,10.76,19.04,14.06,17.62,11.78
2013,6,3,201306,18.58,19.77,15.94,21.67,18.03,15,15.95,8.07,10.93,11.75,15.41,15.58,21.41,19.39,24.59,23.31,25.59,22.63,20.74,19.99,22.09,13.25,10.42,18.58,15.76,17.31,11.34
2013,6,4,201306,11.74,13.44,10.02,16.77,11.82,14.67,13.32,10.08,11.16,12.55,18.49,16.83,18.93,15.66,24.84,23.32,25.68,22.32,20.74,22.29,24.59,12.61,8.86,18.2,15.45,17.3,12.34
2013,6,5,201306,9.73,12.03,11.03,14.83,13.31,17.01,15.39,11.31,10.49,12.68,16.22,19.89,17.7,16.79,24.74,22.25,25.75,23.77,22.5,24.14,24.86,10.98,9.75,18.17,15.7,17.95,14.76
2013,6,6,201306,10.97,14.38,12.52,16.02,15.4,17.67,18.62,11.58,10.85,13.3,14.48,19.57,18.87,18.27,23.83,21.76,24.92,24.19,22.77,22.75,23.96,10.51,12.1,18.78,16.08,19.06,15.93
2013,6,7,201306,11.84,14.56,14.06,18.4,17.36,17.42,17.01,12.01,11.98,14.24,15.92,18.03,19.76,19.01,22.66,21.75,24.02,22.92,22.36,20.48,22.31,12.58,14.25,19.5,17.33,19.69,15.38
2013,6,8,201306,12.64,15.43,14.97,18.44,16.89,17.16,16.94,13.3,13.17,15.35,17.92,18.02,19.36,18.04,23.9,23.58,25.99,21.92,20.91,20.74,21.84,13.65,14.02,19.64,17.47,20.82,13.68
2013,6,9,201306,13.85,17.47,15.52,20.17,17.47,19.41,19.78,15.58,14.11,15.5,17.98,19.5,20.63,19.12,25.07,24.5,26.05,23.27,21.92,22.64,24.22,12.92,13.48,19.97,18.11,20.23,13.89
2013,6,10,201306,15.19,17.17,16.1,19.17,18.85,20.44,20.6,16.84,17.72,17.12,19.5,19.58,21.68,20.22,24.54,23.64,26.25,23.51,22.55,23.98,24.94,16.17,15.07,19.96,18.93,17.72,12.5
2013,6,11,201306,13.73,17.23,16.69,20.85,18.61,21.92,20.57,18.42,20.11,19.53,23.78,23.43,21.22,19.82,25.09,23.68,26.57,24.49,23.63,25.14,25.04,16.42,14.64,19.19,17.5,16.32,11.53
2013,6,12,201306,13.08,15.91,15.54,19.65,18.99,25.78,23.95,19.65,19.99,18.1,24.24,25.48,22.07,21.59,26.86,24.84,26.57,26.46,25.73,26.12,25.57,15.17,13.63,19.94,17.48,16.98,9.18
2013,6,13,201306,13.33,13.78,15.19,19.57,19.73,23.38,23.03,17.33,17.15,16.73,19.87,23.54,24.08,22.44,27.35,26.45,27.03,26.31,25.42,26.32,25.89,15.98,14.04,20.37,17.11,15.26,8.99
2013,6,14,201306,13.86,13.53,14.69,16.78,15.94,18.86,17.55,14.5,15.22,17.8,22.75,21.28,18.1,16.99,25.56,22.25,26.76,23.84,20.81,26.51,25.31,16.38,11.23,19.48,15.29,14.54,8.76
2013,6,15,201306,14.07,15.7,14.63,17.69,15.68,20.5,18.71,15.63,18.02,18.74,23.13,23.28,18.06,17.67,23.58,20.12,26.62,21.91,20.5,25.25,25.12,14.62,10.1,19.74,15.56,15.47,11.88
2013,6,16,201306,13.68,15.63,14.52,18.58,17.16,23.51,21.43,19,19.62,17.89,23.06,23.84,20.38,19.66,24.26,21.91,26.83,24.56,22.67,25.43,26.07,15.26,12.86,19.95,16.74,16.08,13.71
2013,6,17,201306,16.32,19.08,17.43,21.86,20.1,23.55,22.61,17.4,17.61,17.3,22.25,24.35,22.13,21.23,25.48,23.8,27.16,25.42,23.94,25.7,26.71,14.64,14.19,19.1,16.82,16.1,14.05
2013,6,18,201306,14.83,18.48,16.28,22.06,19.59,21.74,21.73,15.01,14.88,17.13,20.79,22.27,22.26,21.13,25.3,24.23,27.06,24.65,23.05,24.28,25.98,14.77,15.08,18.43,16.38,15.3,13.16
2013,6,19,201306,12.72,15.61,12.67,18.87,15.34,19.96,18.8,12.85,14.63,18.85,21.49,22.29,20.58,19.58,24.66,23.54,26.82,24.24,22.6,24.41,25.26,14.7,14.77,18.07,15.24,13.5,10.18
2013,6,20,201306,13.98,15.82,13.43,17.27,15.11,21.86,18.59,16.15,17.95,21.11,23.14,23.4,19.95,18.77,24.48,22.37,26.76,23.97,22.87,25.44,25.98,14.67,10.92,17.46,13.99,13.37,8.55
2013,6,21,201306,15.46,17.92,16.47,18.19,17.9,23.74,20.8,18.73,20.29,22.41,25.02,25.03,19.97,19.59,23.06,21.99,26,24.36,22.94,26.06,25.85,15.01,10.79,17.71,14.6,14.53,8.94
2013,6,22,201306,16.85,19.2,18.89,19.74,19.82,25.79,23.46,20.95,21.65,21.83,24.82,26.24,20.78,20.56,23.75,22.69,25.51,24.36,23.2,26.12,25.59,14.52,11.41,17.6,14.63,15.3,10.76
2013,6,23,201306,19.29,21.31,22.27,21.85,22.28,24.49,23.92,22.64,23.2,20.96,23.69,24.54,22.1,21.57,24.27,23.8,26.06,24.5,23.53,25.57,25.71,13.78,11.61,17.67,15.39,16.39,13.64
2013,6,24,201306,21.95,23.41,22.77,24.11,22.59,24.24,23.35,23.25,22.56,20.14,23.71,25.18,23.43,22.88,24.92,24.16,26.2,24.66,23.43,25.89,25.67,14.62,14.15,17.56,15.74,15.58,13.1
2013,6,25,201306,22.51,23.6,21.93,24.02,22.12,25.67,24.55,22.87,22.96,23.01,24.33,25.6,23.78,22.84,24.94,24.6,26.5,25.21,24.22,26.31,26.39,14.3,14.46,18.01,15.73,15.11,11.35
2013,6,26,201306,21.26,22.63,21.37,24.33,22.5,25.56,25.01,22.58,23.57,23.32,24.7,26.05,23.84,23.14,25.14,24.85,26.39,25.91,24.61,26.71,26.77,16.13,14.97,19.11,17.39,17.7,12.54
2013,6,27,201306,18.6,21.47,21.23,24.5,21.84,25.86,24.13,22.27,22.85,21.68,25.68,26.25,23.42,22.44,26.23,25.28,26.86,26.75,25.81,27.85,27.11,18.12,16.61,20.59,18.86,19.97,14.74
2013,6,28,201306,17.01,20.19,20.05,23.69,20.63,23.3,22.92,19.57,19.24,19.51,24.24,25.69,23.24,22.31,26.94,25.96,27.24,26.98,25.88,27.73,26.66,18.64,18.32,22.57,20.43,21.63,17.86
2013,6,29,201306,18.68,21.57,18.32,23.35,19.16,19.91,19.82,17.65,17.37,18.72,20.97,20.35,22.35,20.68,25.53,25.31,26.68,24.64,22.57,24.73,26.35,17.92,19.07,24.11,20.92,22.63,19.82
2013,6,30,201306,19.71,22.26,18.91,23.21,20.77,18.82,19.81,17.11,16.36,18.22,19.15,18.81,23.01,21.47,24.94,24.64,26.26,22.57,21.34,22.02,25.48,16.8,18.71,24.13,20.84,22.77,19.93
2013,7,1,201307,20.13,21.51,19.32,22.66,20.54,18.34,19.58,16.38,16.93,18.39,18.1,18.79,22.36,21.77,24.65,23.65,26.02,22.09,20.78,20.67,22.94,15.53,19.12,23.97,20.66,22.85,20.99
2013,7,2,201307,18.18,22.05,18.86,23.08,20.76,17.5,19.64,15.55,16.95,19.02,17.62,17.66,21.79,21.57,24.06,23.34,25.74,22.19,20.8,20.29,21.55,15,19.68,23.5,19.82,23.32,21.74
2013,7,3,201307,19.87,22.97,21.68,23.71,22.21,17.67,21.61,17.36,16.07,19.65,18.64,18.68,21.78,21.64,23.88,23.18,25.72,22.9,21.26,20.67,21.08,14.66,19.6,23.68,19.72,23.33,19.97
2013,7,4,201307,22.89,24.32,23.24,24.97,23.05,20.08,21.64,19.66,18.48,19.9,19.74,20.4,22.92,22.1,24.1,24.15,25.8,23.02,21.71,21.85,22.34,15.83,19.26,23.31,19.99,23.28,16.28
2013,7,5,201307,23.66,25.31,23.25,25.42,23.12,22,21.08,20.24,19.54,21.22,21.52,21.49,23.71,22.65,24.33,24.37,25.82,22.79,21.2,23.22,23.67,17.1,18.22,23.77,20.52,21.83,14.65
2013,7,6,201307,23.17,25.19,23.01,26.34,23.65,22.23,22.12,21.66,21.27,22.48,23.06,22.34,24.15,23.57,24.49,24.49,25.75,22.71,21.6,24.17,24.66,17.74,17.24,23.36,20.06,20.14,14.2
2013,7,7,201307,22.49,24.61,23,26.3,23.62,23.08,21.93,22.09,22.6,23.1,24.97,24.06,23.55,22.49,24.7,24.34,25.96,23.02,21.65,25.39,25.3,18.18,17.02,23.67,19.81,19.86,16.32
2013,7,8,201307,20.84,24.52,22.07,24.67,21.47,24.72,23.65,22.56,23.92,22.95,25.62,24.67,23.13,21.91,25.33,24.93,26.35,24.38,23.28,25.89,25.64,18.5,17.92,23.62,19.71,19.47,16.43
2013,7,9,201307,19.44,22.38,21.64,23.65,22,26.14,25.45,22.6,23.34,23.37,26.21,26.19,23.83,23.16,25.63,25.13,26.28,25.77,25.18,26.9,26,18.16,16.76,23.24,19.72,19.65,16.68
2013,7,10,201307,20.38,22.41,22.62,25.07,23.67,26.89,26.03,22.38,20.97,19.97,25.78,27.04,24.3,23.9,25.66,25.22,25.85,26.5,25.5,27.32,26.74,18.3,17.36,23.05,19.98,20.12,17.68
2013,7,11,201307,20.9,23.17,21.24,24.87,22.44,21.52,22.2,17.41,18.24,20.22,24.04,23.75,24.05,23.13,25.26,25.05,26.06,25.99,25.8,27.55,26.63,18.29,18.3,23.1,20.01,19.87,15.34
2013,7,12,201307,18,21.12,17.97,23.1,19.51,19,18.9,18.05,19.61,22.41,24.63,20.98,22.36,20.58,25.14,24,26.07,25.19,24.34,26.85,26.73,18.75,16.71,22.59,19.13,18.79,13.05
2013,7,13,201307,18.15,19.84,19.08,22.76,20.54,19.81,20.5,19.34,19.72,22.79,25.87,20.59,21.48,20.63,24.37,23.17,25.73,23.93,22.26,25.51,26.01,18.71,16.39,22.57,19.26,18.85,12.39
2013,7,14,201307,21.05,23.17,22.85,24.91,23.33,23.23,23.15,21.89,21.71,23.1,24.88,22.61,23.06,22.81,23.24,23.02,25.35,23.75,22.62,24.41,24.77,18.39,16.2,23.4,19.03,19.1,14.67
2013,7,15,201307,22.62,24.6,24.12,25.95,24.99,25.25,25.17,24.04,23.33,22.23,22.36,24.07,24.46,24.15,24.02,24.56,25.36,24.59,23.27,24.12,23.77,17,17.18,23.4,19.03,19.72,15.84
2013,7,16,201307,23.36,24.56,23.07,26.15,24.19,26.23,26.09,24.58,24.65,23.36,21.91,25.11,25.05,24.98,25.1,25.49,25.42,25.6,24.8,24.75,22.34,15.63,17.8,22.87,18.22,18.56,16.54
2013,7,17,201307,22.96,24.52,24.02,25.61,24.42,26.88,26.76,25.75,25.82,23.36,22.93,26.35,25.9,25.34,26.22,26.46,25.37,26.6,26.35,25.75,23.03,15.72,18.49,22.47,17.35,17.7,17.5
2013,7,18,201307,22.85,25.29,24.95,26.73,25.73,27.16,27.19,25.32,25.42,24.15,24.4,26.25,25.84,25.56,26,26.37,25.56,26.53,25.63,26.18,23.74,17.74,18.9,22.85,17.43,19,16.24
2013,7,19,201307,22.96,25.87,25.05,27.58,25.92,26.47,26.52,24.96,24.71,23.15,24.91,25.93,26.17,25.79,25.81,26.09,25.74,26.12,25.55,26.15,24.57,18.19,17.53,23.06,18.88,20.14,16.78
2013,7,20,201307,23.86,25.66,23.44,26.99,24.1,25.73,25.37,21.02,19.46,19.65,24.46,26.12,25.44,24.55,24.26,24.99,25.81,25.49,25.05,26.18,24.98,17.99,17.99,23.12,20.19,21.22,17.35
2013,7,21,201307,18.42,21.75,19.4,25.31,22.26,23.21,23.56,16.13,18.09,19.58,23.88,24.59,24.53,23.74,24.24,24.26,26.25,25.51,24.52,26.07,25.03,17.38,17.68,22.9,20.29,22.17,16.69
2013,7,22,201307,17.65,21.87,19.69,24.43,22.38,24.5,23.16,19.72,21.05,21.47,25.53,25.34,24.16,23.15,24.83,24.82,26.62,24.72,23.77,26.79,26.03,17.6,17.35,22.27,20.2,21.46,17
2013,7,23,201307,18.25,21.54,21.3,24.13,22.15,24.86,23.42,20.15,18.86,18.11,24.81,26.15,23.68,22.28,24.49,25.04,26.28,25.56,24.35,27.61,26.88,17.1,17.12,22.55,20.36,21.13,17.59
2013,7,24,201307,19.4,22.1,18.88,23.94,20.19,19.41,20.09,14.59,14.93,18.21,22.48,22.56,23.42,22.49,25.37,25.17,26.64,25.27,24.82,27.19,26.8,16.8,17.79,23.03,20.76,21.63,18.16
2013,7,25,201307,15.02,17.97,14.13,20.4,14.94,17.9,16.37,16.48,17.31,19.13,22.51,20.32,21.34,18.49,25.51,24.91,26.67,23.81,21.56,25.93,26.75,16.81,17.64,23.67,20.39,21.89,17.89
2013,7,26,201307,16.44,17.71,16.26,20.15,17.57,18.68,18.24,17.86,18.29,16.44,21.97,20.62,20.17,18.32,25.39,24.19,26.78,22.49,21.23,24.86,26.49,15.93,16.63,23.87,20.61,22.09,17.65
2013,7,27,201307,18.26,19.31,18.55,21.78,19.35,18.13,19.91,16.57,12.23,13.28,18.15,19.37,22.46,20.54,25.71,24.45,27.11,23.62,22.18,23.97,25.78,16.04,16.27,23.48,19.97,21.48,16.22
2013,7,28,201307,19.16,20.8,19.22,22.61,20.27,14.41,16.39,13.31,12.01,13.77,17.84,17.03,22.4,20.74,25.16,24.38,26.92,23.14,21.36,23.31,24.89,15.32,15.82,22.74,19.14,20.54,14.48
2013,7,29,201307,19.7,21.5,17.94,22.99,17.42,16.95,16.41,15.04,14.7,15.68,19.09,18.41,20.96,17.99,25.35,24.64,26.88,22.73,19.47,25.14,26.39,15.38,15.61,21.74,18.82,18.76,14.62
2013,7,30,201307,18.16,19.77,16.3,18.95,16.9,17.26,18.21,16.45,16.07,18.33,21.93,21.02,19.01,17.59,25.28,23.96,27.42,23.49,20.18,25.93,26.22,16.11,15.57,21.77,18.75,18.62,15.58
2013,7,31,201307,17.14,18.63,17.88,20.55,19.3,19.9,19.76,17.72,18.7,18.94,23.15,23.28,21.03,19.48,26.02,24.87,27.35,25.48,23.98,26.24,26.54,16.55,16.35,22.58,19.52,18.95,16.18
2013,8,1,201308,18.5,19.29,18.28,20.97,19.39,21.86,21.07,18.07,17.61,18.75,23.5,23.41,21.83,20.36,25.16,23.85,26.92,25.74,24.29,26.37,26.53,17.37,17.53,23.28,18.96,17.84,16.23
2013,8,2,201308,18.04,19.46,18.35,21.67,19.27,21.12,19.87,17.18,17.62,18.37,24.23,22.89,21.63,20.59,25.91,24.53,26.75,24.81,22.59,26.77,26.35,17.22,15.9,22.44,17.36,16.87,14.22
2013,8,3,201308,17.54,19.83,17.73,21.26,19.1,22.24,21.49,16.91,15.69,16.48,23.39,24.82,21.92,19.83,26.38,25.19,27.54,25.37,23.35,27.26,26.62,17.74,14.73,21.83,18.13,17.57,14.89
2013,8,4,201308,15.59,17.56,15.76,20.54,17.18,19.15,18.25,15.28,15.15,16.77,22.12,22.32,21.31,19.2,26.54,25.31,27.69,25.86,24.31,27.32,26.92,17.58,16.24,22.19,18.91,17.91,16.75
2013,8,5,201308,13.89,15.1,14.06,17.49,15.32,19.03,17.31,15.85,15.55,19.72,23.99,22.67,18.51,17.34,26.14,23.22,28.05,23.88,20.9,27.25,26.74,17.82,17.13,21.47,19.03,18.04,17.57
2013,8,6,201308,14.11,15.52,15.37,18.58,16.91,22.46,20.19,18.14,19.5,21.07,25.5,25.85,20.85,19.07,25.88,22.82,27.83,24.94,23.21,27.64,27.11,17.21,16.63,20.81,18.73,17.88,17.36
2013,8,7,201308,16.42,17.39,17.87,20.37,19.25,25.49,23.7,20.43,20.24,18.89,24.75,26.46,22.08,21.75,25.6,23.09,27.39,26.43,24.67,27.66,27.21,16.72,16.31,20.21,18.16,17.35,16.81
2013,8,8,201308,17.31,20.08,20.41,22.73,21.97,23.94,24.53,18.18,16.43,17.19,21.25,24.33,22.91,22.49,25.43,24.21,26.92,26.43,24.59,27.44,27.12,14.94,16.23,19.93,17.23,16.19,16.88
2013,8,9,201308,19.9,21.38,20.87,24.16,21.73,21.84,23.12,17.54,17.39,17.03,19.86,22.64,24.37,22.83,26.28,25.71,26.7,26.55,25.44,26.58,26.21,13.95,15.93,19.51,16.74,15.9,18.03
2013,8,10,201308,18.63,20.74,18.19,23,19.84,21.33,21.68,16.18,16.14,17.08,19.9,22.35,24.26,22.66,26.59,26.11,26.84,26.34,25.31,25.74,26.22,14.59,16.56,19.65,16.96,15.92,17.87
2013,8,11,201308,14.46,16.18,15.21,20.23,18.05,20.2,21.21,16.52,16.14,18.83,21.25,22.47,23.6,21.93,26.73,26.31,27.22,25.91,24.8,25.86,26.25,15.44,16.69,19.74,17,16.67,16.58
2013,8,12,201308,16.76,17.99,17.45,22.21,20.55,21.93,21.42,17.62,18.89,19.66,23.44,24.54,24.32,22.79,27.08,26.39,27.64,25.89,24.78,26.88,26.15,15.66,17.11,20.85,17.4,17.29,16.11
2013,8,13,201308,17.66,20.15,18.86,23.19,20.56,20.72,21.86,15.5,14.39,16.87,21.31,22.17,24.03,22.35,26.53,26.06,27.59,25.77,24.31,26.24,26.64,15.37,16.97,20.49,18.08,17.79,16.79
2013,8,14,201308,16.62,18.21,14.53,19.54,14.73,15.25,14.3,12.9,13.3,16.37,19.05,17.85,19.86,17.37,25.7,24.26,27.36,23.32,21.63,24.14,26.45,14.72,16.77,21.06,18.62,18.72,17.43
2013,8,15,201308,13.71,14.88,13.59,16.27,13.57,15.33,15.14,14.74,15.5,17.92,19.67,15.96,15.89,14.96,23.89,20.11,27.09,20.89,17.56,21.54,25.55,15.01,17.21,22.47,18.54,19.32,17.73
2013,8,16,201308,15.47,16.63,15.42,17.42,15.6,17.18,16.77,16.65,17.31,19.03,20.34,17.55,18.03,16.81,21.16,19.58,26.8,21.28,19.67,21.45,25.06,15.08,17.75,23.14,18.86,20.16,18
2013,8,17,201308,16.3,18.41,16.85,18.98,16.94,18.32,18.08,18.16,18.06,19.93,20.62,18.97,18.57,17.59,21.1,20.34,26.57,21.91,20.29,21.91,24.65,16.69,18.42,23.82,19.44,20.87,17.78
2013,8,18,201308,16.94,18.66,17.25,19.44,16.76,19.84,19.68,18.51,18.46,21.3,20.48,19.66,19.4,18.04,23.01,22.24,26.33,21.57,20.09,22.69,24.06,17.14,18.3,23.36,19.73,21.2,16.79
2013,8,19,201308,17.98,18.79,18.19,19.78,18.04,21.18,20.96,19.5,19.08,22.52,21.95,21.14,19.95,19.11,24.83,23.41,26.66,23.27,21.66,23.45,24.72,17.3,17.93,22.96,19.94,21.81,16.47
2013,8,20,201308,20.1,20.89,19.38,21.22,19.75,22.19,21.53,20.93,21.74,24.09,23.6,22.63,21.83,20.83,24.95,23.65,26.62,24.49,22.8,24.28,24.54,17.76,17.91,22.8,19.81,21.32,15.72
2013,8,21,201308,20.56,21.12,19.91,22.93,20.87,23.81,22.29,21.92,23.25,23.99,23.99,24.16,23.32,22.31,25.3,24.47,26.64,24.93,23.37,24.82,24.67,17.95,17.04,22.88,19.87,20.5,15.44
2013,8,22,201308,21.25,21.93,21.15,23.29,21.53,25.08,23.55,21.66,21.25,20.53,23.66,25.15,23.27,22.13,25.38,24.86,26.33,25.47,24.31,25.59,25.35,17.39,16.83,22.65,19.44,19.44,17.01
2013,8,23,201308,18.56,20.78,18.7,22.28,20.32,24.18,22.71,17.92,18.55,21.2,23.81,25.85,22.45,21.77,25.41,24.96,26.19,25.95,25.01,26.49,25.97,17.6,18.09,22.55,18.39,18.7,16.97
2013,8,24,201308,13.83,16.56,15.47,19.4,16.8,22.26,20.4,18.22,19.99,24.52,24.54,25.46,20.14,18.94,25.22,23.61,26.29,25.5,24.29,26.59,25.94,16.58,17.56,21.57,17.84,18.33,15.34
2013,8,25,201308,15,16.43,16.29,19.45,18,23.88,21.31,21,23.96,25.95,25,25.05,19.03,18.63,24.12,21.39,25.92,24.72,23.85,25.96,25.65,16.67,17.31,21.12,17.43,18.05,15.02
2013,8,26,201308,17.07,18.94,19.41,19.69,19.65,24.35,22.32,23.79,25.11,25.94,25.01,25.26,19.09,19.56,23.37,20.7,25.42,24.52,24.09,25.91,25.24,16.94,17.38,21.37,17.97,18.29,14.57
2013,8,27,201308,20.37,21.68,21.35,22.56,22.27,25.69,24.27,24.36,25.7,26.22,24.89,25.41,21.86,22.31,23.5,22.08,25.53,24.04,23.06,24.99,24.14,18,17.54,22.56,18.5,18.55,14.88
2013,8,28,201308,20.51,21.48,22,23.3,22.14,25.66,25.24,23.78,25.44,25.96,24.36,25.27,23.16,23.16,25.09,24.25,25.5,24.27,24.23,25.5,24.78,18.3,18.43,22.57,18.89,19.1,16.6
2013,8,29,201308,18.11,19.94,21.16,21.98,21.55,26.25,24.86,23.02,24,25.53,25.12,26.67,23.47,23.19,25.95,25.4,26.14,25.17,25.06,26.28,25.3,17.86,18.93,22.54,19.29,19.67,17.32
2013,8,30,201308,16.8,19.46,20.93,21.65,21.97,26.6,24.25,22.9,23.85,24.73,25.46,27.27,22.54,22.56,26.51,24.61,26.84,26.16,26.08,26.66,26.09,18.15,18.67,21.88,19.38,20.15,15.99
2013,8,31,201308,20.28,22.17,21.88,23.56,23.29,26.56,25.2,20.95,21.02,23.51,25.76,26.97,23.48,23.59,26.12,24.7,26.94,26.62,26.06,26.82,26.08,18.26,17.44,22.67,19.9,20.96,16.25
2013,9,1,201309,20.51,22.16,21.91,24.1,23.07,25.9,25.06,20.47,21.62,20.22,23.76,26.25,23.69,23.18,26.08,25.12,26.79,26.37,25.49,26.89,26.44,17.46,16.41,22.74,20.09,20.34,17.1
2013,9,2,201309,18.69,21.23,21.44,23.57,22.75,22.66,23.78,18.15,16.04,17.1,19.81,22.71,24.08,23.61,25.62,25.32,26.87,26.17,24.83,26.33,26.4,16.99,17.52,23.06,20.16,20.43,17.43
2013,9,3,201309,19.16,21.42,18.71,23.58,19.8,18.17,17.91,14.96,13.95,18.38,20.74,19.85,23.62,22.01,25.65,25.28,26.55,24.99,23.67,24.63,25.6,17.66,18.14,23.12,19.37,19.68,16
2013,9,4,201309,17.3,18.59,16.15,18.49,15.67,19.08,17.4,16.51,17.45,20.82,22.26,20.54,19.57,17.49,25.85,24.73,27.18,23.48,20.68,24.08,25.06,18.53,18.64,23.06,19.24,19.4,16.81
2013,9,5,201309,13.36,16.36,14.49,18.81,16.65,20.32,18.54,13.64,16.38,20.87,23.05,21.15,20.15,18.38,26.05,25.06,27.14,23.01,20.36,23.9,25.41,18.43,19.32,22.7,18.91,18.88,17.29
2013,9,6,201309,9.25,11.48,9.7,14.27,11.37,21.3,16.64,14.65,18.89,23.53,23.69,21.46,19.32,16.67,25.52,23.26,27.22,23.27,20.91,24.03,25.37,17.85,19.26,22.7,18.17,18.38,14.95
2013,9,7,201309,13.05,13.61,13.33,15.26,13.48,22.01,18.9,19.33,22.42,24.18,24.75,22.79,18.17,16.22,24.71,22.34,26.12,23.99,22.21,25.28,25.66,17.51,17.69,22.01,18.13,19.48,13.33
2013,9,8,201309,13.82,16.63,14.53,18.7,17.25,23.82,22.12,18.03,19.03,21.68,25.06,24.84,20.41,19.5,24.86,22.8,25.86,24.79,22.84,25.98,25.22,17.29,16.43,21.04,18.07,19.41,14.92
2013,9,9,201309,8.99,11.12,10.77,15.83,14.09,25.19,22.24,15.96,20.37,21.74,24.28,25.85,21.26,20.02,25.52,24.11,25.66,25.41,24.69,25.9,24.51,16.45,14.77,20.33,17.18,19.79,15.8
2013,9,10,201309,13.52,15.94,18.23,20.98,21.56,26.19,25.8,23.27,23.62,20.74,22.54,25,23.06,22.66,25.29,24.44,25.91,25.82,24.93,25.28,24.44,14.78,14.33,18.66,16.15,19.3,16.67
2013,9,11,201309,20.51,23.79,24.48,25.03,25.03,25,25.56,22.35,21.35,19.82,22.3,24.71,24.05,23.99,24.59,24.38,25.62,25.69,24.64,25.89,24.58,14.57,14.64,18.48,15.65,18.44,17.69
2013,9,12,201309,22.16,23.52,22.29,24.41,22.79,23.53,23.21,18.72,16.81,16.51,21.89,24.43,23.6,22.9,24.09,24.08,25.49,24.91,23.76,26.14,25.03,14.39,14.31,19.18,15.3,18.38,18.25
2013,9,13,201309,17.49,19.39,15.11,21.34,16.28,15.09,15.33,11.37,11.33,14.63,17.33,17.22,20.73,18.88,24.52,23.58,26.19,22.89,21.05,24.75,24.68,13.95,15.29,19.97,15.9,18.98,18.12
2013,9,14,201309,13.15,14.31,11.13,14.35,10.74,12.03,11.15,10.41,11.5,15.46,17.09,14.34,14.41,12.47,21.91,19.02,26.66,18.33,15.56,21.45,24.22,13.52,15.52,20.51,16.35,19.4,17.99
2013,9,15,201309,11.66,12.72,10.55,13.22,11.08,14.18,12.62,12.31,12.87,15.41,19.81,17.12,14.26,12.82,22.51,18.8,26.64,18.29,16.05,21.78,24.35,13.21,13.97,20.58,16.93,19.03,18.04
2013,9,16,201309,11.85,13.91,12.07,15.67,13.77,17.25,16.03,10.96,10.07,12.68,16.5,19.01,18.59,16.22,24.95,22.8,26,21.94,19.23,23.91,24.8,12.39,15.01,20.88,16.6,17.97,15.4
2013,9,17,201309,7.28,9.27,7.67,12.34,9.34,16.32,14.3,10.1,10.95,14.66,18.04,18.78,15.08,13.13,24.03,20.89,25.88,21.5,19.94,24.15,24.39,13.74,15.46,21.2,16.48,16.99,12.23
2013,9,18,201309,9.92,10.84,10.45,11.73,10.45,20.19,15.86,13.45,16.24,19.34,22.34,22.17,13.48,13.15,21.78,18.38,24.84,22.75,21.48,25.07,24.79,15.14,12.92,20.31,14.31,14.3,9.64
2013,9,19,201309,12.54,13.61,12.88,13.41,13.48,24.37,20.51,18.73,21.68,20,21.44,24.48,16.49,16.62,21.9,19.01,24.41,23.69,22.12,25.73,24.56,12.53,8.3,18.64,13.7,14.72,10.23
2013,9,20,201309,14.62,15.53,15.7,15.44,16.57,22.82,22.35,20.76,18.66,13.5,15.46,21.47,18.2,18.35,22.79,20.27,25.03,23.96,22.19,24.47,23.1,10.01,8.94,18.47,14.21,15.79,11.98
2013,9,21,201309,14.39,15.57,16.21,16.8,16.99,14.82,18.35,14.76,11.4,11.55,15.26,14.87,18.48,18.42,23.36,21.03,24.65,22.51,20.5,20.02,20.26,12.08,12.03,19.3,14.48,14.7,12.5
2013,9,22,201309,15.61,17.61,13.5,18.59,14.15,13,13,9.1,8.77,13.41,17.23,14.37,17.07,15.41,21.85,20.54,25.54,18.05,15.5,17.75,19.29,13.47,12.26,18.18,13.05,11.98,9.8
2013,9,23,201309,8.99,10.6,7.76,11.84,9.43,12.99,11.16,9.12,10.47,16.24,16.17,14.65,14.15,12.64,21.19,18.45,25.64,17.58,15.43,17.8,19.4,9.42,9.84,14.24,11.38,13.6,9.13
2013,9,24,201309,7.77,9.39,7.8,10.87,8.61,14.52,12.1,10.73,12.01,14.67,15.3,16.69,14.23,12.38,21.49,16.99,25,20.77,19.1,20.9,21.98,8.44,9.08,15.72,12.11,15.25,9.33
2013,9,25,201309,9.27,10.73,9.79,12.49,10.77,17.35,14.63,12.36,13.14,15.34,16.22,19.64,15.69,14.62,20.56,18.39,24.8,21.48,20.3,20.78,21.86,10.6,9.21,16.47,12,12.71,7.18
2013,9,26,201309,11.92,13.28,12.13,15.2,12.87,17.92,15.45,13.15,13.4,16.46,18.55,20.88,16.43,16.17,19.08,17.41,25.82,21.41,20.32,21.4,22.27,11.28,6.19,15.48,10.25,9.82,6.97
2013,9,27,201309,13.35,14.08,12.9,15.74,13.6,17.69,15.22,14.54,16.03,16.16,19.55,20.85,15.51,15.24,18.94,16.95,23.74,20.56,19.04,22.27,24.07,10.21,4.76,13.34,9.93,9.53,6.97
2013,9,28,201309,14,14.6,13.75,15.58,14.53,18.32,15.86,15.33,16.06,14.1,16.14,20.53,15.99,15.46,18.54,17.44,22.93,19.28,18.12,23.09,23.73,4.85,4.78,10.59,8.34,11.2,8.83
2013,9,29,201309,12.97,14,13.82,15.25,14.41,18.54,16.96,15.56,13.11,12.12,12.92,17.33,15.01,15.14,18.87,17.34,23.8,18.87,17.09,20.03,21.09,7.15,8.27,13.5,10.1,13.1,9.08
2013,9,30,201309,12.07,13.65,14.64,14.77,15.35,16.49,17.47,14.7,12.67,14.55,14.87,16.93,15.92,16.07,19.28,17.18,24.01,19.52,17.51,20.17,20.94,10.09,9.31,15.13,12.2,14.06,8.13
2013,10,1,201310,13.83,14.59,16.52,17.36,17.32,19.28,18.31,15.84,15.49,14.99,16.81,20.06,17.41,17.58,19.5,17.35,24.55,20.89,18.75,22.11,22.49,11.11,7.83,15.06,12.03,13.65,6.52
2013,10,2,201310,15.57,16.6,16.69,19.32,17.78,21.2,19.92,15.69,12.95,12.62,18.34,21.87,18.59,18.6,20.65,19.12,24.67,22.18,20.64,23.47,23.1,10.73,7.27,15.49,11.75,12.95,5.27
2013,10,3,201310,13.33,16.64,14.41,19.25,17.83,21.74,20.74,13.76,13.35,12.66,19.66,22.46,19.8,20.16,21.04,20.42,24.53,22.57,21.56,24.09,23.3,10.09,5.31,15.25,9.54,11.2,5.37
2013,10,4,201310,12.06,14.49,15.61,20,19.79,22.41,21.2,16.9,14.88,11.29,17.74,23.08,20.74,20.61,23.22,21.79,25.88,23.27,22,24.37,23.71,5.31,1.79,12.6,7.14,9.85,5.6
2013,10,5,201310,11.23,16.01,16.15,21.2,20.16,22.74,22.31,16.65,15.67,9,8.33,20.19,21.27,21.03,23.72,22.46,25.58,24.06,22.68,21.89,22,0.12,1.48,8.88,5.63,10.23,7.15
2013,10,6,201310,9.18,14.61,16.18,20.23,20.95,15.09,20.47,17.11,12.89,7.2,7.48,10.84,21.29,21.43,23.49,22.29,25.29,22.75,21.5,15.89,15.57,3.49,5.23,9.97,7.17,11.89,9.27
2013,10,7,201310,12.63,16.86,16.63,20.34,17.46,10.74,12.28,11.88,10.39,9.66,10.81,11.16,20.1,17.94,23.04,22.77,25.09,15.62,13.94,13.33,14.81,7.5,7.63,13.28,9.97,12.71,9.19
2013,10,8,201310,11.56,13.05,9.9,13.66,9.94,12.62,11.32,10.72,11.12,12.24,13.43,13.02,13.39,11.38,20.32,18.39,24.56,13.77,12.41,14.24,15.68,9.57,7.49,13.53,9.66,11.13,6.36
2013,10,9,201310,7.37,9.72,8.94,12.72,9.51,13.1,11.48,13.04,13.32,12.7,14.04,13.35,12.71,11.37,17.74,15.54,23.8,16.53,15.81,15.4,17.14,8.34,5.49,12.73,9.14,9.88,5.11
2013,10,10,201310,9.36,10.52,10.23,14.14,10.4,15.11,12.35,12.85,12.75,12.98,15.14,15.74,13.6,12.76,17.84,15.53,22.6,18.69,17.73,17.96,19.46,8.12,5.57,11.34,8.92,8.88,5.86
2013,10,11,201310,12.16,14.16,12.7,16.45,12.99,17.16,13.96,12.88,13.76,14.79,16.36,17.64,15.05,14.05,19.09,17.12,22.73,19.14,17.58,19.78,21.34,5.45,4.81,9.17,6.88,10.12,6.03
2013,10,12,201310,12.51,12.68,12.82,16.52,14.41,17.79,15.72,14.19,14.76,10.65,11.37,18.39,15.87,15.4,19.47,18.55,22.84,20,17.75,21.05,21.6,4.45,3.45,11.34,7.67,10.63,5.94
2013,10,13,201310,10.65,11.31,12.7,16.21,14.78,12.62,16.84,13.24,8.54,6.93,9.94,12.54,16.22,16.46,20.23,19.11,22.55,21.06,19.12,19.82,22.07,5.9,4.42,12.62,9.26,10.02,5.41
2013,10,14,201310,10.15,10.36,13.01,13.58,14.21,10.31,12.62,9.22,7.64,7.27,12.02,12.01,16.08,15.6,19.84,18.41,22.4,19.12,17.42,19.68,21.51,7.15,3.7,12,8.34,9.62,5
2013,10,15,201310,12.64,12.9,12.8,13.73,13.49,13.9,14.88,9.93,9.81,7.3,9.01,16.29,14.81,15.22,19.7,18.06,21.81,19.45,18.01,19.62,20.68,1.74,1.62,10.75,6.28,10.12,5.16
2013,10,16,201310,12.58,12.87,13.07,14.62,13.53,11.36,15.38,12.16,9.72,5.83,5.64,10.2,15.83,15.29,20.04,18.17,23.1,19.64,17.13,15.25,16.24,0.58,1.7,9.39,5.7,9.94,6.08
2013,10,17,201310,13.77,15.76,13.82,16.98,14.4,10.32,10.45,9.21,7.55,6.39,6.88,10.49,17.03,15.36,20.31,19.09,24.19,16.97,14.83,13.92,14.27,1.09,2.22,9.18,6.04,10.74,6.92
2013,10,18,201310,11.82,14.89,11.08,15.03,10.8,8.72,9.23,8.12,6.3,4.78,5.17,8.98,13.97,11.11,20.15,18.99,24.86,14.4,12.44,13.26,15.92,0.22,2.14,9.5,6.18,11.27,7.18
2013,10,19,201310,9.27,10.46,9.12,11.43,8.98,8.28,9.08,7.07,4.86,4.71,5.59,7.92,12.92,10.26,18.72,18.15,24.67,14.86,12.96,12.07,13.66,0.52,3.37,10,5.79,12.23,7.78
2013,10,20,201310,9.21,10.98,7.89,11.55,7.04,8.13,6.8,6.35,4.15,5.66,8.46,8.57,10.29,8.06,15.78,14.75,23.59,11.31,8.89,10.76,12.51,2.94,4.23,10.61,6.97,12.43,8.35
2013,10,21,201310,6.44,8.49,8.73,9.35,7.61,9.3,8.94,7.88,3.82,3.05,7.82,8.83,9.15,8.36,15.98,12.77,23.29,11.91,10,12.22,15.56,2.46,4.34,10.88,7.16,12.26,9.08
2013,10,22,201310,9.06,10.41,8.28,11.16,7.85,4.33,5.87,4.35,0.76,2.93,8.61,6.85,10.55,9.2,17.86,15.15,24.05,14.22,11.27,12.72,14.84,3.85,5.88,11.21,7.59,12.53,9.84
2013,10,23,201310,5.49,6.9,4.11,8.12,4.57,4.04,5.4,3.33,0.9,2.57,7.97,6.45,10.21,7.02,15.31,14.61,22.4,11.07,8.81,12.45,14.15,5.66,6.17,12.12,8.54,12.79,9.8
2013,10,24,201310,3.95,5.79,3.48,6.8,3.3,3.65,3.02,3.02,0.74,2.43,6.32,5.96,4.83,3.63,9.12,7.45,16.71,9.15,7.05,12.19,14.9,5.17,5.7,12.88,9.11,11.89,9.27
2013,10,25,201310,2.9,4.06,3.13,4.88,2.56,2.99,2.72,3.52,1.8,3.34,5.15,2.59,4.14,2.64,10.38,8.31,17.17,7.49,4.43,8.89,14.43,5.21,6.42,13.2,9.34,11.76,9.19
2013,10,26,201310,3.01,4.51,3.17,4.97,2.94,4.44,3.15,5.15,4.64,4.62,8.51,6.45,3.65,3.06,7.07,5.75,15.79,6.13,4.28,10.87,16.44,6.03,5.93,12.45,8.87,12.29,8.43
2013,10,27,201310,5.01,6.75,4.58,7.8,5.01,5.07,6.24,4.42,3.75,3.51,7.3,6.65,7.54,7,10.69,9.41,16.42,12.05,11.45,14.2,17.62,5.31,5.23,12.9,8.41,12.14,6.72
2013,10,28,201310,3.28,5.57,4.43,7.17,4.8,6.55,6.38,3.68,2.85,1.21,8.23,9.22,10.29,8.28,14.8,13.2,18.42,15.39,14.46,15.91,18.71,5.4,2.42,11.76,8.09,8.75,4.11
2013,10,29,201310,0.56,4.06,1.9,8.82,5.29,7.85,7.31,3.34,2.24,0.46,9.09,11.2,12.62,9.65,16.16,15.01,20.24,16.56,15.38,19.37,21.11,3.35,-1.02,10.12,6.18,6.58,0.6
2013,10,30,201310,0.43,4.19,3.67,8.93,7.5,14.31,11.73,7.03,6.93,3.7,11.08,16.67,13.56,11.29,17.13,16.26,21.01,18.23,17.84,21.04,21.33,2.66,-0.89,8.38,5.92,6.85,1.69
2013,10,31,201310,3.38,8.12,7.67,12.99,11.59,17.54,16.12,12.52,11.58,6.17,10.12,17.09,15.61,14.84,18.57,17.43,22.28,19.33,17.45,19.47,19.08,0.91,0.03,6.66,4.05,8.29,4.92
2013,11,1,201311,13.29,16.03,13.82,17.59,14.8,10.8,12.39,10.51,7.83,5.39,7.51,10.56,17.21,15.77,20.09,19.74,23.86,17.66,16.02,14.05,14.55,1.08,2.2,7.53,4.7,10.25,6.22
2013,11,2,201311,9.68,11.89,8.58,14.59,9.97,7.3,8.51,5.96,5,4.11,5.58,8.11,13.14,11.19,16.03,16.64,21.86,12.21,10.66,11.32,12.55,1.58,2.22,9.69,5.84,10.86,6.03
2013,11,3,201311,2.25,6.77,2.08,7.96,4.38,6.21,6.4,3.58,4.17,4.14,6.21,6.09,7.28,6.64,10.5,9.74,16.98,9.45,8.23,8.78,10.35,3.78,1.81,10.73,5.71,8.39,2.27
2013,11,4,201311,-1.55,0.88,-1.11,3.08,-0.71,6.91,5.16,4.6,5.31,4.61,7.9,8.78,3.79,3.01,10.01,7.63,17.45,9.27,7.89,11.41,13.47,0.59,-2.82,9.85,4.16,6.96,0.84
2013,11,5,201311,-0.42,1.97,1.66,6.09,2.87,10.47,8.84,7.4,6.02,1.76,6.28,11.68,6.19,6.37,12.37,8.88,19.88,12.58,10.51,15.06,16.93,-1.16,-4.39,8.86,3.64,6.11,1.61
2013,11,6,201311,3.08,5.99,6.42,10.52,8.34,12,11.5,8.92,5.48,1.11,3.87,11.98,12.06,11.07,16.53,14.54,21.14,15.35,13.33,15.37,16.43,-4.32,-2.49,5.17,2.26,7.99,4.2
2013,11,7,201311,8.92,11.44,9.34,12.97,10.43,3.96,7.58,3.97,0,-0.18,3.2,4.75,13.7,12.03,17.63,16.91,21.68,13.38,11.16,9.72,10.23,-0.56,-0.07,6.67,4.05,9.94,6.43
2013,11,8,201311,2.49,4.95,2.27,6.42,2.89,3.03,2.8,2.28,0.47,0.9,5.79,5.37,4.71,3.43,9.72,8.64,18.91,5.9,4.27,8.48,9.55,2.5,2.28,8.63,5.22,9.55,4.46
2013,11,9,201311,0.26,1.84,1.27,3.62,2.02,6.64,4.32,4.25,3.84,3.7,7.21,8.03,3.6,3.24,8.5,6.17,18.62,7.69,5.55,9.98,12.13,3.4,0.96,9.7,6.17,8.86,2.9
2013,11,10,201311,1.58,5.42,3.8,6.5,4.57,5.56,5.74,4.54,2.36,1.01,6.28,7.83,6.33,5.8,13.42,10.31,20.93,11.54,8.68,12.71,14.26,3.15,1.51,10.87,6.76,9.47,5.46
2013,11,11,201311,2.15,3.98,2.43,5.81,3.21,5.31,3.89,2.12,-0.21,-2.92,7.41,8.01,4.55,4.06,12.38,8.23,20.36,10.67,6.77,13.66,15.56,3.73,1.35,11.5,7.19,9.72,6.65
2013,11,12,201311,-0.72,2.86,-1,5.34,1.42,-0.87,1.23,-1.82,-6.15,-7.06,-2.19,0.13,5.04,4.13,11.75,7.99,20.59,9.2,6.31,8.87,12.95,1.07,1.45,11.08,6.75,11.41,7.27
2013,11,13,201311,-4.31,-2.81,-3.36,-1.35,-2.2,-3.35,-2.05,-1.39,-5.14,-1.97,-0.26,-2.75,-1.43,-1.91,4.06,1.73,15.31,0.8,-1.13,0.69,4.76,2.41,3.42,11.48,6.67,11.47,6.75
2013,11,14,201311,-1.87,-0.32,-0.44,1.14,-0.9,-0.14,-0.26,1.27,-0.48,2.43,4.26,0.31,0.31,0.04,3.08,1.47,14.01,2.02,1.01,2.85,5.83,2.96,1.49,11.02,5.8,10.56,3.91
2013,11,15,201311,1.53,2.89,1.57,4.27,1.39,3.67,2.81,3.83,2.08,2.74,5.37,4.44,3.48,3.18,10.54,6.52,18.82,7.56,3.96,9.25,12.12,1.38,0.01,9.95,5,8.6,1.99
2013,11,16,201311,3.16,5.58,3.95,6.62,5.38,9.38,8.37,5.36,4.21,4.14,9.16,11.49,10.46,8.93,15.66,13.83,20.26,14.25,12.4,15.67,16.98,1.91,-0.83,9.77,4.86,7.1,2.58
2013,11,17,201311,3.96,6.84,7.21,10.52,9.72,16.13,14.42,11.53,10.12,4.24,8.86,16.77,13.44,12.3,18.38,16.33,21.94,18.52,16.77,19.64,18.86,0.73,-1.6,8.42,4.63,6.89,1.44
2013,11,18,201311,9.47,12.17,9.63,13.61,10.49,7.05,8.54,4.78,0.89,0.13,3.96,7.06,14.27,11.82,19.14,18.07,22.5,16.45,13.17,13.11,15.81,0,-1.05,9.74,4.9,7.98,3.67
2013,11,19,201311,1.87,3.87,1.34,5.61,2.92,1.42,1.82,0.06,-2.15,0.18,4.09,3.99,4.88,3.72,11.01,9.05,19.78,7.01,4.72,9.09,14,0.9,1.26,9.71,6.09,9.04,5.87
2013,11,20,201311,-3.15,-1.44,-2.46,0.65,-1.03,1.51,1.17,0.78,0.62,2.25,6.96,4.66,2.48,1.36,8.93,6.25,18.73,6.18,5.24,8.23,14.68,2.63,0.31,9.59,6.39,9.6,1.16
2013,11,21,201311,-2.62,-0.91,-1.77,2.18,-0.55,7.25,4.75,3.14,2.58,-3.23,3.08,7.96,5.56,3.84,12.42,10.19,20.08,10.92,8.97,13.42,17.96,0.13,-5.84,9.52,5.29,7.46,-4.74
2013,11,22,201311,0.51,3.63,2.91,8.3,5.57,6.67,8.93,3.62,-1.32,-7.49,-4.82,5,11.02,10.16,16.16,13.91,21.32,15.6,13.73,10.47,11.93,-5.5,-7.43,9.86,1.43,5.37,-4.09
2013,11,23,201311,0.41,4.04,0.96,7.17,2.39,-1.95,0.25,-3.11,-7.97,-10.87,-4.74,-0.92,9.87,5.87,17.01,15.24,21.92,10.61,7.45,5.54,2.72,-3.82,-6.05,7.13,-1.45,4.95,-2.8
2013,11,24,201311,-6.78,-4.42,-7.35,-3.09,-6.23,-7.92,-6.02,-7,-12.01,-9.66,-5.78,-6.32,-2.69,-4.77,7.12,3.09,17.73,0.61,-2.47,0.21,1.53,-2.91,-3.72,4.76,-2.56,4.86,-1.04
2013,11,25,201311,-8.91,-7.26,-7.31,-4.45,-5.83,-4.5,-5.24,-4.1,-5.83,-3.44,-2.62,-2.49,-5.39,-5.46,2.2,-2.53,15.39,0.03,-1.72,0.88,1.47,-3.72,-3.1,4.13,-2.33,5.1,0.23
2013,11,26,201311,-3.73,-1.41,-2.38,-0.34,-2.54,-1.25,-0.67,-1.25,-4.62,-5.77,-2.31,-0.37,-0.47,-0.49,10.58,5.03,20.36,5.87,2.37,2.95,3.42,-3.94,-2.81,4.9,-0.78,6.18,0.41
2013,11,27,201311,2.69,7.69,0.65,8.67,0.45,-5.35,-2.56,-3.61,-7.67,-8.15,-4.52,-4.37,4.28,1.35,9.15,10.94,17.57,1.27,-0.96,0.43,2.46,-2.99,-1.92,5.2,0.23,7.19,1.62
2013,11,28,201311,-1.94,-0.01,-4.66,-0.37,-3.83,-4.56,-3.62,-4.31,-6.09,-6.51,-2.05,-3.32,-2,-2.88,0.74,0.28,8.01,-1.48,-2.95,0.15,2.99,-1.48,-2.21,5.89,0.88,7.54,2.14
2013,11,29,201311,-7.69,-4.23,-5.78,-0.84,-3.32,-3.3,-2.8,-3.13,-5.66,-6.4,-1.89,-1.69,-1.49,-2.67,3.19,1.18,12.93,1.01,-0.41,2.55,5.2,-1.87,-1.49,6.59,1.65,7.91,2.07
2013,11,30,201311,-7.7,-4.52,-6.84,-0.78,-3.57,-0.74,-1.64,-1.26,-2.42,-3.02,1.97,1.15,-1.04,-1.28,4.57,1.77,15.29,2.63,1.21,5.01,9.78,-0.87,-0.96,7.56,2.39,7.79,2.84
2013,12,1,201312,-2.63,0.84,-1.85,3.27,-1.26,1.26,0.38,0.69,-1.34,-1.84,3.05,4.27,1.13,0.91,8.35,5.57,16.74,5.42,3.73,9.96,13.57,-1.18,-0.43,7.86,2.86,7.55,4.47
2013,12,2,201312,0.37,2.58,0.58,4.57,1.84,3.63,2.65,0.05,-1.2,-0.84,4.51,6.43,3.74,3.86,10.54,8.57,16.56,10.8,9.19,12.65,13.88,0.36,0.74,7.06,2.69,8.11,3.94
2013,12,3,201312,1.44,2.6,1.09,4.87,3.28,6.92,5.39,-0.26,0.34,-1.91,5.64,9.03,6.63,6.45,12.73,9.59,17.36,13.59,11.37,13.03,13.56,0.96,-4.95,6.6,2.78,6.6,-2.68
2013,12,4,201312,-0.08,1.6,0.69,5.3,4.75,9.87,8.51,1.98,1.17,-5.55,-1.08,10.65,9.32,8.4,15.34,12.63,20.23,16.42,14.52,13.74,14.8,-6.11,-12.84,6.97,-0.66,1.99,-7.92
2013,12,5,201312,0.23,4.42,4.69,10.05,8.99,3.05,10.29,2.84,-4.06,-11.88,-9.15,0.13,12.75,12.76,17.46,15.04,21.47,17.96,15.69,8.49,11.37,-13.18,-15.88,1.41,-4.44,-1.96,-9.4
2013,12,6,201312,3.92,9.34,4.06,11.93,6.18,-5.82,-1.06,-5.93,-12.25,-15.29,-11.15,-6.76,15.12,10.24,19.21,18.57,22.3,10.72,5.62,-0.03,0.78,-14.43,-17.07,-2.09,-7.32,-1.94,-8.07
2013,12,7,201312,-1.73,1.79,-1.44,3.45,-1.14,-8.43,-4.25,-7.66,-15.53,-17.35,-12.42,-8.58,6.83,1.27,16.71,15.69,21.7,2.9,0.98,-3.67,-3.02,-13.43,-16.84,-1.43,-6.3,0.27,-10.35
2013,12,8,201312,-5.4,-1.98,-4.43,-1.12,-4.69,-7.61,-5.81,-9.7,-15.11,-16.48,-10.23,-6.29,-0.33,-2.19,12.97,5.39,20.84,4.21,1.43,-0.73,-0.16,-11.8,-16.45,1.28,-6.87,-1.78,-13.3
2013,12,9,201312,-5.37,-1,-2.48,2.66,-1.61,-4.71,-1.67,-5.01,-10.11,-15.19,-9.76,-4.68,0.92,1.64,14.17,6.45,22.02,7.7,5.24,0.95,3.52,-14.9,-16.13,-1.87,-8.45,-2.91,-10.11
2013,12,10,201312,-2.19,0.3,-2.47,0.76,-2.7,-7.91,-5.48,-9.96,-15.33,-13.28,-8.49,-6.02,2.43,-0.62,14.04,10.44,21.32,4.59,1.41,-0.53,0.66,-12,-11.18,-3.76,-8.39,-1.32,-5.47
2013,12,11,201312,-6.28,-3.32,-5.48,-1.97,-5.69,-7.02,-6.5,-9.06,-14.41,-14.96,-6.77,-4.97,-1.12,-3.32,5.19,3.11,16.97,1.41,-0.09,-0.53,1.9,-8.36,-10.66,0.1,-5.15,1,-3.75
2013,12,12,201312,-10.01,-4.76,-7.72,-3.39,-6.7,-11.18,-9.5,-10.61,-15.68,-13.06,-7.07,-7.7,-1.38,-3.62,5.66,2.31,16.7,0.4,-1.8,-0.83,2.76,-5.69,-6.96,3.13,-3.47,2.18,-2.72
2013,12,13,201312,-10,-5.64,-7.29,-3.57,-6.36,-5.74,-6.48,-7.3,-9.86,-11.65,-3.22,-3.22,-2.18,-3.7,3.7,1.2,13.01,0.47,-0.85,1.75,6.52,-3.95,-5.54,3.59,-1.35,2.68,0.18
2013,12,14,201312,-15.37,-7.79,-9.98,-1.02,-3.55,-0.86,-1.38,-6.64,-8.46,-12.23,-3.67,-0.12,0.97,-0.06,10.05,5.42,19.07,7.23,4.53,5.26,8.03,-5.83,-5.36,2.19,-2.38,3.29,0.45
2013,12,15,201312,-10.43,-2.29,-6.78,2.5,-1.75,-4.4,-2.34,-5.88,-11.97,-12.09,-1.43,-2.91,3.83,1.42,11.92,10.7,19.55,5.09,2.89,2.61,4.23,-4.03,-3.12,1.93,-1.91,4.43,1.64
2013,12,16,201312,-9.76,-4.52,-7.65,-1.47,-5.18,-4.08,-4.71,-8.94,-14.66,-9.17,1.68,1.17,0.87,-1.42,4.15,4.52,12.11,2.79,2.1,4.29,5.81,-1.08,-1.81,4.19,-0.13,6.3,1.73
2013,12,17,201312,-13.6,-7.48,-9.45,-1.54,-4.6,-1.77,-2.39,-6.39,-8.23,-4.73,2.92,2.12,3.09,1.03,5.56,5.6,11.73,4.6,4.15,6.37,7.77,-0.53,-2.36,6.01,1.02,7.56,1.39
2013,12,18,201312,-9.38,-4.48,-5.69,-0.93,-3.53,-3.18,-3.38,-4.53,-8.88,-6.02,2.87,1.03,1.94,-0.42,5.61,4.67,12.57,4.58,2.56,7.18,9.44,0.04,-1.74,6.81,1.73,8.2,1.08
2013,12,19,201312,-6.21,-2.17,-2.92,0.31,-2.59,0.41,-0.43,-3.09,-6.68,-8.92,3.24,5.74,2.16,1.16,5.72,4.14,12.71,5.93,4.21,10.24,12.37,0.66,-4.99,6.72,2.25,5.73,-2.43
2013,12,20,201312,-2.74,1.02,0.13,4.09,2.15,5.74,5.08,-1.86,-5.02,-11.65,-3.49,10.18,6.01,5.19,10.15,8.96,17.83,11.78,9.49,14.34,14.38,-3.5,-9.37,5.13,-1,2.48,-4.09
2013,12,21,201312,0.04,4.3,3.21,8.67,6.19,4.45,10.12,-1.15,-5.15,-11.1,-5.01,4.7,11.98,11.07,15.94,14.54,21.46,17.82,15.91,12.94,13.61,-6.12,-7.69,2.45,-0.57,4.08,1.04
2013,12,22,201312,-0.47,8.6,5.72,12.81,12.4,2.21,11.31,-1.99,-4.53,-12.42,-5.53,0.88,16.4,15.08,19.95,18.67,22.77,16.96,15.4,8.04,8.15,-6.77,-7.54,2.2,-1.31,4.79,1.83
2013,12,23,201312,-0.18,8.29,4.94,13.78,9.48,-4.03,2.08,-5.24,-9.05,-16.88,-8.95,-4.67,14.83,11.04,16.8,17.92,22.06,8.9,6.49,0.92,2.94,-6.68,-6.67,2.11,-1.58,5.82,3.16
2013,12,24,201312,-5.05,0.3,-3.99,3.3,-2.1,-11.33,-6.42,-8.34,-13.84,-16.29,-7.87,-10.13,2.22,-1.03,7.38,8.86,16.33,-0.07,-2.06,-0.99,2.87,-3.24,-2.68,2.93,-0.7,6.53,0.86
2013,12,25,201312,-10.96,-6.46,-9.88,-3.62,-6.65,-6.25,-6.6,-8.49,-10.82,-8.06,-2.17,-3.55,-4.03,-5.46,2.44,0.29,11.95,-1.28,-2.84,0.82,5.08,-5.59,-6.31,2.99,-1.74,5.88,-1.22
2013,12,26,201312,-8.74,-3.81,-5.99,-1.77,-4.23,-3.2,-2.13,-5.65,-10.32,-6.91,-1.75,-2.15,-2,-2.07,5.14,2.19,16.24,1.71,-0.37,2.67,5.87,-4.63,-5.07,1.96,-2.27,5.2,0.21
2013,12,27,201312,-5.11,-2.36,-3.42,-1.02,-3.01,-1.09,-1,-5.18,-7.45,-4.38,0.42,0.28,-0.06,-1.08,6.64,3.54,16.89,2.8,1.5,4.07,6.27,-2.85,-2.92,2.51,-1.44,5.23,0.39
2013,12,28,201312,-4.29,-0.66,-1.49,1,-0.55,0.94,0.94,-0.7,-3.14,-4.02,1.74,2.38,1.41,1.07,7.02,3.56,18.6,4.87,2.77,5.16,7.14,-1.54,-3.72,3.14,-0.87,5.51,0.61
2013,12,29,201312,-1.84,1.68,0.24,3.55,1.19,0.09,2.3,-2.3,-7.37,-16.08,-4.54,-0.05,4.93,3.55,12.01,10.13,20.28,7.67,5.52,5.11,6.78,-5.35,-8.5,3.22,-2.32,4.3,-0.56
2013,12,30,201312,-3.59,1.37,-2.86,4.79,0.15,-10.7,-2.82,-9.92,-20.06,-18.02,-6.32,-7.6,4.4,2.8,8.44,7.97,16.23,5.2,2.32,1.25,4.06,-6.23,-6.07,2.16,-2.67,4.56,0.78
2013,12,31,201312,-15.58,-7.49,-10.24,-2.34,-4.91,-6.91,-5.07,-10.44,-16.87,-15.89,-1.86,-2.93,1.95,-1.52,9.03,7.38,15.51,3.36,0.32,1.78,4.35,-3.79,-3.94,3.57,-0.6,5.79,2.22
2014,1,1,201401,-12.54,-6.07,-8.56,-2.64,-5,-3.58,-2.89,-11.76,-17.56,-18.56,-3.11,-0.72,0.32,-1.35,7.16,4.51,15.78,3.49,0.74,3.32,6.08,-2.54,-4.47,4.6,0.41,5.75,1.53
2014,1,2,201401,-17.2,-6.09,-11.24,0.64,-3.67,-5.66,-3.63,-11.58,-15.43,-18.1,-7.32,-6.29,1.8,0.79,10.17,7.47,18.24,6.12,2.37,2.95,5.55,-5.27,-5.56,4.44,-0.31,6.65,1.91
2014,1,3,201401,-20.56,-11.68,-16.41,-6.49,-10.69,-11.07,-9.94,-12.87,-18.4,-13.59,-5.07,-9.46,-3.5,-6.74,0.55,0.72,10.69,-3.51,-5.78,-1.92,2.3,-2.86,-2.31,4.8,0.13,7.4,2.91
2014,1,4,201401,-19.74,-13.61,-14.68,-9.59,-11.14,-6.16,-7.51,-7.41,-8.82,-9.89,-2.21,-3.83,-5.75,-7.42,-0.15,-2.25,10.26,-2.25,-3.51,1.04,6.64,-3.63,-7.1,5.22,0.25,6.76,-1.8
2014,1,5,201401,-8.35,-4.54,-6.06,-2.41,-5.32,-4.41,-2.43,-6.98,-17.36,-21.41,-10.4,-4.84,0.49,-1.09,6.55,5.32,17,3.63,2.29,3.79,7.14,-12.19,-13.92,2.8,-3.71,4.86,-3.11
2014,1,6,201401,0.3,3.59,0.67,4.35,-0.15,-18.39,-10.75,-11.84,-23.85,-25.58,-16.44,-16.28,3.17,-0.16,7.5,9.02,16.78,-3.04,-6.39,-6.95,-3.04,-14.02,-14.85,1.19,-5.25,4.72,-1.92
2014,1,7,201401,-9.16,-7.55,-13.4,-10.89,-17.25,-17.19,-18.94,-16.8,-22.65,-20.58,-9.6,-13.8,-13.19,-16.33,-7.89,-8.1,3.01,-10.75,-13.4,-6.91,-2.87,-6.18,-6.96,1.81,-2.81,5.97,0.03
2014,1,8,201401,-13.26,-12.42,-14.09,-11.82,-14.73,-10.19,-10.98,-13.87,-19.32,-17.57,-5.03,-5.63,-9.14,-10.7,-4.92,-6.16,5.51,-5.74,-6.84,-2.4,3.47,-4.35,-4.78,3.2,-0.44,5.8,2
2014,1,9,201401,-11.18,-8.27,-9.72,-4.89,-6.93,-7.31,-5.21,-14.02,-19.52,-13.56,-5.63,-3.02,-2.56,-2.96,0.97,-1.01,13.11,-0.26,-1.36,2.58,8.19,-5.01,-3.55,3.38,0.05,5.73,1.67
2014,1,10,201401,-10.16,-5.53,-6.41,-1.13,-3.01,-0.88,0.16,-5.52,-7.77,-7.34,-1.6,1.27,0.79,0.88,7.08,5.51,18.33,6.26,4.7,7.85,11.98,-5.46,-4.79,3.17,0.53,6.49,2.3
2014,1,11,201401,-1.11,2.6,1.1,5.44,2.8,2.51,4.66,-0.16,-3.55,-6.82,0.7,4.08,7.66,7.31,13.35,12.64,20.93,13.02,10.7,9.76,10.42,-3.8,-2.66,4.82,1.17,7.45,3.86
2014,1,12,201401,2.98,4.66,1.65,6.2,2.41,-0.15,0.66,-2.41,-6.4,-3.69,2.79,2.96,6.62,4.7,9.3,9.56,16.67,6.23,4.68,6.86,9.37,-1.51,-1.86,5.68,1.8,6.09,1.66
2014,1,13,201401,-0.79,0.97,0.02,2.86,1.2,2.6,2.86,-0.4,-3.07,-4.5,2.48,4.66,4.14,3.42,7.2,6.18,14.09,7.58,6.17,9.76,10.75,-6.01,-3.35,3.29,-0.76,5.47,3.3
2014,1,14,201401,2.22,5.02,2.51,6.18,4.1,0.31,2.67,-3.18,-6.13,-5.89,1.71,2.14,6.93,6.19,11.54,11.03,18.87,9.05,7.18,5.9,6.29,-4.6,-2.86,3.51,-0.31,6.2,3.11
2014,1,15,201401,1.97,3.96,0.24,4.54,0.89,-4.97,-2.31,-4.82,-11.09,-11.46,-1.85,-3.64,3.83,2.13,6.41,6.79,14.3,3.57,1.76,2.71,5.36,-4.36,-2.97,4.39,-0.2,6.94,2.83
2014,1,16,201401,0.3,2.21,-1.35,2.47,-2.28,-4.22,-4.7,-6.9,-8.7,-5.15,1.55,-1.24,0.88,-1.83,1.61,3.66,8.69,-0.35,-1.97,2.92,5.96,-3.36,-3.84,4.88,0.27,7.03,2.11
2014,1,17,201401,-0.27,1.05,-1.95,0.68,-1.98,-5.91,-2.66,-3.75,-9.92,-13.54,-3.01,-4.59,0.72,-0.4,2.55,2.4,7.31,1.23,-0.66,2.41,6.3,-4.99,-4.61,4.41,-0.08,6.72,1.42
2014,1,18,201401,-1.31,0.79,-2.25,0.97,-3.6,-7.86,-6.96,-6.6,-13.19,-7.65,0.45,-4.28,-1.76,-4.28,-0.11,0.67,7.82,-1.97,-4.25,1.82,5.74,-3.4,-3.82,5.07,0.51,6.85,1.73
2014,1,19,201401,-2.44,-1.03,-4.95,-2.31,-6.03,-4.8,-4.15,-6.04,-8.94,-4.91,1.41,-0.88,-2.05,-3.61,2.89,0.86,8.2,2.76,0.96,5.03,8.68,-2.13,-3.28,5.37,1.03,6.45,0.74
2014,1,20,201401,-3.92,-0.54,-4.04,1.23,-2.53,-2.06,-2.66,-7.86,-7.6,-8.05,2.84,1.92,1.41,-0.49,4.11,3.45,11.87,3.75,2.12,6.22,9.36,-2.14,-4.03,6.09,1.31,6.76,1.1
2014,1,21,201401,-13.86,-6.46,-12.49,-1.87,-6.21,-6.82,-5.77,-13.7,-17.44,-17.82,-4.04,-4.96,1,-1.87,5.72,4.8,14.16,3.02,0.73,3.54,7.16,-3.68,-4.83,5.69,0.65,6.58,0.83
2014,1,22,201401,-17.33,-11.61,-17.09,-9.98,-14.5,-10.71,-12.33,-14.98,-17.21,-14.09,-2.54,-6.68,-7.49,-10.81,-0.79,-1.4,8.19,-4.11,-6.26,-0.71,5,-3.93,-5.08,6.59,0.56,6.79,0.6
2014,1,23,201401,-16.4,-13.38,-15.63,-11.21,-12.36,-13.88,-11.56,-13.07,-19.03,-22.16,-10.56,-10.72,-7.88,-10.11,-1.55,-3.15,5.29,-3.3,-6.05,-1.39,5.35,-7.65,-8.24,5.38,-0.64,5.92,-0.1
2014,1,24,201401,-15.43,-12.37,-14.36,-9.82,-12.27,-14.76,-12.88,-14.42,-18.52,-11.21,-7.95,-11.53,-10.39,-11.43,-3.58,-6.22,6.01,-6.85,-10.39,-5.78,-2.49,-8.31,-5.11,5.1,-2.66,6.36,0.18
2014,1,25,201401,-10.13,-6.61,-9.7,-6.3,-9.42,-4.96,-7.4,-10.16,-12.09,-6.6,2.44,-1.1,-8.1,-8.11,-2.11,-5.28,9.32,-3.34,-5.79,-0.23,1.89,-2.95,-3.08,6.27,-0.35,7.31,0.56
2014,1,26,201401,-8.34,-6,-10.86,-4.92,-9.11,-5,-8.01,-15.44,-16.92,-7.34,3.84,2.08,-3.45,-5.87,2.82,0.25,12.94,1.21,0.73,5.44,8.61,-2.02,-3.65,6.91,0.97,7.56,1.13
2014,1,27,201401,-8.21,-2.8,-7.33,-0.72,-5.1,-9.92,-7.33,-14.13,-19.64,-20.06,-7.86,-5.52,0.42,-1.77,7.25,4.06,16.31,4.33,0.2,3.45,7.91,-6.4,-9.47,6.34,0.33,7.77,1.07
2014,1,28,201401,-12.53,-8.9,-13.56,-8.42,-13.96,-16.81,-15.99,-18.15,-25.01,-23.03,-11.19,-12.59,-7.75,-11.85,4.63,0.16,15.85,-5.81,-9.28,-5.48,-1.06,-9.4,-10.54,5.48,-0.5,8.79,1.62
2014,1,29,201401,-12.89,-9.62,-13.83,-9.64,-14.27,-13.14,-14.68,-15.75,-20.34,-16.96,-7.34,-8.91,-10.07,-12.74,-1.73,-5.27,11.01,-8.8,-11.18,-5.92,-2.59,-7.58,-5.51,5.57,0.59,10.19,3.4
2014,1,30,201401,-11.42,-9.5,-11.21,-9.49,-12.25,-6.61,-10.23,-10.26,-9.74,-11.79,-1.05,-3.32,-9.27,-10.18,-2.48,-5.42,8.2,-6,-7.72,-2.39,2.45,-1.19,-4.03,7.07,3.55,9.13,1.77
2014,1,31,201401,-7.08,-4.65,-6.75,-4.64,-6.48,-4.32,-3.46,-8.74,-16.76,-16.43,-4.08,-2.02,-3.34,-4.16,1.4,0.76,11.8,0.05,-1.32,4.67,10.45,-3.1,-7.84,7.9,3.12,5.64,-0.29
2014,2,1,201402,-4.12,-0.71,-2.9,-0.02,-1.39,-1.83,0.03,-9.79,-15.47,-14.51,-4.8,0.2,1.21,0.49,7.49,3.98,17.26,6.5,4.88,9.88,13.43,-6.71,-9.42,4.77,0.26,2.41,-1.54
2014,2,2,201402,-0.6,1.97,-0.33,2.25,0.7,-5.05,0.25,-7.4,-14.45,-15.69,-7.12,-3.76,5.39,3.5,12.54,8.37,19.41,11.03,8.32,5.88,8.69,-10.14,-10.66,1.68,-2.46,1.72,-1.77
2014,2,3,201402,-3.11,0.51,-3.14,2.15,-1.12,-10.5,-4.92,-12.1,-17.68,-14.22,-7.1,-7.2,6.82,1.47,15.97,13.52,20.84,6.9,3,0.55,1.68,-8.75,-9.77,2.59,-2.13,2.84,-1.6
2014,2,4,201402,-7.74,-3.05,-6.65,-0.57,-4.66,-7.29,-5.52,-11.27,-13.97,-14.53,-5.07,-4.3,1.14,-1.11,13.2,7.98,20.55,5.38,1.79,2.77,5.72,-8.57,-13.04,1.92,-2.04,2.33,-4.85
2014,2,5,201402,-6.46,-1.83,-4.92,0.67,-2.5,-5.83,-4.53,-10.37,-13.59,-17.34,-13.03,-6.77,2.85,1.48,14.15,8.86,21.17,7.87,5.52,0.2,3.02,-13.78,-16.56,2.42,-3.74,3.31,-8.08
2014,2,6,201402,-9.72,-4.32,-8.42,-1.88,-6.4,-11.47,-8.86,-12.37,-15.43,-17.42,-15.3,-12.21,-0.65,-3.23,5.27,4.64,16.11,-1.05,-2.39,-5.49,-2.59,-14.02,-16.36,2.73,-3.86,4.09,-9.3
2014,2,7,201402,-9.54,-5.76,-8.76,-3.15,-7.83,-13.59,-12.8,-13.69,-16.26,-17.95,-12.58,-11.69,-0.81,-3.71,5.45,2.83,13.62,-1.61,-3.3,-4.55,-1.94,-8.84,-11.96,4.67,-0.88,5.24,-5.76
2014,2,8,201402,-9.47,-6.2,-10.36,-4.25,-10.37,-9.14,-11.61,-14.77,-17.65,-16.86,-6.77,-5.27,-0.39,-4.49,7.39,3.92,15.35,1.36,-1.38,0.29,3.37,-4.39,-8.39,5.33,1.34,7.25,-3.41
2014,2,9,201402,-9.64,-4.84,-7.97,-3.62,-6.64,-5.77,-5.72,-10.84,-12.83,-16.65,-6.46,-2.84,0.76,-2.28,9.23,4.88,14.79,4.85,2.1,4.21,8.79,-2.72,-7.94,7.65,3.85,9.22,-1.76
2014,2,10,201402,-8.96,-4.58,-7.73,-3.32,-7.05,-12.42,-9.34,-12.19,-17.09,-19.34,-9.43,-7.88,0.27,-3.73,9.95,7.05,15.08,5.22,-0.11,2.24,8.67,-4.32,-7.06,8.14,3.86,9.06,-0.68
2014,2,11,201402,-11.51,-7.39,-10.04,-6.31,-9.5,-15.35,-13.16,-13.75,-18.65,-17.39,-7.41,-9.95,-3.19,-6.36,9.26,2.52,16.33,-0.62,-3.9,-1.77,2.88,-5.12,-4.46,7.27,2.19,7.62,1.22
2014,2,12,201402,-12.67,-8.99,-11.25,-7.37,-11.39,-11.91,-12.16,-14.01,-14.2,-11.66,-3.15,-7.12,-5.09,-6.67,2.31,-1.54,16.51,-1.08,-3.26,-1.57,2.22,-4.25,-3.96,6.62,2.47,8.75,3.32
2014,2,13,201402,-8.12,-4.18,-7.78,-0.74,-6.12,-6.2,-7.3,-9.11,-9.92,-8.57,0.38,-1.51,-1.94,-2.46,0.96,0.17,14.17,0.45,-0.57,2.1,6.45,-0.49,-0.74,8.66,4.94,10.2,3.51
2014,2,14,201402,-2.67,-0.15,-4.37,0.39,-3.55,-5.14,-4.64,-6.52,-10.89,-13.89,2.25,0.46,-0.54,-1.26,2.91,0.69,9.54,3.15,0,6.47,10.79,0.09,-2.04,10.43,6.84,11.12,2.82
2014,2,15,201402,-4.84,-1.91,-4.73,0.09,-3.41,-9.63,-5.68,-9.58,-14.21,-12.16,0.83,-4.48,0.5,-0.89,6.34,3.97,12.71,3.23,-0.33,5.64,10.83,1.57,0.04,10.81,7.25,10.65,2.91
2014,2,16,201402,-6.35,-3.77,-8.35,-3.21,-7.86,-3.98,-5.4,-9.89,-9.42,-11.51,2.55,-0.5,-2.42,-4.31,4.57,1.9,10.22,3.92,2.01,8.05,13.57,1.84,0.65,10.49,6.95,9.38,2.09
2014,2,17,201402,-10.81,-7.27,-11.05,-5.13,-8.31,-3.66,-5.76,-11.71,-9.3,-5.05,4.85,2.15,-1.15,-3.72,7.95,3.55,13.02,7.6,4.67,12.24,15.62,0.26,-2.16,9.69,4.8,7.57,1.97
2014,2,18,201402,-10.36,-5.71,-6.58,-1.41,-3.6,-0.71,-0.07,-5.79,-5.74,-3.26,5.18,4.11,1.95,0.39,12.44,7.68,16.03,11.56,7.32,10.86,13.77,0.66,-0.95,9.4,4.9,7.63,2.4
2014,2,19,201402,-3.71,-1.4,-2.67,0.38,-1.33,2.06,2.3,-2.47,-3.7,-3.32,4.87,6.5,6.18,3.33,15.9,12.66,17.98,14.27,12.95,14.48,16.59,0.27,-1.46,9.23,5.16,8.3,1.01
2014,2,20,201402,-0.98,1.37,-1.03,1.99,-0.53,5.21,3.18,-2.75,-2.25,-1.82,4.62,10.57,6.98,4.21,16.43,14.43,19.06,16.17,14.96,16.57,16.36,-3.92,-5.49,6.14,1.62,6.65,0.31
2014,2,21,201402,-0.67,2.51,1.77,5.81,3.22,3.01,5.3,-1.1,-4.22,-8.53,0.69,3.5,11.65,8.29,16.47,16.46,21.15,12.09,10.06,7.5,9.19,-5.34,-4.07,5.68,0.95,7.4,1.06
2014,2,22,201402,0.5,3.08,0.09,3.98,1.14,0.34,1.54,-6.38,-11.35,-11.53,2.14,4.05,5.31,3.65,9.24,9.36,19.27,6.62,5.16,7.73,10.76,-3.07,-5.46,7.06,2.85,7.85,-0.29
2014,2,23,201402,-0.44,2.91,-0.63,4.47,1.62,-3.7,0.58,-9.15,-14.49,-13.19,-1.74,0.83,5.64,4.54,11.13,8.89,19.61,9.62,7.15,9.91,14.18,-2.71,-6.05,7.77,3.79,8.16,0.84
2014,2,24,201402,-3.37,0.53,-4.89,1.96,-3.54,-8.13,-5.89,-10.89,-14.53,-14.91,-3.76,-3.31,4.28,0.6,13.55,9.92,20.07,8.04,3.52,6.64,12.65,-1.5,-5.29,8.75,5.11,8.87,2.86
2014,2,25,201402,-9.72,-6.07,-8.96,-3.42,-6.98,-6.88,-6.08,-11.31,-14.97,-16.52,-4.77,-2.81,-0.11,-3.21,10.99,6.79,19.18,6.83,1.52,8.19,14.17,-1.98,-6.15,9.8,5.88,9.51,3.13
2014,2,26,201402,-10.53,-7.12,-10.27,-3.66,-8.04,-11.84,-9.35,-15.04,-17.69,-17.41,-7.97,-7.18,-1.29,-4.27,10.22,5.87,18.02,2.99,-1.68,1.96,8.44,-4.85,-6.6,9.87,5.5,9.23,2.14
2014,2,27,201402,-11.85,-9.29,-12.47,-6.41,-11.13,-11.03,-10.55,-15.42,-17.95,-18.63,-5.03,-6.55,-2.9,-6.89,3.64,3.09,14.07,-1.8,-3.98,-0.33,3.69,-1.34,-3.73,9.67,5.71,8.74,2.85
2014,2,28,201402,-11.39,-9.54,-14.11,-9.83,-15.02,-11.19,-11.69,-18.36,-18.49,-17.46,-2.22,-4.76,-5.51,-8.77,2.67,1.21,11.12,-0.16,-2.62,4.04,10.37,0.84,-3.53,9.11,5.14,7.87,3.26
2014,3,1,201403,-11.17,-7.84,-10.62,-6.17,-10.06,-2.8,-3.45,-10.69,-13.02,-18.33,-5.67,1.35,-2.6,-3.3,7.85,3.01,13.22,7.38,4.24,10.93,15.43,-0.98,-9.53,9.55,6.24,7.19,1.3
2014,3,2,201403,-4.9,-1.55,-6.11,0.43,-2.83,-8.26,-3.2,-14.82,-18.87,-23.23,-14.57,-6.24,4.45,2.28,11.44,8.59,16.19,12.7,9.58,7.84,14.39,-5.06,-9.89,7.44,5.34,7.59,0.36
2014,3,3,201403,-11.68,-6.6,-12.81,-3.37,-10.21,-16.55,-11.64,-17.64,-21.49,-20.92,-15.6,-14.58,1.96,-3.94,13.32,10.53,18.76,3.83,-1.58,-5.01,-0.09,-4.49,-3.82,8.44,3.64,7.84,3.46
2014,3,4,201403,-15.79,-10.76,-14.27,-9.02,-14.08,-10.34,-12.13,-13.64,-13.33,-13.74,-6.38,-8.19,-7.1,-8.89,7.11,-0.26,17.16,-2.14,-3.76,-4.08,1.18,0.09,-1.22,9.62,5.36,9.38,4.29
2014,3,5,201403,-11.02,-5.06,-8.02,-3.41,-6.35,-5.47,-6.04,-11.14,-12.47,-10.68,-1.45,-2.15,-1.82,-3.55,5.94,1.81,17.14,3.51,2.47,1.61,5.79,0.15,-1.31,8.93,5.82,10.45,5.84
2014,3,6,201403,-14.16,-8.44,-11.24,-4.01,-8.09,-3.7,-4.8,-12.84,-13.14,-6.42,1.18,0.32,-1.28,-2.67,6.34,2.37,17.34,6.4,3.98,5.26,8.73,1.03,1.63,9.84,6.39,10.78,6.36
2014,3,7,201403,-10.47,-6.93,-8.54,-2.16,-5.68,-0.32,-0.5,-7.7,-6.96,-4.11,4.86,3.79,0.63,0.05,5.3,3.77,14.8,6.81,5.98,6.88,10.41,2.57,0.05,9.77,5.92,8.74,4.44
2014,3,8,201403,-5.12,-2.11,-3.1,0.91,-0.61,2.08,2.49,-4.33,-6.13,-7.42,0.93,4.47,3.95,4.01,8.72,5.73,11.87,9.25,8.37,8.88,12.08,-0.84,-0.88,7.94,4.09,8.31,4.52
2014,3,9,201403,-5.73,-1.51,-4.19,1.88,-1.15,-1.18,-0.71,-8.01,-8.86,-2.33,4.15,2.51,7.07,4.36,12.61,9.97,14.97,10.69,8.76,8.49,8.18,0.48,2.37,7.34,3.88,10.18,7.61
2014,3,10,201403,-6.69,-1.66,-2.81,1.79,0.47,4.57,3.57,-1.17,-1,3.17,9.26,7.49,5.94,3.89,12.64,10.5,17.32,11.66,9.06,11.4,10.79,3.04,3.82,8.65,5.33,9.89,5.57
2014,3,11,201403,-1.69,1.84,0.62,5.3,4.22,7.87,7.42,-0.89,-0.41,1.51,9.33,11.35,10.12,8.64,15.22,12.46,17.74,14.18,12.04,14.6,14.66,1.96,0.52,8.72,4.58,7.81,1.65
2014,3,12,201403,-0.79,2.49,0.42,7.31,4.95,2.95,4.16,-6.24,-5.48,-2.16,2.96,5.99,10.78,8.81,16.56,14.47,19.94,13.94,12.55,11.27,11.41,-4.01,-1.71,6.7,1.75,6.76,2.81
2014,3,13,201403,-9.3,-4.75,-10.96,-1.57,-7.82,-0.7,-6.77,-13.07,-7.73,0.51,4.96,4.33,-0.65,-4.06,6.17,4.65,13.99,3.79,1.82,6.6,7.26,-0.98,0.05,8.41,2.67,7.06,4.04
2014,3,14,201403,-11.46,-7.6,-7.78,-2.7,-2.66,4.86,1.7,-2.84,-0.82,2.17,7.48,7.89,0.37,0.02,6.03,3.24,11.48,6.8,5.23,9.2,10.79,1.36,0.26,9.58,5.18,8.2,4.93
2014,3,15,201403,-0.92,1.83,0.85,4.73,3.79,4.36,4.06,-3.12,-4.3,-2.34,6.7,8.64,7.28,6.48,10.79,9.61,16.36,11.54,9.68,14.01,15.55,0.44,0.85,8.37,5.26,9.09,3.41
2014,3,16,201403,-5.32,-1.94,-6.73,1.35,-2.31,0.22,-0.94,-11.76,-11.58,-6.26,2.52,5.33,5.58,3.15,14.37,9.99,19.34,13.45,10.61,12.74,12.72,-1.88,0.72,6.96,4.12,10.47,6.29
2014,3,17,201403,-13.74,-7.88,-11.7,-3.21,-5.75,-4.01,-4.2,-13.03,-10.41,-0.82,3.39,-1.51,-0.04,-1.56,14.63,6.76,21,8.61,5.13,4.57,6.89,1.88,2.63,8.85,4.88,9.68,3.78
2014,3,18,201403,-11.78,-5.74,-7.73,-1.23,-2.15,2,1.02,-4.94,-3.82,0.27,6.13,4.54,-0.18,-0.11,8.89,3.01,17.41,8.22,6.96,7.97,11.31,-0.94,-1.79,7.1,2.33,7.02,0.44
2014,3,19,201403,-6.35,-1.7,-2.44,0.98,0.73,6.99,7.08,-1.19,-1.04,0.34,3.4,7.68,3.97,4.59,11.05,7.12,16.44,12.06,10.97,10.36,11.71,-3.33,-2.61,5.59,1.15,6.96,2.17
2014,3,20,201403,-0.6,2.83,0.86,5.33,2.86,3.98,3.6,-1.27,-1.75,1.29,5.48,6.13,7.49,5.76,13.61,11.6,17.9,10.98,8.24,9.83,11,-0.12,-0.37,7.89,4.01,8.47,1.84
2014,3,21,201403,-1.19,0.85,-1.45,3.69,1.31,6.57,4.69,-2.56,-2.29,1.22,6.93,9.12,6.31,5.51,11.29,8.84,18.55,10.06,7.92,11.78,14.26,1.19,-2.37,9.31,5.42,8.99,0.25
2014,3,22,201403,-3.78,0,-1.88,5.46,3.55,4.98,6.16,-1.99,-3.63,-6.84,1.46,5.95,8.66,7.39,14.04,11.13,20.28,13,10.38,12.65,16.06,-0.71,-4.5,8.6,4.77,8.43,0.4
2014,3,23,201403,-3.45,-0.3,-3.48,4.07,0.16,-1.15,0.05,-8.95,-10.32,-8.52,-1.37,0.32,6.65,3.87,15,12.67,20.03,10.85,7.29,8.3,12.37,-2.17,-3.79,9.66,4.36,9.16,2.34
2014,3,24,201403,-11.53,-6.84,-9.33,-3.08,-6.37,-2.85,-3.7,-8.59,-8.96,-6.15,0.75,-0.19,-0.16,-3,10.15,5.45,18.69,5.66,2.13,6.05,9.04,-1.26,-2.93,9.82,5.25,10.19,3.79
2014,3,25,201403,-9.32,-4.49,-6.25,-1.72,-3.86,-1.96,-2.8,-7.63,-9.25,-7.31,-0.1,1.44,-0.16,-1.87,9.19,4.55,17.44,5.19,2.07,6.59,10.73,-0.83,-1.37,10.31,6.13,10.01,6.08
2014,3,26,201403,-6.11,-2.65,-5.98,-1.2,-4.39,-3.36,-4.84,-9.86,-9.27,-4.61,3.31,0.36,-1.67,-3.23,2.55,1.34,9.77,1.34,-0.61,5.21,10.63,3.44,2.13,10.09,6.94,8.01,4.73
2014,3,27,201403,-8.27,-5.77,-7.48,-3.14,-4.27,3.77,-0.57,-3.55,-0.52,0.56,8.03,8.84,-0.79,-1.71,6.17,3.15,13.36,6.15,3.81,12.47,15.87,2.37,0.43,7.97,5.04,6.01,3.73
2014,3,28,201403,-1.91,2.45,1.23,4.73,4.09,9.07,7.71,0.77,-0.27,-2.79,3.78,9.72,6.53,6.17,14.43,11.5,19.52,15.05,12.67,15.69,16.96,-0.09,-0.76,7.67,4.89,7.68,4.1
2014,3,29,201403,2.44,7.27,3.12,9.28,7.33,6.04,4.92,-2.52,-2.16,-0.94,5.45,7.69,12.53,10.47,17.08,15.94,22.01,14.56,13.06,13.45,14.39,0.32,2,9.28,6.24,9.53,5.42
2014,3,30,201403,0.38,5.6,0.65,9.03,3.58,4.57,1.77,-2.54,0.27,4.22,9.62,7.37,7.44,4.91,10.72,10.55,17.18,8.01,6.06,11,13.68,4.15,3.47,10.64,7.22,8.3,3.61
2014,3,31,201403,-1.99,0.46,-1.15,4.53,1.72,8.69,5.49,1.12,4.32,2.98,11.67,11.78,5.63,4.05,10.04,7.81,14.3,10.05,8.39,13.48,16.35,2.42,-0.5,8.03,4.91,6.42,3.23
2014,4,1,201404,-1.96,1.31,0.36,4.89,4.7,8.8,9.65,3.3,2.48,-3.62,3.04,8.93,9.43,8.02,13.4,11.81,16.78,13.99,13.57,14.88,17.52,0.24,-0.9,8.16,4.78,5.5,4.27
2014,4,2,201404,-1.85,3.38,3,6.64,6.64,6.62,6.88,-1.11,-2.7,-3.26,5.42,10.01,12.22,9.76,15.3,14.44,18.12,16.57,16.24,19.02,20.09,1.35,-0.59,6.29,4.04,4.68,3.98
2014,4,3,201404,-0.67,3.54,0.66,8.25,6.26,10.65,9.37,-1.33,-0.43,0.18,7.74,16,13.57,12.12,17.41,16.01,19.44,19.44,19.31,21.24,19.76,-0.42,-0.7,4.98,3.41,5.6,4.28
2014,4,4,201404,-0.86,2.06,1.73,7.16,7.97,9.75,11.97,1.06,-0.59,-0.16,3.54,10.59,15.14,14.02,18.52,17.81,20.57,19.05,18.19,14.51,14.12,-2.06,0.49,6.46,3.23,6.91,4.88
2014,4,5,201404,1.32,4.47,2.66,7.27,4.97,3.57,3.55,-0.57,-1.85,1.4,5.63,5.29,11.3,7.45,17.28,16.03,21.08,11.15,8.44,9.32,11.16,1.39,1.98,7.74,4.85,6.56,4.23
2014,4,6,201404,0.05,2.52,0.7,4.55,2.54,5.67,4.78,1.43,2.88,5.27,8.49,7.15,6,4.89,15.66,11.87,22.02,11.17,8,11.12,13.39,1.83,2.13,7.39,4.57,8.85,6.91
2014,4,7,201404,1.69,5.41,3.8,5.45,3.81,7.63,6.45,3.69,5.16,6.18,8.89,9.11,7.16,7.04,18.52,14.18,22.54,16.47,13.47,12.36,12.67,0.95,2.73,8.89,5.89,11.58,8.3
2014,4,8,201404,4.31,9.38,5.94,11.41,7.69,8.79,8.07,3.37,3.95,4.82,7.53,9.06,12.75,10.6,16.33,17.2,21.31,11.33,10.05,11.69,12.69,1.95,5.3,11.53,8.03,13.64,10.25
2014,4,9,201404,3.13,6.74,2.91,8.29,5.35,7.47,7.22,2.36,3.75,7.99,10.18,7.74,9.55,7.73,12.5,13.1,16.96,11.13,10.08,10.86,13.62,6.31,7.7,13.39,10.01,13.57,8.64
2014,4,10,201404,0.05,3.96,3.68,7.47,6.25,10.78,8.98,6.16,7.46,9.14,13.44,13.02,9.92,9.03,12.19,11.94,16.3,11.58,10.41,14.62,16.73,7.2,5.1,12.87,9.96,12.7,5.24
2014,4,11,201404,6.1,9.03,9.06,11.8,10.59,11.98,13.12,5.26,5.38,7.96,11.8,13.8,12.83,12.27,14.29,13.9,18.87,14.82,14.01,16.93,18.2,7.13,5.23,13.07,10.52,12.97,6.57
2014,4,12,201404,6.03,10.26,8.27,13.45,10.57,14.68,13.18,6.25,5.97,9.34,15.77,17.24,14.59,13.94,16.96,16.02,21.2,17.43,16.79,19.16,19.63,8.01,5.8,12.93,10.92,12.6,6.3
2014,4,13,201404,3.94,9.7,10.7,13.07,13.42,19.14,17.58,9.45,7.2,5.51,12.73,19.26,16.24,15.74,18.83,17.8,21.01,18.64,18.01,19.84,20.41,5.1,0.76,10.96,8.58,11.27,4.8
2014,4,14,201404,9.5,14.54,16.2,15.36,16.82,12.65,16.77,6.64,0.88,-1.46,1.09,9.8,18.06,17.23,19.92,19.27,22.7,19.74,18.96,14.29,14.34,-4.61,-1.71,9.04,4.33,10.98,5.87
2014,4,15,201404,11.47,13.62,11.77,15.02,11.32,0.73,2.1,-4.18,-3.89,-2.32,2.58,2.08,14.96,11.37,17.79,18.48,22.27,9.47,7.07,5.52,6.27,-1.38,1.95,9.48,5.22,11.71,6.38
2014,4,16,201404,-0.14,2.17,-3.5,2.38,-1.91,2.39,0.06,-2.55,-1.26,0.77,7.79,4.57,1.77,0.24,6.45,5.73,16.11,4.37,2.75,6.96,9.28,3.04,2.09,11.26,7.52,11.78,5.2
2014,4,17,201404,-2.68,0.15,-0.38,2.91,1.27,7.14,4.91,1.82,3.28,0.22,5.24,7.56,3.51,3.5,10.09,6.47,19.05,9.17,7.2,10.04,13.9,1.89,2.39,12.25,8.78,13.08,6.7
2014,4,18,201404,0.19,1.97,2.49,4.25,4.27,10.96,9.59,4.49,2.12,3.57,9.18,11.04,6.21,6.41,14.12,10.91,20.95,13.81,11.54,14.24,15.82,5.88,6.6,13.28,10.36,12.74,6.01
2014,4,19,201404,2.78,5.73,5.18,7.7,7.45,11.03,10.27,2.47,3.69,8.67,13.7,13.34,9.54,9.48,14.12,11.51,20.9,13.99,13.02,16.01,17.56,8.74,5.43,13.51,11.09,12.4,5.73
2014,4,20,201404,2.54,4.99,5.04,7.65,6.88,13.64,10.49,6.71,10.01,11.57,15.67,15.45,9.6,9.3,12.99,11.21,18.43,14.38,13.59,17.34,18.5,7.85,6.77,13.91,10.45,12.57,5.84
2014,4,21,201404,5.33,6.36,8,7.09,8.84,16.83,14.2,11.41,12.5,12.28,15.81,17.7,9.1,9.93,14.23,12.31,18.79,15.95,14.82,18.41,19.59,8,6.21,15.42,10.94,13.46,8.14
2014,4,22,201404,8.48,10.14,10.49,10.9,11.84,14.22,15.05,7.97,6.54,8.36,12.13,14.69,13.77,13.69,17.51,15.92,20.22,18.26,17.41,18.17,20.17,8.78,8.9,15.74,11.85,11.09,7.38
2014,4,23,201404,8.32,10.03,6.01,10.58,6.4,7.59,6.21,2.68,3.22,8.69,14.8,10.83,11.12,8.73,18.2,15.52,21.03,14.98,11.9,16.65,20.36,9.32,5.34,12.47,8.31,7.34,3.54
2014,4,24,201404,3.35,4.52,2.2,5.98,3.37,10.73,7.14,3.26,5.07,7.92,13.47,13.15,7.75,6.34,16,11.47,21.58,14.87,11.99,18.23,19.98,3.16,2.21,10.23,7.45,9.82,6.19
2014,4,25,201404,4.1,5.21,4.33,6.14,6,14.22,10.41,5.03,7.23,8.72,11.6,13.97,11,9.42,19.62,15.45,22.14,18.49,16.87,16.45,17.92,5.75,5.71,11.72,8.96,9.74,5.26
2014,4,26,201404,5.21,7.02,7.19,10.3,9.25,13.72,11.48,5.27,5.33,9.08,15.18,15.21,13.85,11.86,19.18,16.84,22.71,17.38,14.88,17.8,20.91,8.15,6.62,10.88,8.4,6.75,4.1
2014,4,27,201404,4.97,6.23,4.88,9.76,6.48,14.49,9.73,3.3,4.3,8.3,17.04,19.12,13.27,10.93,20.4,16.83,23.34,19.8,17.66,21.59,21.05,4.46,3.7,7.64,5.34,7.5,4.02
2014,4,28,201404,5.29,7.1,6.02,9.5,7.26,16.95,11.45,4.79,4.47,6.66,11.05,18.3,12.19,11.07,22.37,19.23,24,21.38,20.51,19.24,17.99,0.98,1.57,9.32,5.24,9.1,3.79
2014,4,29,201404,5.75,7.21,7.21,8.82,8.31,14.39,15.72,7.17,4.91,4.25,6.52,11.37,12.63,12.24,22.56,20.69,24.3,21.15,19.2,14.7,15.76,-0.69,1.12,8.88,4.35,11.19,6.77
2014,4,30,201404,4.22,4.86,5.44,8.64,8.01,10.1,12.68,9.51,6.2,4.3,5.13,8.23,15.08,13.86,22.02,20.81,24.64,16.79,14.45,11.28,11.87,-0.42,2.57,7.96,5.02,12.72,9.82
2014,5,1,201405,6.63,11.02,10.06,15.44,13.28,7.74,9.65,7.5,5.79,5.29,6.64,7.78,17.33,14.4,18.21,19.76,23.3,12.02,11.25,10.16,11.16,0.54,5.02,9.56,6.81,13.95,12.4
2014,5,2,201405,9.41,12.49,8.5,14.1,8.91,9.22,8.79,6.27,6.43,8,8.7,9.76,11.45,9.58,13.38,14.29,21.52,12.28,10.41,12.42,12.79,4.08,8.89,12.07,9.42,15.03,13.51
2014,5,3,201405,8.33,10.44,8.95,12.1,10.04,11.6,10.44,7.51,7.93,7.99,13.64,12.5,12.29,10.92,14.9,14.66,20.76,13.62,12.24,14.6,15.38,8.97,8.78,14.81,11.53,14.13,10.45
2014,5,4,201405,8.39,10.22,7.81,12.39,9.08,12.54,10.97,6.16,5.92,5.56,15.02,16,13.25,11.56,16.09,15.77,19.63,16.5,15.62,18.16,18.01,10.54,8.17,15,11.81,12.44,8.05
2014,5,5,201405,7.61,9.2,6.95,9.93,6.64,12.34,9.68,5,6.39,7.51,15.98,17.36,12.76,10.05,19.07,17.94,20.66,18.35,18.27,19.36,19.75,10.12,8.18,14.19,11.38,11.68,6.95
2014,5,6,201405,7.17,8.36,6.79,11.17,9.54,14.55,12.16,6.25,6.7,10.17,16.78,18.15,14.21,12.57,20.36,19.28,21.96,18.81,18.12,20.21,21.05,9.34,7.41,12.68,9.93,9.53,6.22
2014,5,7,201405,6.74,8.05,6.35,10.66,8.64,18.61,14.87,7.38,8.8,12.07,18.61,21.4,15.98,13.91,20.4,19.86,22.27,19.41,18.37,21.27,21.28,7.9,4.84,9.45,7.99,9.06,6.38
2014,5,8,201405,7.8,10.54,10.52,12.37,14.62,21.67,20.15,12.52,14.75,11.93,16.49,22.1,18.72,17.24,21.55,21.08,23.15,20.83,19.86,22.41,21.28,4.78,3.41,9.4,7.1,10.15,7.52
2014,5,9,201405,8.71,11.67,14.96,14.58,18.13,21.51,20.54,17.65,16.53,9.52,11.28,19.3,19.55,18.34,22.15,21.54,23.53,21.69,20.67,21.21,20.15,4.39,5.5,11.21,8.41,11.7,7.25
2014,5,10,201405,13.28,15.74,17.28,17.54,18.27,16.36,18.04,11.42,10.03,10.17,14.89,17.86,20.27,18.71,22.33,21.89,24,21.42,20.42,21.56,21.08,6.96,5.25,13.35,9.19,10.85,4.71
2014,5,11,201405,14.04,16.33,12.54,18.72,15.35,19.39,16.98,11.22,13.81,11.89,15.9,22.16,19.1,17.49,23.12,22.09,24.62,22.6,21.56,23.93,22.78,7.06,3.06,12.25,8.01,9.28,6.03
2014,5,12,201405,11.9,14.24,13.88,17.4,16.73,23.83,21.95,15.45,16.75,10.3,11.36,23.4,20.14,18.68,23.99,23.2,24.19,23.79,23.34,23.38,22.81,0.14,1.55,8.84,7.03,10.78,7.94
2014,5,13,201405,9.96,12.98,16.04,18.95,20.6,20.47,22.67,17.5,15.13,8.05,7.59,16.81,22.37,21.55,23.6,23.66,24.3,23.6,23.4,18.13,16.58,-1.57,2.89,9.68,5.95,13.33,10.46
2014,5,14,201405,9.16,10.92,16.59,14.23,19.13,12.22,18.18,11.71,7.8,6.41,8.67,11.19,21.3,20.47,22.98,22.6,24.48,21.66,21.04,14.46,12.26,0.46,5.34,10.43,6.83,14.8,13.12
2014,5,15,201405,14,15.94,18.22,17.69,18.61,8.88,14.35,6.63,5.57,5.75,8.32,9.54,20.06,18.39,21.54,21.47,23.84,15.55,15.44,11.26,12.88,3.76,8.3,13.37,10.13,16.53,15.26
2014,5,16,201405,16.98,17.3,16.34,17.79,15.54,7.93,7.08,3.65,4.27,6.12,7.98,7.61,16.69,13.78,14.37,17.85,19.52,11.7,10.31,13.49,15.8,7.21,10.29,16.09,12.77,16.54,14.69
2014,5,17,201405,15.09,15.91,10.81,14.82,9.65,7.92,7.87,5.49,6.73,8.46,10,8.95,11.06,10.05,13.04,12.75,18.53,12.82,9.35,15.14,17.91,8.58,10.13,16.6,13.37,15.59,11.22
2014,5,18,201405,10.86,10.96,7.48,12.32,8.89,10.48,8.66,8.13,9.59,11.57,12.97,11.74,11.7,9.66,16.07,14.09,20.35,15.57,12.38,17.07,19.77,10.67,10.7,15.96,13.1,13.85,9.19
2014,5,19,201405,8.93,9.86,8.71,11.27,9.29,12.55,11.27,11.8,10.59,14.24,18.74,15.95,11.19,10.2,18.5,14.75,21.55,17.02,14.56,20.27,21.21,11.28,9.3,14.65,11.59,11.73,8.52
2014,5,20,201405,10.5,11.51,10.97,13.44,11.47,19.15,15.3,11.83,14.14,15.58,19.92,20.65,14.46,13.42,20.36,16.57,22.16,19.73,19.52,21.89,22,10.83,8.68,13.8,11.21,10.88,9.93
2014,5,21,201405,12.29,13.69,13.25,15.93,15.21,22.86,21.1,16.52,16.47,14.41,19.33,22.27,19.53,18.46,21.91,20.65,22.04,21.11,20.12,22.57,22.66,10.59,10.06,12.65,10.97,11.25,11.27
2014,5,22,201405,12.69,13.11,15.3,17.35,18.09,19.58,20.48,13.69,12.87,13.99,18.54,21.14,21.03,19.81,22.76,22.46,23.32,22.73,21.89,22.84,22.99,11.13,11.68,12.73,11.91,13.57,12.73
2014,5,23,201405,11.8,13.09,12.97,16.17,13.42,16.24,15.05,11.31,12.58,16.48,18.58,19.1,18.27,16.34,24.1,22.84,24.43,21.87,22.54,22.7,22.91,12.05,13.55,13.57,12.91,14.63,14.48
2014,5,24,201405,11.51,12.48,12.96,14.88,12.69,15.85,14.52,13.46,14.68,18.2,19.14,18.22,15.19,13.59,23.71,19.66,25.19,21.07,19.86,22.53,22.49,11.16,13.11,13.29,13.32,15.84,12.03
2014,5,25,201405,12.08,13.71,13.95,16.26,14.45,18.12,16.97,15.61,15.85,18.75,19.95,20.31,16.89,15.95,23.38,19.4,25.54,21.34,20,22.43,22.38,10.75,12.32,14.58,12.82,16.68,11.39
2014,5,26,201405,14.47,15.61,15.69,18.21,16.54,21.52,19.58,17.85,19.23,20.47,20.95,22.88,19.41,18.1,23.75,21.76,25.11,22.65,22.87,23,21.79,10.21,13.16,16.71,13.74,17.37,11.34
2014,5,27,201405,13.85,18.03,17.86,20.78,19.1,23.22,22.31,20.2,21.1,20.46,20.29,22.26,21.62,20.86,24.06,23.27,24.6,23.47,23.22,22.56,21.98,12.49,13.53,18.76,14.86,17.01,10.16
2014,5,28,201405,9.9,12.58,17.3,19.82,20.05,22.41,22.23,16.49,16.88,19.86,21.54,22.51,21.76,21.25,23.86,23.81,24.92,23.33,23.09,22.02,22.02,14.02,14.09,19.33,15.26,14.85,9
2014,5,29,201405,9.45,9.61,12.84,13.18,15.84,22.23,20.88,15.13,15.88,20.27,21.71,23,19.28,18.51,24.17,23.41,24.98,22.6,22.56,22.33,22.27,14.9,13.04,18.7,14.09,13.74,7.45
2014,5,30,201405,11.42,12.03,14.1,14.41,14.96,22.3,19.98,16.13,17.53,20.75,22.08,22.62,18.15,17.62,23.85,22.16,24.98,22.71,22.33,22.2,23.15,14.54,11.26,18.75,14.46,14.49,9.84
2014,5,31,201405,12.26,12.91,13.07,15.64,14.63,22.06,18.75,17.79,19.17,20.62,21.53,22.58,18.47,16.89,24.13,21.34,25.08,22.76,22.58,22.82,23.89,13.7,13.1,19.3,15.59,14.54,12.08
2014,6,1,201406,13.04,13.17,13.86,15.6,14.6,22.52,18.75,17.77,20.72,20.85,22.63,23.69,16.08,16.35,22.12,19.31,24.47,22.95,23.02,23.73,24.81,14.46,12.31,18.02,15.12,14.42,12.18
2014,6,2,201406,15.21,15.23,17.07,15.89,17.41,23.4,22.44,20.07,20.7,18.52,21.24,23.46,16.66,18.16,20.64,18.1,23.49,22.48,21.46,24.3,25.01,12.23,11.5,17.75,15.16,15.41,13.58
2014,6,3,201406,16.99,17.4,20,19.37,19.94,22.8,22.26,18.26,17.04,16.42,22.29,24.1,19.74,20.26,22.12,20.83,23.77,23.04,22.17,25.24,25.31,14.77,13.34,18.52,16.31,14.82,13.76
2014,6,4,201406,14.19,16.58,17.46,21.69,18.78,20.71,18.78,14.84,16.49,17.66,22.52,25.13,21.9,21.62,23.63,23.58,24.18,24.61,24.05,25.94,25.69,14.09,12.87,17.55,16.17,15.47,12.64
2014,6,5,201406,14.64,16,13.97,18.5,14.68,18.35,16.37,13.46,16.8,18.2,21.43,22.47,21.91,18.75,24.64,24.79,25.11,24.54,24.31,26.14,25.71,13.44,11.89,17.29,15.8,16.47,11.89
2014,6,6,201406,14.84,15.17,13.43,17.23,13.95,18.93,16.17,15.09,17.53,17.02,21.36,22.42,18.43,15.88,25.65,23.88,26.06,24.25,23.07,26,25.84,13.72,10.75,17.3,16.47,17.3,11.71
2014,6,7,201406,16.09,16.43,15.4,17.53,15.99,20.76,17.99,17.17,17.87,14.22,19.9,22.95,18.61,17.23,24.86,23.22,26.56,24.57,23.98,25.59,25.37,12.79,10.19,17.4,16.01,17.57,12.38
2014,6,8,201406,18.4,19.01,17.66,20.12,18.44,19.9,18.42,15.75,14.87,13.29,16.46,20.27,20.59,19.71,25.56,22.93,26.5,25.33,23.83,24.32,24.87,11.95,10.91,17.94,15.84,18.33,13.05
2014,6,9,201406,19.22,18.3,17.94,20.2,19.47,18.36,17.51,14.54,13.9,14.43,16.23,19.39,21.91,20.19,25.84,24.08,26.59,23.49,21.32,22.9,24.03,8.28,11.09,18.49,15.22,19.58,13.89
2014,6,10,201406,17.89,18.64,18.79,21.61,20.55,18.06,18.58,16,15.28,16.04,16.73,18.68,23.46,21.42,26.17,25.72,26.46,23.63,22.9,21.13,21.75,10.71,12.71,19.38,15.72,19.49,11.92
2014,6,11,201406,15.94,18.17,18.51,20.59,20.55,19.53,20.82,16.75,16.28,16.93,19.06,18.95,23.74,22.07,24.21,25.19,25.4,22.58,21.4,21.6,23.16,13.92,11.65,19.04,16.39,18.03,11.45
2014,6,12,201406,13.33,16.33,17.73,18.89,19.34,20.67,20.9,18.03,16.21,14.55,17.85,21.3,21.99,20.74,23.48,23.32,25.3,22.79,21.04,23.59,25.48,12.62,11.31,18.79,16.69,16.99,12.99
2014,6,13,201406,13.88,17.99,18.83,21.07,19.87,17.29,19.28,13.54,11.9,13.14,16,17.59,21.68,20.45,23.93,23.36,25.6,23.39,21.77,22.44,25.09,13.55,13.08,19.36,15.85,15.22,10.17
2014,6,14,201406,15.77,18.77,15.79,20.92,15.45,15.85,14.41,11.17,14.04,15.7,19.83,16.89,19.44,16.68,23.72,23.6,25.62,21.26,19.51,22.72,25.72,13.56,9.9,18,14.62,14.58,8.97
2014,6,15,201406,15.45,16.55,13.93,16.24,14.34,18.69,16.65,14.36,15.67,16.16,20.72,21.73,17.87,16.54,24.82,23.5,25.95,23.17,22.42,24.95,25.42,9.8,8.57,16.37,14.15,14.83,10
2014,6,16,201406,14.62,16.5,16.51,19.4,18.72,24.07,23.61,19.81,19.15,16.98,21.55,24.43,22.01,21.38,25.53,24.48,26.13,25.01,24.14,25.49,25.84,12.19,10.45,17,14.22,14.33,8.29
2014,6,17,201406,17.57,19.28,21.26,22.81,22.68,25.72,24.59,20.38,21.46,20.75,23.94,25.46,24.34,23.32,25.25,25.34,25.59,25.65,24.87,25.92,25.7,13.06,10.76,18.07,13.91,13.19,7.5
2014,6,18,201406,19.35,22.19,21.59,25.09,23.78,26.01,25.42,20.17,21.89,21.84,24.65,25.91,25.11,24.63,25.21,24.89,25.36,25.48,25.3,25.75,25.62,13.04,9.09,17.46,13.28,13.79,9.76
2014,6,19,201406,17.31,19.57,18.27,22.72,21.09,25.67,24.34,18.8,19.63,20.6,22.83,25.27,24.06,23.05,25.07,25.12,25.43,25.53,24.73,25.63,25.6,11.34,8.83,16.98,14.63,15.62,12.23
2014,6,20,201406,11.74,14.5,13.25,19,16.75,25.52,22.25,15.39,19.49,19.11,21.88,25.11,22.65,21.12,26.13,25.21,26.23,25.74,24.73,25.66,24.86,13.22,12.56,18.58,16.2,16.99,13.48
2014,6,21,201406,12.72,14.4,13.74,17.88,16.14,23.44,22.15,15.76,19.38,20.53,23.69,25.2,22.45,20.82,26.3,25.42,27.01,25.86,24.89,25.65,24.5,15.21,14.01,19.54,16.5,17.13,11.21
2014,6,22,201406,14.7,16.01,14.86,18.98,17.05,23.81,21.19,18.39,20.12,20.55,23.32,25.44,21.54,20.36,25.92,24.83,27.19,25.36,24.73,25.63,25.28,14.97,13.58,19.58,16.43,16.38,12.72
2014,6,23,201406,16.91,17.54,17.6,19.62,19.82,24.42,23.25,19.63,19.56,18.83,20.94,24.39,21.67,21.39,25.39,24.24,26.84,25.05,24.43,25.15,25.6,13.9,13.64,18.89,16.93,16.94,14.8
2014,6,24,201406,17.41,17.7,20.01,19.77,20.79,23.88,23.52,20.47,20.84,18.52,20.03,23.31,22.14,21.56,25.42,23.98,26.92,24.7,23.4,24.54,25.45,14.92,14.51,18.99,17.58,17.45,14.53
2014,6,25,201406,18.96,20.37,20.82,22.32,22.14,22.52,22.94,18.41,18.87,18.16,20.84,21.84,23.35,22.21,25.31,24.72,27.03,24.54,23.24,24.4,24.68,15.57,15.33,19.17,17.43,17.72,14.42
2014,6,26,201406,18.33,20.79,19.13,23.83,20.79,22.89,22.1,17.3,18.37,20.3,22.78,23.52,23.09,22.11,25.32,24.83,27.22,24.35,23.28,24.86,24.54,15.9,15.37,19.76,17.16,16.8,13.4
2014,6,27,201406,17.2,19.04,18.85,22.55,19.86,23.2,22.4,19.2,20.01,22.11,23.5,24.12,22.64,21.68,25.06,25.35,27.38,24.44,23.55,24.91,25.06,15.14,13.95,19.32,16.26,16.36,12.18
2014,6,28,201406,18.45,17.96,19.62,22.01,21.27,23.76,23.22,21.59,22.55,21.82,22.82,24.17,22.13,21.78,25.55,24.61,27.17,24.85,23.63,25.23,25.77,12.99,12.74,19.79,16.55,17.67,12.1
2014,6,29,201406,19.54,18.8,21.41,21.27,21.17,24.44,23.35,22.26,22.82,20.02,22.69,24.43,20.67,20.99,25.79,23.46,27.54,25.24,23.83,26.62,26.94,14.6,12.47,20.91,17.62,18.46,12.39
2014,6,30,201406,21.14,20.2,22.16,21.62,22.22,25.59,24.42,22.87,22.62,18.86,24.63,26.55,21.73,21.97,25.69,23.43,26.99,26.14,24.74,26.75,26.53,16.41,12.43,21.98,18.88,20.29,12.98
2014,7,1,201407,22.86,22.43,23.64,23.44,23.67,25.1,25.58,22.04,18.96,15.85,19.76,24.4,24.02,23.89,26.38,24.84,27.21,26.06,24.94,25.56,25.72,13.61,13,21.99,19,20.92,16.04
2014,7,2,201407,24.32,24.37,24.19,25.41,24.85,18.99,22.37,17.27,14.91,13.4,17.09,19.27,25.8,25.11,26.55,26.38,27.44,26.07,25.08,24.48,25,13.47,14.95,21.76,19.73,20.56,18.2
2014,7,3,201407,22.63,23.73,22.03,25.96,22.78,17.68,18.66,14.1,13.94,15.88,17.1,17.16,25.47,23.69,26.54,26.2,28.24,22.83,20.85,22.39,24.73,15.75,17.48,22.1,19.34,20.23,17.02
2014,7,4,201407,20.16,21.74,18.22,23.76,18.29,17.35,17.06,14.97,15.42,18.19,20.4,18.83,21.56,19.12,23.06,24.17,26.6,20.33,19.02,22.21,24.46,16.99,18.29,22.3,19.03,19.7,15.67
2014,7,5,201407,15.69,17.1,15.63,18.24,15.1,17.63,17.12,16.44,17.15,21.54,23.59,19.96,16.71,16.17,22.61,20.49,25.97,19.97,18.2,22.87,24.51,17.11,18.28,22.58,19.04,19.6,15.58
2014,7,6,201407,16.39,18.07,16.84,19.18,16.94,21.29,19.03,19.05,20.68,23.31,24.93,23.46,18.75,17.9,24.14,21.99,25.83,21.76,20.82,24.23,24.82,17.65,17.79,22.96,19.87,20.4,17.21
2014,7,7,201407,18.56,19.88,18.84,21.83,20.61,24.91,22.96,22.13,22.11,21.15,24.83,25.68,22.01,21.32,24.83,24.19,26.05,24.07,23.74,25.7,25.24,18.17,17.6,23.45,20.13,20.83,17.99
2014,7,8,201407,21.56,23.5,22.29,24.65,23.01,23.78,23.84,18.83,19.09,18.27,22.1,25.15,24.02,23.36,25.18,25.22,26.85,25.25,24.07,26.05,25.26,16.99,17.02,23.43,20.12,20.99,19.1
2014,7,9,201407,21.19,22.78,19.78,24.36,21.21,20.3,20.94,15.23,16.07,17.61,20.43,21.15,23.41,22.63,25.89,25.37,26.83,25.31,24.42,25.42,25.66,17.39,18,23.18,20.23,20.72,18.93
2014,7,10,201407,17.79,20.68,16.62,23.22,19.23,19.21,19.86,14.97,16.82,19.14,22.19,20.6,22.87,21.79,25.67,25.68,26.67,24.94,23.86,25.02,25.18,17.64,18.53,22.45,20.05,19.95,17.37
2014,7,11,201407,16.49,18.8,16.18,22.19,19.28,19.38,19.69,17.49,18.44,22.2,24.54,22.44,22.88,21.19,25.62,24.97,26.56,25.16,23.8,25.68,24.62,18.3,18.1,22.31,20.08,19.06,17.81
2014,7,12,201407,17.84,19.51,18.32,22.21,21.39,23.38,21.31,19.8,21.51,21.67,24.65,25.81,23.2,22.09,25.16,24.75,26.67,25.18,24.14,26.1,24.8,18.16,18.03,22.36,20.05,19.19,18.87
2014,7,13,201407,19.7,20.92,21.54,22.66,22.71,25.2,23.49,20.64,19.88,19.17,23.84,25.57,24.48,23.27,25.16,24.83,26.27,25.71,24.91,26,25.5,17.86,18.15,23.11,20.45,20.86,19.58
2014,7,14,201407,20.94,22.47,21.28,24.88,22.95,23.06,23.38,17.44,15.13,14.72,21.66,24.62,24.94,24.14,26.32,25.77,27.1,26.13,25.37,26.65,26.11,17.84,17.85,23.74,21.17,22.38,20.05
2014,7,15,201407,20.62,22.99,20.77,25.21,21.7,16.19,19.45,14.7,12.52,14.5,15.99,17.6,24.58,22.76,25.91,26.08,26.98,24.56,23.35,23.52,25.5,16.25,17.14,23.43,21.04,22.72,19.72
2014,7,16,201407,19.97,21.19,17.91,23.3,17.13,16.46,15.29,13.45,14.18,16.51,16.82,17.79,20.76,18.05,24.04,23.89,26.42,19.5,17.27,20,24.37,15.87,16.46,22.79,20.14,21.65,20.04
2014,7,17,201407,18.23,19.55,14.96,19.37,15.49,16.98,15.88,14.61,16.57,18.46,16.89,18.74,18.02,16.58,22.64,22.91,26.1,19.11,18.07,19.18,24.61,14.34,17.21,22.02,19.89,20.96,18.74
2014,7,18,201407,16.48,17.5,15.78,19.32,16.57,17.84,17.91,16.99,17.59,19.28,18.59,19.53,18.94,18.08,23.64,22.58,26.69,20.46,18.72,20.14,22.83,15.81,17.45,20.86,19.65,19.78,16.38
2014,7,19,201407,18.24,18.53,17.59,20.05,17.69,19.48,19.24,18.32,18.7,20.09,21.19,20.31,19.26,18.5,24.05,22.1,27.55,21.62,18.56,21.72,24,17.23,17.13,21.87,20.24,20.73,17.38
2014,7,20,201407,17.81,17.83,17.91,20.49,18.3,21.5,20.79,19.52,20.28,22.76,24.31,22.42,20.36,19.64,24.41,23.5,27.38,23.27,22.38,23.79,26.05,17.74,17.65,21.8,20.61,20.91,17.16
2014,7,21,201407,17.9,18.59,19.15,21.55,20.6,23.94,23.25,21.73,22.67,25.14,26.39,24.96,22.49,22.09,24.82,24.12,27.07,24.78,23.87,25.36,27.36,18.59,17.8,21.22,19.95,19.55,14.95
2014,7,22,201407,20.25,21.28,21.43,22.97,22.39,25.87,24.58,23.2,24.52,24.27,26.41,27.22,23.17,23.02,24.99,24,26.52,25.59,24.78,26.51,26.99,18.38,17.24,22.06,19.99,19.4,15.6
2014,7,23,201407,22.22,23.26,22.55,24,23.47,25.26,25.01,19.78,19.15,20.16,24.93,27.19,24.49,23.86,25.81,25.33,26.99,25.7,25.16,27,26.66,18.94,18.68,23.7,19.83,18.81,15.84
2014,7,24,201407,18.74,21.57,17.25,23.5,19.02,17.87,19.5,14.99,16.73,19.35,23.57,21.36,23.56,22.29,26.16,25.75,27.45,25.38,24.35,26.52,26.39,18.79,18.67,24.11,19.02,18.97,11.84
2014,7,25,201407,15.86,17.93,15.45,19.19,15.12,17.06,16.89,16.76,17.35,21.04,25.75,21,21.37,18.43,26.13,25.26,27.64,23.81,22.15,25.78,26.13,18.87,14.92,23.77,18.85,19.56,12.82
2014,7,26,201407,18.07,18.91,17.24,19.54,17.65,22.1,20.8,18.9,20.38,21.39,26.37,25.99,22.83,20.02,26.11,25.38,27.37,24.57,23.52,26.55,26.44,18.78,15.25,23.75,19.76,20.25,15.09
2014,7,27,201407,18.01,19.77,19.53,22.86,21.43,24.87,24.42,20.01,19.35,18.88,23.91,26.42,23.91,22.65,27.1,26.13,27.95,27.01,25.78,27.3,26.49,18.1,16.2,23.71,20.43,21.09,16.87
2014,7,28,201407,18.77,21.1,18.77,23.69,19.63,18.64,19.23,15.65,15.25,17.3,20.15,20.6,22.61,21.03,27.53,25.88,28.13,25.35,23.31,25.52,26.41,17.81,17.63,23.03,20.62,21.37,18.96
2014,7,29,201407,17.1,18.78,15.01,18.55,14.78,17.23,15.62,14.8,17.52,17.94,20.44,19.47,18.46,16.81,23.51,21.56,27.42,20.94,18.95,23.41,25.23,16.79,17.95,22.96,19.78,21.24,19.38
2014,7,30,201407,16.16,17.55,14.91,17.41,15.12,19.09,17.93,15.96,17.87,18.82,19.88,20.22,17.73,16.63,21.6,21.44,25.93,19.59,17.85,21.95,24.63,14.25,17.1,23.13,19.83,21.98,18.87
2014,7,31,201407,17.26,18.65,16.42,19.51,17.55,20.27,19.48,16.68,18.46,19.99,19.35,20.7,20.29,19.04,23.77,23.19,25.76,20.69,20.2,20.47,24.59,13.81,17.22,23.42,19.56,22.2,19.09
2014,8,1,201408,17.94,19.88,18.07,22.03,19.14,20.65,20.21,18.16,19.69,20.36,20.81,21.75,21.24,20.11,24.83,23.33,26.44,22.28,21.86,21.51,23.56,14.6,17.38,23.19,18.96,22.16,19.05
2014,8,2,201408,18.99,19.92,19.53,21.29,19.41,20.76,20.33,19.22,20.38,20.91,21.76,22.68,19.92,19.56,24.75,22.82,26.81,23.37,22.3,23.54,23.37,14.59,17.89,22.93,18.4,21.46,19.28
2014,8,3,201408,18.79,19.2,18.7,21.27,18.09,21.31,20.62,19.93,21.09,21.31,22.41,22.45,20.82,19.52,24.62,22.85,26.67,23.88,22.08,24.17,23.62,15.77,18.16,21.42,18.1,20.77,19.52
2014,8,4,201408,19.83,20.1,19.22,22.32,18.84,22.06,21.39,19.52,20.54,20.76,23.09,23.64,21.67,19.98,24.99,23.42,26.88,24.17,22.1,24.5,24.55,16.68,17.72,21.2,17.51,19.52,19.15
2014,8,5,201408,20.23,21.34,19.65,23.23,20.34,22.62,20.82,18.57,19.23,20.22,23.46,24.81,22.53,20.54,25.43,24.18,27.21,24.09,22.08,25.17,25.2,16.39,17.45,21.09,17.24,18.66,18.7
2014,8,6,201408,18.7,20.97,18.08,23,19.08,22.49,21.51,18.32,19.03,19.58,23.57,24.99,22.52,20.61,25.09,25.16,27.67,25.13,23.36,26,26.03,16.55,17.02,20.9,18.27,18.88,16.9
2014,8,7,201408,16.11,17.48,15.39,19.9,16.98,21.1,20.06,17.88,18.89,19.73,23.53,24.67,22.28,20.3,26.02,24.35,27.79,25.67,24.44,26.74,26.78,16.35,16.92,20.1,18.3,19.13,16.18
2014,8,8,201408,16.04,16.36,16.05,18.34,16.34,21.88,19.09,19.01,18.86,20.79,23.11,24.3,20.62,18.46,26.51,24.34,27.67,25.49,24.47,27.24,26.94,15.51,16.7,20.17,18.01,19.52,15.26
2014,8,9,201408,17.55,18.51,17.57,19.85,18.04,21.92,20.07,18.89,19.81,21.19,23.17,24.43,21.19,19.87,26.74,24.49,27.78,25.86,24.8,27.42,26.73,15.46,16.54,20.91,18.52,19.87,15.58
2014,8,10,201408,19.06,19.66,18.83,21.24,19.03,22.15,21.73,19.08,19.06,20.66,23.26,24.04,21.34,21.32,26.27,23.22,27.58,25.74,24.98,26.92,26.31,15.15,16.26,21.87,18.65,19.68,17.27
2014,8,11,201408,19.17,20.05,19.46,21.04,19.67,23.24,22.46,19.8,20.33,18.7,21.06,23.89,20.95,20.06,25.67,22.87,27.16,25.85,25.11,26.43,26.52,15.45,17.36,22.45,19.02,20.02,19.53
2014,8,12,201408,19.29,19.75,18.71,21.69,19.38,20.74,21.3,18.07,17.06,17.89,18.59,20.59,21.03,20.48,25.76,23.58,26.98,25.55,24.35,24.13,25.72,16.14,18.68,22.87,19.21,19.96,20.16
2014,8,13,201408,17.36,19.46,17.92,22.09,17.09,17.59,17.96,15.82,17.06,20.03,20.49,18.3,21.15,19.33,25.29,24.89,27.2,22.31,19.36,22.18,24.26,17.23,18.39,22.04,19.28,19.34,17.49
2014,8,14,201408,15.93,17.28,14.14,18.34,15.43,19.08,17.75,13.43,14.76,20.48,22.26,20.22,18.45,17.71,23.48,21.22,27.48,20.72,19.64,22.53,24.39,16.82,17.79,21.65,18.37,18.5,16.28
2014,8,15,201408,14.59,15.15,12.51,17.2,13.25,18.41,15.07,13.37,16.5,22.07,23.72,22.15,18.83,16.61,23.82,21.31,27.09,21.85,20.87,23.77,25.37,16.69,17.7,22.37,18.24,18.29,16.04
2014,8,16,201408,14.64,16.19,14.67,17.91,14.96,21.51,17.22,17.32,20.82,23.07,24.23,24.04,19.85,16.74,25.07,23.26,27,23.44,21.79,25.61,26.37,17.04,16.98,22.5,18.76,19.42,16.35
2014,8,17,201408,15.52,17.94,16.33,19.8,17.43,23.1,21.81,18.15,19.57,22.3,24.3,24.51,20.78,19.75,25.6,24.51,27.53,25.28,23.28,26.99,26.74,17.01,16.51,23.29,19.03,19.51,17.58
2014,8,18,201408,14.7,16.69,15.71,19.49,17.8,23.46,22.24,17.66,18.93,21.78,24.49,24.34,22.05,20.9,25.96,25.14,27.62,25.42,24.63,26.82,26.55,17.12,16.96,22.74,18.73,19.54,18.04
2014,8,19,201408,15.3,16.69,15.72,20.49,19.21,24.32,23.53,19.98,20.92,21.2,23.78,25.27,22.53,21.58,25.44,25.1,27.76,25.98,24.62,26.66,26.16,16.37,17.38,21.45,18.72,18.79,18.69
2014,8,20,201408,17.47,18.61,18.54,20.83,20.35,23.86,23.96,19.75,19.66,21.95,24.55,25.96,22.87,21.88,26.35,25.4,27.86,26.49,25.72,26.55,25.83,16.11,16.15,19.64,17.92,17.98,16.17
2014,8,21,201408,18.1,18.1,20.22,21.6,21.01,25.79,23.36,19.72,20.32,22.88,24.85,26.16,23.71,22.53,26.98,25.89,28.27,26.77,25.67,26.77,26.63,15.4,15.04,19.88,17.59,18.55,14.38
2014,8,22,201408,17.44,17.5,19.69,22.08,21.48,26.52,24.84,21.41,22.99,22.83,25.57,27.1,23.89,22.95,27.36,26.18,28.42,26.92,26.2,27.2,26.57,15.59,14.49,19.51,17.39,18.68,13.64
2014,8,23,201408,17.07,17.9,18.18,20.31,19.89,27.24,25.4,21.37,23.02,21.54,24.98,27.45,22.24,22.2,27.56,26,28.51,27.18,26.13,26.8,25.53,14.32,12.78,18.95,15.97,17.37,13.82
2014,8,24,201408,18.39,17.88,18.3,19.81,18.49,26.75,23.78,20.71,22.82,21.73,23.34,26.24,20.49,20.64,26.53,23.23,28.4,27.13,26.4,26.98,26.05,13.76,10.74,19.37,16.02,16.62,14.45
2014,8,25,201408,20.37,19.51,19.79,20.03,19.24,26.83,23.98,22.15,24.04,17.34,22.69,26.34,19.51,19.98,24.35,21.69,26.24,26.13,25.2,27.31,26.48,14.77,11.27,20.28,16.9,16.97,14.46
2014,8,26,201408,20.32,20.61,19.92,21.39,19.04,26.41,24.27,22.19,18.86,15.54,21.83,26.74,19.07,19.2,22.95,21.49,25.86,24.89,24.24,26.95,26,15.49,13.03,20.72,16.62,16.95,15.9
2014,8,27,201408,20.6,21.22,20.94,21.94,21.01,24.95,24.18,16.8,16.26,17.57,23.09,26.25,20.13,20.66,22.57,21.2,25.66,24.04,23.77,26.22,25.84,14.77,14.54,20.19,16.54,17.94,17.31
2014,8,28,201408,18.19,20.56,16.85,21.76,18.44,22.53,20.64,14.71,17.3,19.19,23.01,26.06,22.59,21.99,22.52,22.2,26.17,24.32,24.04,25.76,25.65,13.09,15.21,20.09,17.02,19.43,17.35
2014,8,29,201408,14.23,15.89,14.76,17.14,14.57,24.42,20.12,16.55,19.77,20.34,21.33,24.26,20.94,18.46,24.01,23.7,26.95,24.66,24.23,25.47,25.49,12.99,15.29,20.34,17.13,19.72,15.7
2014,8,30,201408,14.99,16.56,17.25,19.08,17.88,24.31,22.8,20.76,21.43,19.19,21.45,24.43,22.49,21.05,25.7,24.28,27.44,24.78,22.98,25.42,25.41,14.22,15.11,20.84,17.49,19.28,13.86
2014,8,31,201408,18.71,20.45,20.55,23.36,21.63,24.27,23.5,20.61,19.7,19.5,22.12,24.66,24.02,23.04,26.85,25.62,27.23,25.33,24.03,25.62,25.94,15.03,13,20.83,16.82,18.31,11.57
2014,9,1,201409,21.28,23.15,21.29,25.06,22.05,24.34,23.31,20.56,20.62,18.64,21.39,25.24,24.5,23.13,27.05,26.37,27.34,25.44,24.56,26.62,26.31,12.94,11.13,20.59,16.9,18.86,12.38
2014,9,2,201409,21.5,23.48,22.38,25.67,23.17,23.65,23.43,19.64,17.98,16.95,20.78,24.86,24.13,23.46,26.67,26.37,27.01,25.36,24.44,26.49,26.53,13.97,11.79,20.83,17.58,19.04,13.3
2014,9,3,201409,20.27,21.96,19.62,23.41,20.71,22.31,22.24,18.46,17.56,18.21,23.05,23.27,24.29,23,26.43,25.99,26.58,25.56,24.62,25.99,25.8,16.31,13.34,20.69,17.67,18.12,11.54
2014,9,4,201409,17.66,18.86,18.73,21.16,20.65,23.79,22.75,20.48,21.85,21.02,23.76,25.41,23.93,22.4,25.73,25.28,25.98,25.73,24.62,26.06,25.04,15.81,10.68,21.18,16.24,17.41,10.76
2014,9,5,201409,19.93,20.99,21.64,23.74,22.67,26.03,24.36,22.81,21.48,15.86,17.83,25.59,24.36,23.56,25.3,24.78,26.17,25.76,25.21,26.25,24.75,12.77,10.65,21.39,15.84,17.58,12.62
2014,9,6,201409,21.8,23.56,21.64,25.42,22.66,19.75,22.35,17.19,14.48,14.19,13.95,19.42,24.21,23.69,25.34,24.12,26,25.58,24.44,23.43,23.98,11.66,12.29,21.83,16.19,18.44,13.87
2014,9,7,201409,15.98,19.32,15.8,21.46,16.88,16.09,16.83,15,15.43,16.13,16.21,16.89,21.89,19.78,25.65,24.22,25.75,24.12,22.44,22.43,22.68,13.67,13.9,21.93,16.41,18.61,14.68
2014,9,8,201409,12.92,16.17,15.18,18.89,15.09,17.04,16.3,16.32,15.5,17.59,19.33,18.93,19.02,17.78,24.93,22.42,25.71,23.83,22.01,23.85,24.26,14.94,14.33,21.21,17.31,18.58,14.18
2014,9,9,201409,12.95,15.54,15.93,19.64,17.59,19.73,19.21,17.32,17.54,17.64,23,23.45,19.87,19.39,24.18,21.63,25.95,24.86,23.48,26.09,25.57,14.97,12.84,19.76,17.18,17.01,12.79
2014,9,10,201409,13.71,16.75,17.56,20.74,19.36,23.82,21.34,17.42,17.99,11.9,19.15,25.57,21.28,21.03,24.87,23.01,25.79,25.37,24.54,26.72,26,11.89,8.83,20.05,15.55,17.4,11.22
2014,9,11,201409,15.48,17.3,18.78,21.14,20.55,17.17,20.87,13.47,8.83,7.16,12.32,18.78,22.77,21.66,25.63,24.57,26.16,25.09,24.02,24.03,25.33,10.79,5.89,19.36,15.28,18.64,9.39
2014,9,12,201409,13.46,16.9,13.07,19.95,15.27,13.81,15.53,10.18,7.77,6.7,8.08,14.79,21.37,18.96,26.31,25.08,26.3,24.07,22.25,21.14,23.37,6.06,4.37,19.91,14.78,19.14,9.41
2014,9,13,201409,9.42,13.13,10.38,17.13,13.08,10.47,13.89,9.65,7.01,6.97,7.12,10.39,19.23,17.09,25.94,24.2,25.89,22.36,19.92,16.85,16.7,7.23,7.68,20.38,14.05,19.32,11.81
2014,9,14,201409,11.43,13.38,9.84,15.37,11.02,10.48,11.77,9.73,8.64,9.54,12.37,11.69,15.64,13.41,24.69,21.13,25.93,19.53,17.32,17.7,17.27,11.79,9.94,20.77,15.04,19.61,12.79
2014,9,15,201409,9.12,11.06,9.96,13.65,11.91,13.1,12.48,11.34,10.64,10.59,17.08,18.3,17.43,14.92,24.22,20.74,26.19,21.32,18.98,21.71,21.69,13.47,11.61,21.64,16.85,20.44,14.5
2014,9,16,201409,10.37,13.36,12.01,15.3,13.5,14.26,13.88,10.36,9,10.61,14.75,17.81,19.31,16.58,24.69,22.57,25.97,23,20.65,23.92,24.01,14.04,13.89,21.22,17.66,19.7,15.91
2014,9,17,201409,11.12,13.26,11.79,15.5,13.02,13.34,12.89,11.63,11.41,14.13,19.97,17.34,17.68,14.72,24,22.76,25.32,21.94,19.14,24.65,24.81,15.36,15.79,20.22,17.35,19.14,16.26
2014,9,18,201409,11,13.35,12.12,15.56,14.09,14.94,13.56,11.28,13.04,15.53,20.95,20.01,18.07,15.31,22.91,21.94,25.59,21.96,19.33,25.06,24.42,14.95,16.08,19.85,17.19,18.31,15.53
2014,9,19,201409,5.67,11.01,7.96,15.02,12.31,14.95,13.45,11.77,13.89,18.63,21.33,19.29,17.88,15.25,22.81,21.68,25.59,21.74,19.35,24.68,24.36,15.23,15.27,20.74,16.22,17.32,14.18
2014,9,20,201409,7.98,10.97,13.18,17.07,15.97,18.54,17.29,15.48,18.16,18.6,21.76,22.03,18.1,17.61,22.19,20.3,24.04,22.47,21.38,24.57,23.99,15.01,13.88,20.62,16.63,18.13,15.45
2014,9,21,201409,15.97,18.06,17.65,20.62,17.95,19.58,19.96,15.37,14.32,13.49,18.02,21.22,19.25,18.9,21.2,20.53,23.92,22.81,21.96,24.32,24.23,14.39,13.29,20.99,17.55,18.26,16.66
2014,9,22,201409,16.02,17.49,13.57,18.17,13.88,13.77,11.99,8.88,10.72,13.46,14.56,14.83,16.8,14.61,21.74,20.21,24.95,19.43,16.13,19.83,22.99,13.4,13.59,20.47,15.9,18,16.94
2014,9,23,201409,8.63,10.23,9.58,11.86,9.82,13.1,11.72,13.03,12.97,15.04,16.72,13.66,12.71,11.22,19.21,16.5,24.3,15.39,12.78,17.14,21.16,13.58,14.59,19.77,16.22,17.7,16.12
2014,9,24,201409,11.05,13.59,13.56,14.7,13.04,14.57,13.83,15.02,13.67,16.51,18.77,15.08,13.51,12.92,17.04,15.6,22.96,16.84,14.91,18.06,20.91,13.82,15.49,20.21,16.53,17.35,14.51
2014,9,25,201409,12.02,13.47,14.32,17.28,14.8,16.29,15.3,15.26,15.54,18.56,19.85,18.01,16.61,16.06,18.15,17.66,22.96,18.46,17.56,19.99,20.93,14.52,15.9,20.74,16.26,16.83,12.31
2014,9,26,201409,13.54,14.89,14.8,16.85,15.37,17.89,17.19,15.87,15.52,19.63,19.89,19.57,18,17.4,20.71,19.82,23.5,19.91,19.15,20.38,21.28,15.06,15.53,20.94,15.71,15.91,11.64
2014,9,27,201409,16.29,16.01,15.77,17.41,15.13,18.3,16.9,16.3,16.67,19.45,18.53,19.38,17.02,16.66,21.9,19.84,24.08,21.07,20.72,20.73,21.13,14.57,13.25,20.35,14.18,13.88,11.02
2014,9,28,201409,17.96,18.53,17.11,18.31,16.45,18.29,17.02,17.07,17.86,17.26,18.74,19.82,16.91,16.64,22.73,19.93,24.39,21.39,20.35,21.68,21.11,12.86,10.44,16.75,12.42,12.99,11.97
2014,9,29,201409,16.28,18.15,17.1,18.55,17.58,18.84,18.59,16.22,16.1,13.38,18.77,20.12,17.74,18.3,22.05,20.21,24.49,21.97,20.91,22.08,21.97,11.7,8.85,14.63,12.35,13.4,12.31
2014,9,30,201409,13.45,16.3,15.99,19.02,16.86,17.46,16.68,11.48,7.86,12.54,18.55,19.49,18.1,18.21,21.6,19.52,24.2,21.42,19.75,22.15,22.84,8.41,8.72,14.39,12.24,14.52,10.66
2014,10,1,201410,13.48,14.77,15.47,17.56,15.88,16.37,15.99,13,10.8,13.87,17.42,19.63,18.4,17.32,22.13,20.41,24.61,21.31,18.5,23.29,23.74,7.78,6.92,14.85,10.82,14.26,8.35
2014,10,2,201410,12.87,14.37,15.06,16.93,15.71,18.99,17.57,14.73,14.93,12.97,15.05,21.79,18.59,16.76,23.33,20.73,25.79,21.96,19.8,24.05,23.77,5.57,4.67,13.36,9.56,14.44,8.94
2014,10,3,201410,10.9,12.83,14.99,16.59,16.24,16.78,18.04,15.69,11.9,6.73,9.71,15.29,19.28,17.57,23.54,21.55,25.63,22.29,20.61,19.83,20.28,4.6,3.63,13.88,9.98,15.31,10.41
2014,10,4,201410,12.33,12.84,12.47,15.82,12.66,6.24,7.69,7.28,4.43,3.15,6.48,6.29,15.41,12.86,17.76,18.6,24.1,12.87,10.49,12.37,16.54,6.07,6.66,15.56,11.51,16.35,12.74
2014,10,5,201410,11.61,11.48,7.07,9.74,6.2,6.33,6.19,6.44,4.34,6.31,12.1,9.91,7.49,7.24,10.09,9.43,17.36,10.03,7.6,14.59,18.72,8.12,9.3,15.72,11.87,16.92,14.01
2014,10,6,201410,8.19,9.31,8.34,11.13,9.3,11.89,10.52,7.92,6.34,8.63,13.57,13.91,10.67,10.6,13.82,12.06,18.19,15.51,14.45,19.4,21.66,8.87,10.07,15.96,12.66,17.04,15.34
2014,10,7,201410,11.16,14.53,12.49,16.24,12.91,13.08,12.02,9.15,8.4,10.12,15.69,16.65,14.67,14.36,17.58,16.12,23.16,19.4,18.39,21.58,22.24,10.06,11.15,16.68,13.52,17.04,15.61
2014,10,8,201410,14.14,16.32,12.28,17.47,13.27,12.07,12.09,7.88,6.46,7.82,15.23,15.6,17.61,15.66,21.43,20.21,24.6,20.9,19.81,22.61,22.63,10.51,10.63,16.56,13.8,16.2,13.71
2014,10,9,201410,9.02,11.32,8.67,12.6,9.55,11.14,9.02,6.66,5.03,7.43,15.58,16.44,13.53,11.04,22.46,18.79,24.84,20.39,17.84,22.99,23.33,10.91,10.14,14.63,13.62,15.39,12.24
2014,10,10,201410,6.95,9.05,7.33,11.8,8.82,10.64,10.23,6.65,6.04,6.05,11.38,13.75,15.61,12.18,23.46,19.82,24.63,20.81,20.29,22.65,23.37,8.15,9.37,15.8,12.51,14.72,11.62
2014,10,11,201410,7.25,8.74,7.93,12.79,9.98,9.09,9.63,6.94,6.46,7.02,8.91,9.77,16.93,12.86,22.76,22.01,24.8,20.32,18.79,16.84,19.31,7.32,9.58,16.46,11.26,15.04,11.76
2014,10,12,201410,7.3,8.66,7.27,11.16,8.37,9.38,8.41,7.11,6.12,9.37,10.29,12.47,13.51,11.06,22.84,19.33,24.34,20.13,17.83,17.32,18.58,7.03,7.58,15.2,10.52,14.63,8.85
2014,10,13,201410,7.35,8.94,8.57,12.39,11.96,16.95,16.95,11.14,10.03,10.66,11.96,17.11,16.48,15.35,22.42,20.34,25.14,22.52,20.96,20.08,19.29,3.16,4.98,12.2,7.56,13.77,10.02
2014,10,14,201410,13.88,16.65,16.31,18.99,17.66,17.03,18.26,15.09,12.1,10.17,10.04,13.3,19.31,18.27,21.91,21.94,24.89,18.83,18.24,14.31,13.78,5.08,7.78,12.79,9.12,14.05,11.18
2014,10,15,201410,18.58,19.52,18.89,19.96,18.47,12.23,14,12.72,9.07,10.06,11.05,10.82,18.54,17.63,16.86,19.6,22.48,13.43,12.27,13.16,15.16,8.55,9.96,14.68,10.88,13.38,9.83
2014,10,16,201410,18.12,19.13,17.52,18.81,15.18,12.74,12.75,11.82,9.88,10.6,12.78,11.36,14.37,13.53,14.27,14.68,19.73,13.29,12.72,14.52,17,9.35,7.49,15.14,10.82,12.44,7.68
2014,10,17,201410,15.85,16.49,13.49,16.29,13.21,12.65,13.39,11.51,9.43,9.66,11.38,13.4,13.81,13.69,15.19,14.66,18.41,15.03,13.86,16.96,18.42,7.75,6.33,15.36,11.77,12.95,9.15
2014,10,18,201410,13.23,14.85,12.03,15.02,12,11.14,11.17,7.23,6.68,6.9,9.42,11.51,13.99,13.17,16.56,15.79,19.61,16.17,13.56,16.07,19.07,7.98,8.16,15.59,11.86,13.73,11.3
2014,10,19,201410,7.94,9.65,5.41,10.15,6.5,9,7.41,4.38,5.21,8.97,10.86,9.39,10.07,8.5,14.14,13.13,20.02,12.36,11.15,13.79,18.78,9.34,9.37,16.17,11.71,14.21,12.24
2014,10,20,201410,3.12,4.52,3.71,6.43,5.29,11.58,9.04,9.31,8.88,11.03,14.12,13.52,8.95,7.69,14.61,12.16,20.62,12.6,11.64,15.54,18.89,9.67,9.82,15.65,12.18,13.93,11.7
2014,10,21,201410,6.39,10.03,8.33,12.59,9.35,11.17,10.35,7.96,6.35,9.93,13.83,12.91,12.81,10.78,17.58,15.72,22.44,14.32,12.97,17.69,19.09,9.67,9.93,15.61,10.69,12.17,8.68
2014,10,22,201410,7.2,10.96,8.16,13.37,9,8.26,8.68,4.95,4.72,10.78,15.32,10.74,10.35,9.62,13.67,12.61,20.66,12.94,11.12,16.68,19.3,9.64,6.64,15.21,9.6,11.57,7.76
2014,10,23,201410,7.18,9.55,6.83,9.95,7.96,8.46,7.93,5.85,6.35,10.67,15.43,11.12,10.08,8.91,11.25,10.87,18.44,10.52,9.25,14.58,18.7,8.54,6.61,15.91,11.46,13.04,8.83
2014,10,24,201410,7.4,9.15,7.78,10.88,8.33,13.78,10.78,9.84,10.27,12.02,15.9,14.65,10.63,9.61,12.7,11.5,18.2,12.69,11.72,15.76,18.88,9.63,8.52,16.4,12.06,13.79,7.98
2014,10,25,201410,7.4,9.81,8.14,10.72,8.59,15.93,13.4,11.51,11.9,11.25,16.66,18.29,10.62,9.97,13.24,12.53,17.92,14.47,14.17,18.49,19.57,10.18,8.59,16.33,12.4,13.37,9.15
2014,10,26,201410,7.62,9.53,8.01,11.51,9.46,13.03,11.39,7.47,6.42,9.03,16.31,18.31,12.66,11.86,15.91,14.13,17.79,17.62,17.23,20.08,19.59,10,8.37,16.04,10.87,11.09,7.01
2014,10,27,201410,6.84,8.13,7.35,9.29,7.04,16.13,12.12,7.21,9.6,10.09,14.88,18.89,10.62,9.92,18.97,14.7,19.78,18.73,18.18,19.3,19.82,6.77,2.89,14.6,8.65,9.47,4.51
2014,10,28,201410,6.99,9.71,10.74,12.41,13.06,15.33,16.65,12.45,9.88,6.42,8.51,14.67,15.19,15.7,19.14,17.4,21.07,19.04,18.18,18.39,19.81,1.67,0.94,12.89,7.63,10.79,6.3
2014,10,29,201410,11.23,14.09,12.82,15.11,12.75,7.78,9,6.76,5.2,3.89,7.09,8.66,15.54,13.49,17.93,17.88,21.99,17.43,14.64,15.5,17.91,3.25,3.53,13.11,8.76,12.48,8.26
2014,10,30,201410,7.75,9.44,6.69,9.87,7.77,6.48,6.97,5.16,3.8,4.9,9.07,7.82,9.72,7.68,16.28,15.19,22.46,10.87,8.35,12.61,17.42,4.9,5.09,13.5,9.5,13.56,9.65
2014,10,31,201410,4.95,7.33,4.87,8.85,6.66,5.94,6.82,4.19,1.33,-0.14,4.6,6.42,7.45,7.13,12.03,11.24,19.5,9.46,8.26,10.98,15.47,4.46,5.71,14.32,9.11,12.56,9.86
2014,11,1,201411,4.18,6.93,4.59,8.94,5.99,1.45,3.66,0.8,-1.23,-0.92,0.91,-0.11,7.19,6.39,7.16,8.21,13.33,5,2.85,4.49,10.11,6.01,6.99,14.55,9.06,10.17,6.15
2014,11,2,201411,0.93,3.25,1.38,5.68,2.5,1.89,1.44,1.27,0.4,2.51,6.42,2.62,4.5,3.5,5.23,5.84,8.92,3.64,2.5,5.78,11.6,7.13,5.13,10.76,7.38,7.29,4.68
2014,11,3,201411,-0.41,1.68,2.06,4.23,2.61,6.68,4.41,4.85,3.74,5.73,11.04,8.73,4.08,3.44,6.14,4.83,11.03,6.94,5.79,11.19,17.07,3.94,1.69,7.62,5.06,7.07,6.24
2014,11,4,201411,1.48,6.12,6.28,9.11,6.99,12.1,8.55,8.64,8.55,5.49,7.84,13.01,9.03,8.44,9.87,8.54,16.38,10.7,9.44,15.25,18.05,-0.33,1.1,6.35,3.98,7.92,7.4
2014,11,5,201411,6.66,10.53,9.25,11.86,9.91,8.41,9.93,6.02,3.68,4.49,6.48,8.76,11.08,10.54,14.18,12.36,19.93,14.8,12.89,14.08,13.24,1.47,3.67,7.43,5.3,10.36,8.52
2014,11,6,201411,5.3,7.77,5.47,10.91,6.82,7.98,8.43,5.01,4.1,3.69,6.93,7.75,12.42,10.81,18.09,16.27,21.19,15.88,13.17,12.98,12.82,3.59,4.65,9.57,7.13,12.23,10.17
2014,11,7,201411,4.46,7.62,4.23,8.97,5,3.53,4.35,2.02,1.73,4.4,6.99,4.44,8.14,6.71,11.19,11.1,18.33,7.72,6.13,8.34,11.49,5,6.19,10.65,7.55,12.19,7.13
2014,11,8,201411,0.35,2.49,0.76,3.19,1.07,5,3.42,3.01,2.57,3.22,8.23,6.48,4.18,3.21,8.59,7.71,15.48,6.8,5.82,9.41,12.37,4.3,3.87,11.26,7.75,12.54,5.62
2014,11,9,201411,2.75,5.61,3.32,6.92,4.44,4,4.95,1.63,0.53,1.61,7.21,5.12,7.27,6.47,11.49,10.28,16.08,8.87,7.41,9.28,11.89,4.56,4.14,11.77,8.07,13.2,7.38
2014,11,10,201411,3.1,5.79,4.48,6.56,5.39,8.18,6.74,2.69,0.74,-1.21,8.2,9.47,8.2,7.01,11.99,10.87,16.22,9.5,8.24,11.88,13.71,4.71,-0.29,11.32,7.57,11.85,3.94
2014,11,11,201411,5.23,8.11,6.99,10.03,7.65,8.1,9.31,4.66,0.43,-6.23,-4.63,6.24,9.98,9.44,13,12.53,17.37,12.84,11.47,11.02,12.48,-5.63,-8.68,10.65,4.35,10.37,-0.64
2014,11,12,201411,8.74,12.42,8.15,13.29,8.5,-1.93,3.13,0.11,-5.08,-7.41,-8.35,-2.78,12.6,10.59,14.42,15.5,17.6,10.62,7.73,2.43,3.24,-9.33,-12.19,11.13,2.71,9.78,-5.04
2014,11,13,201411,2.94,5.17,0.82,5.39,0.68,-3.34,-1.25,-2.03,-5.05,-7.43,-8.51,-4.38,7.03,3.1,14.23,13.41,17.82,3.35,0.7,-1.28,-0.66,-10.32,-12.91,10.88,1.25,10.07,-4.47
2014,11,14,201411,-0.07,2.44,-1.1,2.99,-1.35,-3.72,-2.94,-2.17,-6.44,-10.03,-7.86,-4.1,1.12,-1.25,5.8,6.82,14.95,-1.38,-2.95,-2.45,-0.58,-4.36,-8.53,11.02,3.38,10.34,-2.09
2014,11,15,201411,-2.9,-0.49,-2.3,0.77,-1.6,-4.33,-2.63,-2.79,-9.04,-10.08,-5.58,-3.96,-2.26,-2.08,2.33,-0.41,12.29,-0.79,-2.26,-0.46,4.13,-3.35,-9.71,10.54,4.53,9.03,-5.08
2014,11,16,201411,-2.87,-0.99,-1.51,1.28,-1.64,-1.32,-0.98,-3,-5.96,-9.99,-6.76,-1.22,0.6,0.26,7,2.52,18,5.99,2.36,4.24,8.11,-9.07,-12.19,7.44,-0.2,7.07,-5.78
2014,11,17,201411,0.71,3.94,0.74,7.55,1.71,-4.76,-1.15,-3.54,-9.78,-10.86,-6.87,-4.83,7.01,5.07,14.95,11.44,21.5,7.6,3.9,1.01,2.45,-10.21,-10.6,1.33,-3.75,5.45,-4.39
2014,11,18,201411,0.37,3.26,-3.63,1.18,-5.85,-8.4,-8.87,-6.63,-10.53,-10.22,-6.81,-6.85,-0.82,-4.52,2.07,4.6,13.34,-2.43,-4.42,-1.59,0.99,-8.02,-8.09,2.41,-2.43,6.01,-2.82
2014,11,19,201411,-4.86,-4.01,-6.09,-4.83,-7.88,-4.78,-6.43,-7.05,-8.76,-7.02,-1.1,-2.12,-5.17,-5.74,-1.92,-2.44,6.82,-1.01,-2.74,1.8,4.56,-3.81,-5.26,4.03,-0.12,7.3,-0.24
2014,11,20,201411,-3.16,-0.48,-4.06,0.39,-3.07,-3.66,-3.55,-6.39,-9.94,-9.29,-1.72,-1.92,-0.27,-0.37,1.87,1.02,9.18,3.37,0.82,6.18,9.48,-2.81,-3.89,5.63,2.43,7.9,2.24
2014,11,21,201411,-4.21,-2.35,-5.27,-1.55,-5,-4.71,-5.38,-7.39,-11.36,-7.56,-0.34,0.45,-0.9,-3.03,6.35,3.21,12.92,6.42,1.82,10.12,12.79,-1.16,-1.69,6.2,3.25,7.9,2.61
2014,11,22,201411,-5.37,-3.14,-4.37,-1.88,-4.23,4.14,-1.45,-2.3,-2.37,-0.75,5.73,8.95,-0.92,-1.55,7.03,2.08,17.03,8.1,5.79,13.19,15.18,-0.48,-0.35,6.68,4.69,8.94,4.2
2014,11,23,201411,1.27,3.5,2.84,4.74,3.33,9.49,6.62,2.88,2.78,2.18,8.2,12.16,3.74,5.35,13.77,8.36,20.91,12.7,9.53,15.14,14.4,-0.38,-1.73,6.07,2.66,7.43,2.48
2014,11,24,201411,5.2,9.04,7.82,13.06,10.52,7.89,10.62,5.49,1.64,-4.15,1.47,6.44,14,12.77,17.74,16.47,23.31,15.1,13.07,10.39,9.61,-5.86,-3.72,2.1,-1,5.7,2.7
2014,11,25,201411,8.76,11.68,6.04,12.24,6.27,-0.61,1.77,-1.19,-5.53,-6.72,-0.55,-0.14,11.71,7.97,13.91,15.53,21.56,7.26,5.33,5.04,6.19,-5.9,-2.71,1.9,-0.89,6.93,6.37
2014,11,26,201411,1.83,3.89,1.2,5.63,2.04,-1.56,0.29,-2.64,-6.36,-6.36,1.23,-0.3,6.25,3.98,9.41,10.41,16.35,5.07,3.26,5.26,6.94,-1.49,-0.78,4.48,2.44,8.83,7.69
2014,11,27,201411,-1.84,0.64,-0.94,2.31,0.63,-1.7,-0.36,-2.81,-8.44,-11.81,-1.68,-1.09,3.39,1.83,5.35,5.62,10.96,4.47,3,4.11,7.66,-0.01,0.37,7.69,4.71,10.21,7.9
2014,11,28,201411,-5.88,-0.94,-3.19,0.66,-2.49,-3.89,-3.14,-6.01,-10.89,-8.2,2.83,0.07,-0.27,-1.4,2.51,1.78,8.53,1.82,0,4.69,8.86,2.52,2.39,8.52,5.25,9.43,7.29
2014,11,29,201411,-7.41,-4.52,-5.17,-1.21,-2.47,3.08,1.11,-1.15,-2.68,-3.78,7.31,7.06,0.76,0.41,4.25,2.58,10.83,6.01,4.17,11.63,12.95,2.78,-0.06,8.19,4.73,8.15,3.17
2014,11,30,201411,-2.99,1.81,0.83,4.84,3.4,9.45,10.8,3.03,-3.97,-10.54,2.37,11.08,5.3,7.14,8.92,6.83,15.91,13.42,12.23,15.28,14.44,1.33,-6.95,7.53,4.29,7.87,-4.28
2014,12,1,201412,3.28,6.89,4.27,10.2,8.03,-2.13,6.78,-4.42,-13.55,-16.45,-8.38,-1.66,11.47,11.39,13.23,11.56,18.52,14.4,12.93,9.21,11.38,-4.27,-8.17,7.37,2.98,8.66,-4.54
2014,12,2,201412,-5.12,0.9,-2.39,5.12,-0.5,-2.75,-0.67,-6.46,-12.33,-11.86,-5.73,-2.41,8.1,4.68,15.68,12.92,19.97,11.71,8.73,4.74,5.36,-1.87,-3.33,8.02,3.48,9.92,-1.26
2014,12,3,201412,-2.28,3.15,1.46,7.06,4.04,-0.1,2.91,-3.99,-8.18,-9.2,-2.1,0.91,8.97,8.02,16.85,14.3,18.38,13.23,11.14,8.05,11.06,-0.77,-4.24,10.03,5.79,9.45,-0.79
2014,12,4,201412,-1.61,1.81,-1.8,3.59,-0.44,-1.43,-1.21,-5.99,-8.86,-7.96,-0.32,3.27,7.09,3.46,16.66,13.2,18.4,12.91,10.98,12.27,13.97,0.36,-1.58,11.03,6.99,9.93,1.61
2014,12,5,201412,-7.96,-1.39,-3.05,3.33,-0.06,2.7,3.09,-1.95,-4.05,-5.51,4.29,7.36,6.07,5.47,15.94,11.3,19.91,15.59,14.03,15.9,16.78,1.83,-0.28,8.7,6.18,9.68,3.6
2014,12,6,201412,-1.46,3.56,0.87,7.32,3.81,4.36,6.88,-0.75,-4.31,-6.38,2.64,6.5,8.31,9.11,16.94,12.81,20.2,16.19,13.94,14.19,14.66,1,-0.33,9.57,5.67,10.33,4.44
2014,12,7,201412,-3.74,1.06,-2.81,4.64,-0.48,0.4,0,-3.22,-4.52,-2.93,3.87,3.12,5.3,2.76,12.3,10.19,18.86,7.7,5.34,9.33,11.55,1.49,0.88,9.43,5.62,9.98,3.66
2014,12,8,201412,-11.7,-4.44,-5.78,-0.51,-3.18,1.9,0.96,-0.57,-0.91,-0.99,5.11,6.16,0.94,0.32,7.25,4.37,16,7.19,5.37,9.44,12.16,0.71,-0.26,9.2,5.05,10.27,4.93
2014,12,9,201412,-3.81,2.08,-1.41,4.63,-0.01,1.92,3.25,0.76,-2.31,-4.86,1.97,2.73,2.73,2.76,6.85,6.1,14,6.78,4.68,8.78,11.96,0.4,0.37,9.66,4.98,10.53,6.56
2014,12,10,201412,0.89,5.03,-1.11,2.99,0.17,0.26,1.38,-2.35,-4.44,-3.46,0.91,0.6,3.35,2.58,5.85,6.04,9.62,4.14,2.98,6.01,11.94,0.63,1.51,9.61,5.83,10.58,7.26
2014,12,11,201412,0.55,1.23,-3.34,0.47,-2.27,-1.12,-1.58,-2.82,-4.39,-2.21,2.87,2.16,0.73,-0.6,3.8,3.34,8.62,2.67,1.29,7.31,13.17,1.07,1.9,9.76,6.25,10.72,6.91
2014,12,12,201412,-0.7,-1.15,-3.95,0.26,-2.09,-0.13,-1.36,-0.83,-3.15,-0.64,4.89,4.28,0.01,-0.89,3.25,2.29,9.31,4.41,2.11,10.11,14.5,1.68,2.73,9.57,6.32,8.5,5.67
2014,12,13,201412,-1.12,-0.74,-2.95,0.74,-1.58,2.72,0.77,1.12,-0.27,1.99,8.31,8.08,1.61,0.42,4.09,3.16,9.82,6.03,4.05,11.74,15.08,2.69,2.61,8.28,4.72,5.87,2.65
2014,12,14,201412,-1.16,0.11,-1.44,2.24,0.57,6.7,3.71,2.72,2.13,3.74,10.13,11.61,3.58,2.52,5.46,4.67,10.29,8.32,6.92,12.96,14.94,0.3,-1.21,4.04,1.25,4.8,0.03
2014,12,15,201412,-2.62,0.2,-1.68,2.97,1.63,9.12,5.93,5.01,4,1.14,5.63,12.07,5.21,4.08,7.1,5.96,11.62,9.54,7.71,13.11,12.85,-3.36,-3.8,3.53,-0.51,5.85,0.11
2014,12,16,201412,-2.27,1.16,-0.49,4.45,2.43,5.98,6.92,4.03,0.47,-5.48,-1.91,4.14,5.06,5.18,10.57,7.59,14.24,11.03,9.07,7.19,8.72,-4.72,-4.72,5.43,0.87,6.17,0.89
2014,12,17,201412,0.56,4.19,1.7,7.13,3.54,-1.61,1.19,-0.84,-5.55,-8.28,-3.1,-0.95,6.07,5.07,8.35,8.87,14.24,4.94,4.22,3.45,8.63,-3.53,-3.55,6.28,1.26,5.95,1.29
2014,12,18,201412,-0.51,2.03,-0.54,2.74,-0.59,-3.44,-2.45,-2.29,-5.39,-8.76,-1.96,-0.31,1.91,-0.03,6.47,6.09,13.22,3.93,1.64,6.02,10.92,-3.29,-3.69,4.91,1.04,5.73,2.17
2014,12,19,201412,-3.06,-0.79,-2.83,1.09,-1.22,-2.54,-1.84,-3.17,-4.79,-5.59,-1.31,0.28,1.59,-0.55,7.72,6.32,13.55,5.28,2.92,6.76,11.21,-4.37,-3.01,3.65,0.57,6.13,3.42
2014,12,20,201412,-5.91,-1.42,-4.18,-0.23,-3.15,-1.09,-1.79,-3.52,-3.69,-3.48,-0.23,2,0.07,-1.28,9.65,5.06,15.64,6.28,3.82,6.9,8.94,-3.96,-1.94,3.93,0.75,6.98,3.29
2014,12,21,201412,-5.66,0.27,-3.48,0.45,-1.93,0.96,-0.6,-1.82,-1.15,-2.25,1.6,2.65,1.38,-0.05,10.2,5.68,17.96,7.13,4.31,6.56,9.2,-2.21,-0.62,4.66,2.29,8.9,6.29
2014,12,22,201412,-3.23,1.65,-2.47,2.11,-1.83,3.06,1.08,0.07,0.66,-0.56,4.34,6.51,2.04,1.2,11,7.08,20.04,10.21,8.66,10.68,11.92,-0.7,-0.31,6.32,4.51,10.11,4.83
2014,12,23,201412,-0.04,4.52,0.89,8.52,2.63,7.66,7.44,2.2,1.53,-0.92,1.58,6.59,4.92,6.18,13.49,9.34,21.54,14.44,11.13,10.4,10.25,-5.7,-3.94,5.67,1.83,9.55,2.72
2014,12,24,201412,1.98,6.46,3.91,10.6,7.31,3.9,9.4,2.66,0.68,-2.36,-0.22,3.46,11.22,11.09,18.18,16.01,22.22,13.74,12.17,6.26,5,-7.54,-3.58,1.54,-1.1,8.15,3.9
2014,12,25,201412,5.67,10.43,5.73,11.31,7.1,3.12,3.91,1.53,-0.07,-2.25,0.19,2.6,10.11,7.51,10.45,12.89,16.13,6.34,5.61,4.47,4.62,-3.13,-3.48,3.25,-0.71,4.82,0.12
2014,12,26,201412,0.98,2.86,1.61,4.39,1.8,4.03,2.77,1.38,0.32,-3.72,-0.28,5.27,4.17,3.11,6.88,6.45,14.25,5.93,4.75,8.26,10.09,-7.03,-7.48,0.51,-2.17,1.02,-0.65
2014,12,27,201412,0.55,2.66,1.94,3.81,2.63,7.22,5.29,2.06,0.11,-5.54,-3.15,6.66,4.99,4.71,9.7,7.18,17.6,10.07,7.81,10.26,10.88,-10.71,-8.95,-1.36,-4.72,0.8,-0.37
2014,12,28,201412,1.91,4.2,3.46,5.78,4.91,0.47,4.74,-0.97,-6.11,-8.69,-5.27,-0.18,7.82,6.65,15,11.83,20.99,11.23,8.12,4.9,4.02,-9.95,-7.34,-1.11,-4.13,2.16,0.81
2014,12,29,201412,-2.07,1.09,-1.04,4.78,0.72,-1.86,-0.41,-5.66,-11.17,-13.02,-4.97,-1.21,7.25,4.43,15.57,13.38,20.12,9.07,5.95,4.29,4.53,-9.18,-10.5,-0.14,-3.25,2.17,-1.85
2014,12,30,201412,-9.28,-3.15,-5.84,0.02,-3.44,-5.04,-3.54,-8.75,-16.58,-19.3,-11.01,-4.42,2.61,-0.04,12.9,8.38,19.47,6.17,2.64,2.74,5.51,-14.52,-15.8,-0.15,-5.36,1.17,-7.97
2014,12,31,201412,-11.98,-6.13,-7.38,-2.96,-5.92,-9.81,-7.24,-11.26,-17.08,-16.95,-12.76,-8.03,-1.77,-4.12,7.95,2.84,17.27,1.32,-1.3,-1.46,2.12,-15.22,-15.36,1.38,-8.35,-1.18,-8.28
2015,1,1,201501,-8.44,-5.18,-6.87,-2.84,-6.59,-6.01,-6.42,-8.09,-11.59,-10.51,-8.39,-4.28,-2.1,-4.37,7.06,2.57,16.55,1.8,-0.91,0.41,1.69,-10.7,-10.88,-1.13,-6.47,-0.97,-6.48
2015,1,2,201501,-5.54,-1.81,-3.88,-0.34,-3.16,-1.68,-2.31,-6.62,-10.69,-8.56,-4.61,0,1.46,-0.77,10.61,6.88,19.19,6.49,3.4,4.23,3.64,-9.09,-8.12,-2.73,-5.07,0.41,-3.92
2015,1,3,201501,-9.95,-2.76,-4.6,0.07,-2.47,1.25,0.58,-4,-5.73,-8.95,-3.97,3.34,4.99,2.3,14.76,11.11,21.8,12.6,9.91,8.21,5.86,-8.02,-8.02,-3.16,-3.89,1.93,-2.08
2015,1,4,201501,-3.47,2.74,1.94,7.92,5.43,0.33,6.75,-2.68,-9.49,-18.98,-10.31,-0.46,11.42,10.46,18.97,16.61,22.72,14.46,12.36,4.93,4.45,-9.86,-11.19,-1.01,-3.31,3.26,-0.94
2015,1,5,201501,-3.43,1.23,-3.67,3.86,-1.91,-11.78,-7.72,-13.63,-20.05,-20.09,-10.63,-8.17,4.32,0.58,9.42,9.59,17.96,1.6,-1.21,-1.56,1.35,-5.29,-6.39,1.25,-1.19,5.02,2.97
2015,1,6,201501,-16.71,-8.39,-11.21,-5.66,-9.59,-9.02,-9.53,-13.18,-16.99,-17.7,-5.33,-4.77,-2.26,-5.61,4.84,3.11,15.52,0.61,-1.67,0.95,4.36,-0.25,-3.27,3.12,1.09,7.07,4.84
2015,1,7,201501,-12.3,-7.38,-10.85,-5.76,-10.13,-12.68,-11.64,-13.78,-19.01,-20.34,-9.53,-8.74,-4.52,-7.94,2.76,0.8,13.12,-1.32,-4.65,-0.62,5.21,-2.55,-5.07,4.7,1.87,8.11,4.24
2015,1,8,201501,-18.64,-13.97,-15.29,-10.98,-13.67,-17.46,-16.74,-15.02,-19.4,-17.15,-10.17,-14.13,-11.08,-12.82,-4.52,-7,6.99,-9.04,-11.93,-7.2,-1.76,-2.47,-3.18,6.24,1.32,8.55,3.14
2015,1,9,201501,-10.5,-6.31,-10,-5.39,-9.83,-10.55,-10.44,-12.46,-16.9,-18.25,-8.04,-7.72,-5.91,-7.33,-2.19,-3.32,10.53,-4.47,-6.1,-2.98,0.61,-4.63,-8.82,6.95,1.42,8.74,1.77
2015,1,10,201501,-10.4,-7.65,-10.64,-6.94,-11.56,-12.8,-13.61,-14.69,-19.09,-19.55,-7.67,-9.27,-6.92,-9.27,-0.27,-2.57,10.35,-4.43,-7.06,-3.13,-0.71,-4.07,-5.9,7.04,0.72,8.96,1.97
2015,1,11,201501,-10.59,-8.75,-10.12,-6.51,-9.75,-4.76,-7.39,-9.36,-12.24,-15.05,-4.58,-2.61,-4.93,-6.18,2.33,-1.68,15.31,-0.61,-2.66,1.1,2.08,-2.44,-3.9,7.13,2.38,8.24,1.91
2015,1,12,201501,-4.78,-1.56,-3.64,0.54,-2.18,-3.48,-1.49,-6.98,-13.92,-18.92,-6.6,-1.62,2.38,1.51,9.21,7.29,19.9,7.28,3.87,3.78,5.21,-3.77,-5.78,7.84,2.65,8.01,1.5
2015,1,13,201501,-9.38,-3.74,-9.47,-0.74,-5.64,-11.01,-7.73,-14.14,-17.22,-20.3,-9.39,-8.09,1.9,-0.75,12.88,8.27,19.7,4.85,1.45,0.62,3.33,-4.4,-6.53,7.07,0.65,7.01,0.57
2015,1,14,201501,-15.21,-8.34,-13.31,-3.88,-9.68,-10.91,-9.91,-12.56,-13.37,-10.95,-5.78,-5.62,-1.46,-2.68,9,2.54,17.33,2.14,0.11,0.03,2.99,-4.89,-6.48,4.81,-0.43,5.41,-0.34
2015,1,15,201501,-9.59,-3.44,-10.65,-2.39,-8.02,-6.91,-7.64,-7.02,-7.51,-5.78,-2.71,-2.12,-0.64,-2.65,6.52,2.94,15.18,1.95,-0.35,2.6,4.51,-4.71,-4.98,4.33,-0.57,5.6,-0.83
2015,1,16,201501,-6.49,-3.73,-7.18,-1.82,-4.84,-3.94,-4.36,-6.86,-7.49,-6.49,0.53,0.15,0.77,-1.79,6.84,5.56,14.12,2.2,0.49,3.96,5.88,-2.52,-2.96,4.4,0.8,6.89,2.11
2015,1,17,201501,-16.55,-11.01,-13.27,-5.63,-7.23,-0.76,-1.84,-6.18,-5.21,-2.53,3.04,3.06,0.32,-0.83,6.44,4.64,12.35,4.38,2.99,5.91,7.59,-1.46,-2.71,5.35,1.71,8.09,1.8
2015,1,18,201501,-7.12,-2.63,-4.07,0.5,-1.23,1.09,1.69,-0.71,-2.26,-3.01,1.83,3.43,3.38,2.03,9.4,8.2,15.96,6.89,4.81,7.35,8.38,-2,-1.5,6.73,3.19,9.71,4.43
2015,1,19,201501,1.52,2.34,-0.98,1.98,-0.18,0.37,0.3,-3.65,-4.35,-2.4,4.46,4.16,3.55,1.85,6.21,5.63,11.98,5.66,4.45,7.47,8.69,0.18,-0.74,7.88,3.93,9.12,2.14
2015,1,20,201501,-6.25,-2.12,-6.37,0.58,-1.81,1.41,1.1,-4.49,-3.01,-2.46,3.19,4.04,3.89,2.14,7.44,6.57,13.42,7.3,5.78,9.06,10.95,-1.27,-3.77,7.33,2.78,7.7,0.02
2015,1,21,201501,-11.3,-5.46,-9.55,-1.3,-3.66,1.72,1.22,-4.97,-2.88,-3.15,0.81,3.55,3.68,1.94,10.82,8.41,16.97,8.39,6.49,8.15,10.22,-5.2,-6.32,6.88,0.87,6.5,-1.3
2015,1,22,201501,-8.58,-2.57,-6.91,-0.33,-1.77,0.97,0.51,-4.77,-5.1,-5.05,-0.27,2.06,2.68,1.68,9.32,6.9,17.74,6.02,3.34,6.55,7.94,-8.24,-7.42,2.64,-1.64,5.58,-0.06
2015,1,23,201501,-8.34,-4.02,-6.76,-1.34,-4.09,-0.04,-1.45,-4.04,-4.1,-1.91,-1.18,1.29,1.92,0.18,11.46,6.78,19.89,5.56,2.93,4.28,4.04,-7.16,-4.19,0.65,-2.48,5.93,2.28
2015,1,24,201501,-4.01,-1.59,-4.39,0.62,-1.86,0.13,-1.15,-1.84,-2,-1.28,1.7,1.52,2.26,0.84,9.95,7.62,17.25,4.2,2.27,3.82,4.04,-3.91,-2.19,2.71,-0.82,7.19,5.35
2015,1,25,201501,-5.06,-2.49,-5.37,0.45,-1.56,0.98,0.3,-5.13,-3.98,-1.58,4.53,4,1.89,1.1,4.57,3.96,10.33,4.58,2.94,6.52,7.06,-1.05,-0.22,4.4,1.05,8.33,6.35
2015,1,26,201501,-13.39,-7.45,-11.08,-0.91,-4.28,-2.23,-2.88,-9.62,-7.16,-0.33,4.04,1.52,3.48,1.69,6.63,5.91,13.15,5.59,3.53,6.05,8.16,1.08,1.4,6.62,3.03,9.21,5.76
2015,1,27,201501,-12.44,-5.46,-9.64,-2.59,-5.71,0.05,-4.91,-7.37,-3,0.76,7.46,3.26,-0.64,-3.6,4.79,2.88,10.45,3.84,2.01,8.59,10.56,2.93,1.9,8.29,4.31,8.49,4.91
2015,1,28,201501,-12.4,-9.62,-12.14,-6.4,-9.81,-1.34,-6.15,-7.32,-3.76,0.47,7.85,3.87,-2.68,-5.19,3.54,-0.04,9.63,3.26,1.32,9.91,13.07,2.37,1.57,9.29,4.92,8.25,4.79
2015,1,29,201501,-12.09,-9.76,-9.61,-5.97,-7.34,1.76,-0.89,-3.38,-2.33,-2,5.21,6.08,-1.48,-2.33,4.26,1.42,10.2,6.77,4.74,11.29,13.59,-0.09,-0.89,9.72,4.64,8.84,3.97
2015,1,30,201501,-4.87,-1.97,-5.58,-0.51,-3.91,-2.15,-2.8,-8.47,-9.4,-5.99,0.16,0.3,0.45,-1.13,7.74,4.76,13.95,5.99,2.96,5.76,9.57,-0.55,-1.35,9.23,3.42,8.44,2.6
2015,1,31,201501,-10.37,-10.13,-14.77,-8.46,-11.56,-2.21,-4.6,-6.49,-7.32,-6.2,1.94,0.37,-4.28,-6.45,2.93,-0.13,11.32,1.95,-0.38,4.9,8.74,0.32,-2.2,7.77,2.43,7.63,2.03
2015,2,1,201502,-14.66,-10.53,-9.71,-5.18,-6.1,0.64,-0.27,-8.08,-8.77,-13.51,-2.4,2.71,-0.16,-1.38,7.37,3.6,15.56,6.62,4.16,8.9,12.02,-3.69,-5.88,6.88,1.99,7.75,2.65
2015,2,2,201502,-16.25,-5.89,-10.03,0.93,-3.49,-6.4,-4.14,-13,-14.07,-15.66,-8.51,-5.07,4.36,1.12,11.03,10.55,17.18,5.52,2.98,0.73,4.9,-4.62,-2.96,7.12,2.65,9.35,3.75
2015,2,3,201502,-16.71,-11.84,-15.42,-8.22,-12.95,-5.74,-7.31,-11.1,-12.86,-12.02,-1.02,-2.54,-3.56,-5.95,1.81,0.35,10.04,0.29,-1.65,1.41,5.18,-0.51,-0.83,8.44,4.43,9.86,4.03
2015,2,4,201502,-12.17,-9.07,-8.1,-3.62,-5.45,-1.99,-1.33,-7.44,-10.75,-11.81,-1.52,-0.12,-0.41,-1.21,4.65,2.52,13.98,3.53,1.55,5.25,8.41,-0.07,-2.28,8.96,5.1,10.17,4.32
2015,2,5,201502,-5.58,-1.54,-7.35,-1.16,-5.85,-11.24,-7.84,-13.07,-16.61,-13.5,-6.34,-6.74,-0.57,-2.78,7.99,5.38,16.28,3.49,-0.03,2.69,7.19,-1.05,-0.35,9.09,4.9,10.39,6.29
2015,2,6,201502,-17.84,-14.68,-15.04,-9.23,-12.75,-7.88,-8.6,-9.77,-11.46,-7.01,1.41,-3.01,-5.09,-6.9,2.36,-1.27,12.41,0.02,-2.32,2.49,7.34,2.14,2.43,9.74,6.18,10.81,7.7
2015,2,7,201502,-11.77,-9.37,-8.47,-3.51,-5.52,-0.57,-1.47,-5.31,-6.24,-2.74,6.42,3.89,0.42,-0.64,4.16,2.34,12.37,3.91,2.23,7.39,11.16,3.51,3.62,9.86,7.02,10.37,6.87
2015,2,8,201502,-11.27,-2.64,-5.01,1.12,0.08,4.12,3.77,-4.59,-4.61,-2.05,9.19,8.64,4.75,3.8,7.99,6.37,15.1,9.34,7.36,12.53,13.87,3.74,3.61,10.4,7.06,10.47,6.26
2015,2,9,201502,-12.36,-3.38,-7.18,0.67,-0.42,-0.25,1.27,-8.79,-7.18,-3.57,6.61,3.9,7.55,5.86,11.97,10.3,16.22,12.6,10.56,12.28,14.15,2.77,3.01,11.43,7.55,10.04,6.77
2015,2,10,201502,-10.27,-3.95,-6.98,-1.08,-3.76,-3.4,-4.38,-9.28,-7.58,-2.95,4.87,-0.4,3.34,0.39,10.67,8.78,15.48,4.91,2.96,7.36,13.25,3.09,1.85,10.6,5.65,7.74,5.2
2015,2,11,201502,-12.54,-6.87,-9.89,-2.85,-5.78,-0.8,-2.75,-5.85,-5.29,-6.15,4.03,1.22,1.19,-0.69,8.37,4.6,11.88,4.02,2.58,7.31,12.88,0.22,-0.67,7.93,4.18,8.03,4.86
2015,2,12,201502,-11.51,-7.1,-5.9,-1.4,-3.68,-6.78,-4.63,-11.66,-14.03,-13.39,-1.85,-3.84,1.08,-1.1,6.65,4.79,12.15,3.15,0.09,4.44,9.44,-0.43,0.09,6.97,3.44,9.39,6.06
2015,2,13,201502,-13.66,-10.33,-16.49,-9.01,-14.16,-8.33,-10,-13.54,-12.53,-7.25,1.1,-3.35,-6.63,-9.58,-0.32,-2.12,8.87,-2.27,-4.38,1.67,7.65,1.71,1.96,8.05,4.96,10.34,6.36
2015,2,14,201502,-18.32,-14.73,-13.54,-7.33,-9.15,-5.39,-5.51,-11.51,-13.32,-10.85,3.72,-0.15,-3.99,-5.5,1.61,-0.76,7.6,1.87,-0.3,7.6,12.13,2.79,2.12,10.2,6.93,10.95,6.54
2015,2,15,201502,-12.46,-7.72,-14.89,-8.61,-15.76,-13.92,-14.41,-19.26,-19.49,-14.34,-4.42,-8.9,-9.52,-12.91,1.79,-3.22,10.57,-0.82,-6.92,5.52,13.74,1.42,0.55,11.4,6.99,10.81,4.25
2015,2,16,201502,-18.89,-17.4,-20.66,-14.76,-19.24,-9.78,-14.2,-17.4,-14.3,-8.55,-3.42,-7.74,-10.67,-13.24,3.28,-4.1,13.55,1.7,-3.77,2.96,11.13,-3.47,-2.07,9.41,4.02,10.31,3
2015,2,17,201502,-18.2,-14.82,-17.41,-9.33,-12.27,-9,-11.3,-13.12,-13.03,-11.12,-1.63,-5.99,-6.97,-8.07,8.53,-0.57,17.18,-1.9,-5.52,-1.38,3.14,-6.79,-4.84,7.73,1.44,9.9,2.7
2015,2,18,201502,-11.55,-9.73,-12.6,-9.03,-10.8,-9.63,-9.6,-13.57,-16.84,-16.51,-5.67,-6.77,-6.29,-8.86,2.29,-0.82,11.63,-2.46,-5.17,0.22,4.47,-5.16,-3.9,7.69,2.72,9.96,3.83
2015,2,19,201502,-7.96,-6.61,-11.19,-7.56,-12.53,-15.15,-15.29,-17.77,-19.85,-16.03,-5.42,-11.05,-10.64,-12.53,-3.69,-5.9,5.33,-6.73,-10.55,-1.08,7.18,-0.98,-0.57,9.44,5.34,10.43,4.53
2015,2,20,201502,-12.52,-13.93,-17.36,-13.28,-17.53,-14,-16.58,-18.01,-17.99,-8.96,-0.77,-5.87,-13.32,-15.09,-5.23,-8.59,3.08,-6.14,-9.79,2.91,12.52,1.19,0.65,9.67,5.94,10.12,4.23
2015,2,21,201502,-15.38,-13.75,-15.05,-9.56,-11.79,-4.58,-6.5,-10.22,-9.55,-7.25,2.96,-0.26,-6.86,-6.98,3,-1.22,11.51,5.17,0.01,10.77,15.36,-1.89,-2.66,9.19,3.96,9.09,2.65
2015,2,22,201502,-4.17,-0.72,-5.14,0.61,-2.81,-6.25,-4.19,-10.52,-15.02,-16.22,-4.04,-3.16,2.61,0.54,12.14,9.3,17.76,8.58,2.59,6.51,12.15,-6.31,-9.06,8.64,2.51,7.07,-0.46
2015,2,23,201502,-9.73,-7.09,-11.77,-3.92,-9.02,-14.8,-11.56,-17.81,-19.9,-16.97,-9.06,-10.52,-0.3,-4.09,13.57,9.39,19.38,2.2,-2.76,-1.54,2.08,-9.22,-9.16,7.96,-1.9,4.39,-1.8
2015,2,24,201502,-20.46,-17.37,-18.09,-11.76,-15.65,-12.83,-14.84,-14.05,-12.29,-6.55,-4.48,-7.2,-6.61,-9.58,7.14,-0.47,16.93,-2.09,-4.33,-2.63,-0.26,-7.09,-4.15,5.77,-1.55,3.55,0.48
2015,2,25,201502,-9.83,-7.76,-9.63,-5.97,-8.15,-5.67,-6.57,-11.81,-13.55,-8.9,0.73,-1,-3.83,-5.25,4.82,-0.11,15.56,-0.38,-2.22,1.46,4.69,-4.49,-2.42,4.04,0.31,6.08,2.13
2015,2,26,201502,-11.64,-8.77,-12.82,-4.18,-8.3,-6.32,-7.13,-14.44,-14.93,-15.68,-6.59,-3.21,-1.52,-3,7.17,2.44,17.41,1.84,-0.01,1.39,5.28,-6.39,-7.11,5.96,1.3,7.57,3.41
2015,2,27,201502,-13.3,-8.82,-12.68,-5.08,-9.31,-11.28,-10.61,-13.96,-14.74,-16.46,-10.89,-9.32,-2.69,-5.25,4.9,1.28,13.99,-0.71,-3.25,-2.41,0.18,-9.5,-7.57,6.31,-0.46,7.84,3.61
2015,2,28,201502,-13.56,-11.78,-13.69,-7.93,-12.29,-10.54,-10.94,-12.39,-15.78,-13.27,-8.4,-6.61,-4.99,-7.45,3.65,-0.02,14.75,0.67,-2.38,-0.58,1.77,-8.84,-6.77,7.18,-0.11,5.97,1.44
2015,3,1,201503,-11.47,-9.85,-11.38,-5.21,-7.28,-4.64,-3.91,-10.38,-10.33,-8.98,-4.62,-1.97,-2.91,-2.59,5.52,1.56,17.45,6.18,2.95,3.84,7.8,-5.67,-6.87,7.83,1.76,4.89,-0.82
2015,3,2,201503,-5.97,-2.83,-5.64,-0.93,-3.36,-5.49,-4.41,-7.22,-8.14,-7.56,-2.72,-2.17,1.93,0.02,11.07,6.51,19.86,8.68,4.39,4.88,10.01,-2.42,-4.65,7.99,2.03,5.19,0.8
2015,3,3,201503,-10.63,-7.4,-9.06,-4.1,-7.25,-1.23,-3.07,-7.25,-6.67,-6.9,-0.17,2.39,-0.52,-1.67,15.53,6.71,21.08,11.3,7.73,10.54,14.39,-1.96,-6.06,4.75,2.49,5.01,-0.45
2015,3,4,201503,-3.72,-0.71,-2.17,1.22,0.14,-3.81,-0.59,-7.96,-12.59,-13.67,-5.18,-0.6,6.57,4.54,18.55,14.38,21.05,15.04,12.05,11.39,14.74,-7.93,-9.85,4.01,0.39,5.45,-0.86
2015,3,5,201503,-6.56,-2.08,-7.08,0.04,-4.84,-10.78,-8.53,-13.55,-17.01,-15.44,-5.9,-5.82,4.02,-1.26,17.17,15.78,21.07,3.78,-1.84,0.45,2.66,-8.74,-6.67,3.41,-0.94,6.32,1.76
2015,3,6,201503,-15.55,-11.09,-13.9,-8.33,-12.97,-11.5,-12.52,-12.9,-14.5,-7.41,0.16,-3.45,-5.57,-9.63,5.79,1.98,16.92,-4.05,-6.85,-0.84,1.93,-3.42,-1.87,5.1,1.64,7.34,4.44
2015,3,7,201503,-10.65,-8.87,-9.33,-7.48,-8.61,-2.45,-6.1,-6.6,-6.05,-1.24,4.94,2.34,-2.85,-5.92,5.5,2.08,15.06,1.02,-0.25,3.55,5.69,-0.66,0.24,6.58,3.52,8.65,5.69
2015,3,8,201503,-5.33,-2.39,-3.05,0.47,-1.22,-0.3,-1.95,-3.65,-4.01,0.52,6.67,5.89,3.4,0.77,8.37,6.53,16.86,5.65,4.28,7.44,9.89,0.14,0.71,8.32,5.47,9.96,5.61
2015,3,9,201503,-4.75,-3.21,-4.09,1.23,-1.1,2.18,1.19,-2.56,-1.85,2.11,6.74,7.53,6.97,3.76,12.53,10.38,19.16,9.27,8.09,9.45,12.52,0.57,1.24,8.69,5.41,10.34,6.24
2015,3,10,201503,-3.09,-2.45,-2.68,3.01,0.67,4.76,3.12,-0.35,0.92,4.54,8.56,9.71,8.18,5.35,17.16,13.35,21.48,14.59,12.49,12.86,12.97,1.74,2.05,8.81,5.93,10.65,6.43
2015,3,11,201503,0.31,2.49,1.07,7.01,3.77,6.2,5.44,0.3,1.43,4.76,9.61,10.47,13.62,10.14,19.77,18.61,22.4,16.77,15,14.06,13.3,2.53,3.24,10.21,7.12,11.3,7.93
2015,3,12,201503,-4.48,-1.42,-3.01,2.52,-0.49,6.11,3.98,-0.84,2.07,6.83,10.95,10.83,9.02,5.87,19.62,16.03,22.87,15.93,14.11,14.27,13.4,3.92,5.18,11.27,7.33,9.99,7.69
2015,3,13,201503,-9.45,-5.99,-4.77,-0.03,-0.35,8.54,5.14,0.22,4.97,8.02,11.03,12.54,4.58,4.01,15.58,9.15,22,16.34,14.34,15.38,13.58,3.62,4.08,10.7,6.98,11.59,7.64
2015,3,14,201503,-4.38,-1.5,-0.58,3.76,3.39,10.32,9.79,1.78,5.09,6.97,9.44,12.22,8.72,8.01,17.66,13.92,21.93,16.11,14.26,14.6,13.54,3.6,4.86,11.33,7.39,12.82,9.42
2015,3,15,201503,-1.9,0.97,-0.21,4.67,2.16,7.9,5.94,0.92,5.15,10.08,9.58,10.32,10.12,6.95,17.49,15.44,21.52,15.03,12.75,14.02,12.51,5.04,7.61,11.52,8.35,13.99,9.15
2015,3,16,201503,-5.61,-2.14,-1.9,2.07,2.34,11.33,9.09,4.85,8.52,10.74,13.03,13.17,7.96,6.59,15.13,12.05,21.05,15,12.2,16.32,14.43,7.1,7.53,11.74,8.69,12.4,6.79
2015,3,17,201503,-3.28,0.16,0.81,6.15,5.93,9.36,8.76,1.08,1.63,1.85,8.73,11.94,12.11,10.33,15.73,13.86,20.52,17.11,15.05,16.85,16.46,5.4,4.27,12.96,9.61,11.77,6.06
2015,3,18,201503,-8.96,-5.51,-5.95,-0.46,-2.54,1.85,0.23,-2.25,-0.66,1.53,4.06,4.53,3.79,0.91,15.9,10.63,20.36,13.19,7.98,14.04,16.12,4.99,4.21,12.75,8.27,10.96,5.33
2015,3,19,201503,-10.82,-7.56,-6.18,-0.78,-1.68,3.56,1.92,-2.14,1.12,3.31,6.05,4.85,3.38,1.44,15.01,9.03,21.68,13.91,8.59,13.23,17.15,4.6,2.9,10.89,7.73,10.96,6.19
2015,3,20,201503,-8.76,-5.76,-4.69,-0.07,-0.92,6.48,4.55,0.9,3.94,4.93,7.88,7.69,5.08,3.7,17.03,10.23,22.24,15.39,11.06,14.2,16.89,2.29,3.89,10.74,7.17,11.43,8.01
2015,3,21,201503,-3.24,-1.28,-1.15,1.21,1.74,8.2,7.74,1.48,1.7,1.89,9.96,10.62,6.49,5.67,18.68,12.19,22.36,14.64,10.95,14.95,15.46,4.44,5.56,11.1,7.89,11.38,7.89
2015,3,22,201503,-7.76,-4.65,-7.37,1.09,-1.07,5.34,2.78,-6.04,-2.92,0.7,11.22,10.77,8.66,6.1,16.2,13.37,22.44,13.08,12.46,14.59,15.2,5.2,4.84,11.36,7.74,10.39,5.44
2015,3,23,201503,-13.25,-9.44,-10.17,-2.29,-4.82,3.29,-0.45,-5.77,-3,1.44,9.64,10.9,5.5,1.51,12.51,11.73,20.52,12.36,11.81,14.26,16.08,4.84,4.19,11.23,7.81,9.31,5.07
2015,3,24,201503,-8.79,-7.03,-8.45,-1.89,-3.39,2.27,0.44,-4.36,-2.93,2.18,9.08,9.8,5.34,2.95,14.42,10.62,20.13,13.37,13.45,16.15,17.36,3.31,2.51,10.49,6.65,8.9,3.94
2015,3,25,201503,-5.28,-2.69,-3.81,0.99,0.14,8.71,7.56,-1.07,0.05,2.15,8.09,11.9,7.95,6.47,17.37,14.55,20.96,16.9,16.13,17.23,17.86,2.02,0.78,10.69,6.71,9.8,4.65
2015,3,26,201503,0.26,2.7,2.19,8.28,6.63,5.76,7.06,0.51,-0.93,0.22,4.92,7.69,13.91,12.03,17.99,17.08,21.43,16.23,15.15,14.3,14.74,-0.44,2.29,10.11,6.19,12.03,8.27
2015,3,27,201503,0.37,2.72,0.2,7.74,2.75,0.5,0.37,-5.47,-5.03,-1.39,5.04,3.36,8.95,5.27,15.76,14.78,21.37,8.32,5.11,8.85,11.13,3.94,6.37,12.25,8.71,14.03,10.67
2015,3,28,201503,-3.85,-0.56,-4.56,2.5,-3.2,-1.72,-4,-6.89,-4.05,1.71,7.99,1.79,1.07,-1.36,6.27,5.38,14.07,3.46,1,8.63,13.92,7.17,7.72,13.5,10.22,12.93,8.28
2015,3,29,201503,-5.41,-2.58,-5.53,-0.85,-4.17,0.79,-1.36,-2.49,-1.27,5.88,11.11,3.98,-1.53,-2.07,4.87,1.52,11.7,5.06,1.89,11.74,16.89,6.75,4.87,13.61,9.58,12.22,6.8
2015,3,30,201503,-3.41,-1.53,-1.12,2.46,1.44,7.1,5.58,2.07,2.88,7.18,10.13,9.63,4.09,4.15,9.85,5.57,14.92,13.36,9.13,15.77,17.96,5.98,6.18,14.05,10.49,12.72,8.76
2015,3,31,201503,-0.57,0.95,-0.55,4.74,3.1,9.78,7.86,1.58,5.84,9.29,13.07,12.17,7.3,6.82,15.13,10.29,19.08,15.32,10.67,18.13,19.83,7.32,7.9,14.15,10.95,11.96,7.78
2015,4,1,201504,-4.59,-1.31,-2.92,3.37,1,10.08,6.59,3.08,7.02,11.13,14.92,13.68,7.75,5.56,18.62,12.8,20.34,16.75,14.21,20.24,19.96,7.85,4.93,13.33,7.99,8.48,2.68
2015,4,2,201504,-4.06,0.13,1.16,5.2,5.18,14.19,10.22,7.59,10.9,8.59,12.86,17.92,8.13,8.18,18.41,11.58,20.75,18.09,16.34,20.76,20.2,3.68,-0.54,11.41,6.4,7.39,2.29
2015,4,3,201504,3.42,7.36,7.7,12.22,12.92,10.91,13.32,4.56,3.11,1.95,6.88,13.21,15.57,14.86,19.79,18.04,21.55,20,19.22,19.37,19.59,-0.57,-1.45,8.78,4.41,7.35,3.02
2015,4,4,201504,1.74,5.91,2.85,10.79,6.57,4.27,4.68,-1.02,0.58,2.67,5.33,5.34,12.46,9.33,17.64,16.47,21.22,13.13,10.33,10.43,12.46,0.14,0.96,10.22,5.35,8.44,3.45
2015,4,5,201504,-4.65,1.36,-0.62,5.33,3.57,7.2,5.8,0.68,2.77,3.46,8.19,7.09,5.94,5.23,12.9,8.63,20.77,9.78,7.43,9.64,13.95,4.67,2.69,11.16,7.5,7.92,3.03
2015,4,6,201504,-3.72,3.85,2.4,8.64,6.84,10.91,8.05,2.52,3.02,3.58,12.18,12.45,8.98,8.1,17.06,13.34,21.71,15.82,13.19,15.95,19.43,6.23,2.78,10.05,6.91,6.27,3.08
2015,4,7,201504,-0.26,5.77,5.19,11.81,10.52,15.89,13.83,2.36,1.74,4.42,14.18,19.8,15.26,13.92,20.51,17.83,22.7,20.28,18.63,21.39,20.65,5.36,1.63,9.07,6.43,6.16,3.6
2015,4,8,201504,-2.96,1.69,1.71,6.25,9.03,17.38,16.42,3.15,2.9,5.05,14.15,21.04,16.12,14.54,22.07,19.64,23.34,21.42,20.43,21.98,20.82,4.86,2.81,9.07,6.68,5.51,4.76
2015,4,9,201504,-1.38,0.87,2.9,5.02,8.38,19.85,18.82,5.87,4.89,7.34,11.95,21.34,14.63,14.31,22.78,20.54,23.15,21.92,21.41,21.76,20.81,2.18,2.47,7.06,5.21,6.53,4.81
2015,4,10,201504,0.41,4.38,6.7,9.53,11.39,13.67,15.77,7.4,3.66,5.64,6.58,11.75,17.34,15.48,22.13,20.97,23.13,20.48,19.08,15.59,17.23,1.92,3.48,9.4,6.45,8.42,6.44
2015,4,11,201504,2.74,7.09,4.34,11.64,7.57,8.43,7.57,3.73,5.15,7.95,10.63,10.46,13.43,10.42,20.88,18.93,23.79,15.1,12.42,14.42,17.52,5.26,5.52,10.46,8.3,9.29,5.77
2015,4,12,201504,2.68,5.23,4.7,7.37,6.03,10.29,8.98,7.32,9.84,11.96,13.93,12.3,9.25,8.32,18.71,14.12,23.52,15.08,12.91,17.13,19.88,6.33,3.77,11.4,8.35,10.47,3.03
2015,4,13,201504,6.11,8.82,8.92,9.75,10.58,14,14.41,9.99,10.71,8.68,12.57,15.86,12.73,12.83,20,16.45,23.63,19.42,17.61,19.61,19.67,4.5,2.77,11.75,8.5,11.88,5.2
2015,4,14,201504,7.86,10.7,10.86,12.89,13.33,11.43,13.11,7.42,7.62,8.98,10.15,11.38,16.25,15.1,22.1,19.55,23.99,19.65,17.94,15.06,15.54,5.55,6.63,13.23,7.5,9.53,3.73
2015,4,15,201504,4.84,8.41,6.57,10.97,9.43,11.27,10.75,7.98,9.74,11.33,10.09,11.75,13.07,11.87,22.29,17.5,24.1,19.04,17.16,16.19,16.53,5.18,2.95,10.57,4.63,6.92,1.75
2015,4,16,201504,3.54,6.39,6.74,9.57,8.33,14.57,12.44,8.04,9.03,11.28,13.09,16.02,10.79,10.47,18.65,13,24.01,19.83,18.16,18.98,19.44,2.1,1.45,5.17,4.43,8,4.7
2015,4,17,201504,7.05,8.86,9.89,12.85,12.28,17.01,16.01,10.92,13.08,12.15,14.54,18.45,14.92,14.22,18.22,16.8,23.19,19.25,18.07,20.55,19.85,2.62,4.11,6.25,4.95,10.28,8.41
2015,4,18,201504,7.75,11.3,10.36,16.22,13.45,17.04,14.9,10.74,12.1,12.17,15.1,20.1,18.14,16.1,19.49,19.32,24.34,19.01,19.1,20.24,19.3,2.1,6.13,9.79,6.69,12.1,8.74
2015,4,19,201504,5.54,8.09,6.48,11.74,10.26,15.82,13.65,7.09,9.69,10.16,11.75,18.08,16.01,13.96,20.83,18.73,24.42,19.61,18.67,19.42,18.27,2.64,4.04,11.46,8.01,13.14,8.45
2015,4,20,201504,4.24,6.13,7.54,11.67,12.35,12.39,14,8.46,7.54,5.27,6.38,11.39,17,15.29,20.32,19.24,23.69,17.93,16.3,14.06,14.38,2.29,4.35,12.69,8.64,13.41,9.53
2015,4,21,201504,6.8,10.62,8.89,13.59,10.48,7.4,8.33,3.94,1.79,2.89,8.27,8.77,12.65,10.99,16.6,16.06,22.65,12.62,10.6,12.34,15.36,4.48,6.29,12.54,10.1,13.04,10.65
2015,4,22,201504,7.3,9.7,6.24,10.86,7.02,6.24,6.3,1.18,0.53,2.33,8.2,9.28,10.13,8.79,14.62,12.85,21.41,13.86,11.44,15.37,19.35,6.16,7.3,11.29,10.38,11.97,7.64
2015,4,23,201504,5.55,6.25,1.85,6.25,2.21,4.52,3.83,0.17,0.71,3.53,9.09,7.17,7.85,4.89,16.92,13.67,22.45,13.75,9.82,16.67,21.09,7.42,7.16,10.9,9.64,11.58,4.83
2015,4,24,201504,2.14,2.83,0.58,3.96,1.4,6.61,4.5,1.19,3.23,7.76,14.03,10.02,5.67,4.34,14.95,9.87,23.38,13.4,8.6,17.65,21.46,6.31,6.72,10.59,9.28,10.88,4.87
2015,4,25,201504,1.7,3.45,1.2,4.9,2.46,10.51,7.18,2.94,4.39,8.98,14.86,15.22,6.77,5.2,18.37,12.36,24.18,18.46,15.4,20.07,19.92,5.76,5.81,10.75,7.58,9,4.51
2015,4,26,201504,3.94,5.38,3.8,7.73,4.99,8.45,6.96,3.62,3.93,8.08,10.87,11.6,8.02,7.29,22.4,16.24,25.26,18.29,16.34,18.6,19.37,5.91,3.92,9.3,6.52,8.46,4.17
2015,4,27,201504,5.5,7.15,5.19,8.6,5.69,7.48,7.04,4.99,5.84,8.86,9.44,8.95,8.12,6.61,18.31,12.68,24.83,14.44,10.47,15.71,18.51,4.34,3.94,9.36,6.11,11.49,8.3
2015,4,28,201504,5.85,7.67,8.29,9.88,8.11,9.21,8.33,7.03,8.52,10.1,9.96,9.65,8.71,8.08,15.5,10.82,23.43,13.28,10.69,12.74,13.83,4.19,6.83,12.89,7.74,13.66,11.15
2015,4,29,201504,7.27,9.04,9.85,12.27,10.22,11.32,10.29,8.62,9.58,10.93,12.57,12.19,11.95,10.88,14.18,12.46,22.98,13.43,12.01,13.27,12.51,7.11,9.79,14.44,10.08,14.27,9
2015,4,30,201504,6.7,9.12,10.12,12.58,11.38,11.05,9.93,7.26,7.41,11.73,13.07,12.76,13.09,11.84,15.07,14.14,20.87,14.11,13.13,15.53,15.2,9.75,9.48,15.69,11.39,14.65,6.71
2015,5,1,201505,6.74,7.97,9.37,9.93,11.27,9.54,10.91,9.9,9.02,12.04,13.55,10.38,11.95,11.21,13.78,13.25,19.39,13.47,10.87,15.53,16.8,9.98,8.19,16.23,12.21,15.19,9.53
2015,5,2,201505,9.17,8.8,10.48,10.77,11.31,14.08,13.39,11.9,12.62,14.37,16.25,13.44,12.3,11.8,14.9,13.75,18.22,14.12,13.76,16.18,18.09,10.46,9.75,16.06,13.34,14.85,9.97
2015,5,3,201505,11.02,11.34,11.92,13.26,12.89,16.4,15.02,13.77,14.87,15.27,17.89,16.69,13.65,13.19,17.08,15.96,19.71,16.59,15.82,18.42,19.48,10.89,9.03,15.68,13.07,13.71,8.8
2015,5,4,201505,13.01,13.96,13.95,15.62,14.85,18.94,17.14,15.14,15.21,12.07,16.88,19.73,15.9,15.44,18.43,17.65,20.33,18.24,17.62,20.02,20.62,10,9.28,14.91,13.02,12.99,9.84
2015,5,5,201505,13.54,15.69,14.82,17.79,17.31,19.59,19.13,10.9,11.45,12.58,15.86,19.96,17.98,17.64,18.95,18.85,21.21,19.63,18.61,20.11,20.27,8.47,10.22,13.69,12.06,12.32,7.89
2015,5,6,201505,10.08,13.52,12.22,16.76,15.74,19.61,19.01,11.8,12.96,15.66,16.55,19.69,18.88,18.59,18.69,18.37,21.77,19.82,19.19,20.73,20.88,8.33,8.75,13.64,10.67,11.43,5.18
2015,5,7,201505,11.6,13.57,13.66,15.2,16.44,20.3,20.04,17.14,18.24,15.78,16.76,20.19,18.74,18.51,19.97,18.41,22.52,21.45,20.15,21.79,22.02,8.05,5.83,12.22,9.65,9.51,6.05
2015,5,8,201505,11.47,15.06,16.66,16.49,18.89,21.52,21.1,19.01,17.41,11,14.31,20.83,18.67,19.34,20.56,19.9,22,21.8,20.92,22.27,22.67,7.17,5.76,10.76,9.2,8.56,8.7
2015,5,9,201505,11.43,15.25,18.82,17.29,19.41,21.06,21.64,16.64,12.28,8.29,14.49,20.43,19.27,19.56,22.06,20.52,23.17,22.22,21.52,22.58,22.7,6.95,5.23,8.16,8.17,10.5,9.98
2015,5,10,201505,17.09,18.38,19.57,19.27,20.09,20.74,21.62,13.61,11.41,9.07,13.39,21.18,19.86,19.79,23.3,20.83,24.5,22.54,22,22.32,21.1,2.02,4.01,9.96,7.41,12.45,10.57
2015,5,11,201505,16.04,20.81,20.24,20.75,20.74,20.66,21.7,13.55,12.93,8.45,8.3,18.2,20.46,20.69,24.24,22.24,24.69,22.74,22.41,20,20.17,2.56,4.63,12.72,9.6,13.08,10.42
2015,5,12,201505,15.36,19.57,18.8,20.53,19.62,12.23,15.43,10.64,8.31,7.27,9.17,11.69,21.85,20.21,23.3,23.61,25.01,20.85,19.38,16.88,18.42,6.56,7.66,13.96,10.91,11.19,8.82
2015,5,13,201505,11.01,13.27,9.77,15.03,11,10.88,10.56,6.26,6.06,9.7,12.97,12.69,14.86,12.89,21.63,19.51,25.21,17.53,14.85,16.89,18.86,9,8.47,13.39,9.59,9.73,7.75
2015,5,14,201505,7.44,9.63,7.41,11.29,9.04,12.92,11.17,8.54,8.65,12.04,15.36,15.87,12.33,11.31,20.44,16.42,24.94,18.38,15.79,20.36,21.14,8.59,8.91,13.74,10.44,9.68,8.26
2015,5,15,201505,9.85,11.35,10.25,12.7,12.48,19.6,17.58,12.34,13.81,13.29,18.36,21.17,15.09,14.94,22.38,18.32,24.81,22.22,20.25,22.98,22.18,9.62,8.81,11.09,9.56,8.58,9.33
2015,5,16,201505,12.19,14.19,15.61,17.35,18.59,22.28,21.62,16.41,16.83,15.86,18.37,21.85,19.19,19.08,22.03,20.46,24.46,22.68,21.27,22.63,21.96,6.7,7.29,9.35,8.28,9.65,9.45
2015,5,17,201505,14.92,18.13,18,20.94,19.29,22.35,21.33,18.33,19.17,16.3,16.33,22.2,20.7,20.4,21.99,21.03,24.84,23.15,21.83,22.89,21.47,6.47,7.07,11.57,9,11.3,10.29
2015,5,18,201505,14.12,15.55,18.43,19.83,20.86,21.29,22.35,19.12,13.38,6.62,13.2,19.9,21.68,21.01,23.71,22.13,25.19,23.81,22.56,22.72,22.19,7.29,6.25,13.08,10.7,11.38,11.13
2015,5,19,201505,13.78,14.83,18.71,18.17,19.81,11.38,16.08,8.13,4.23,4.34,9.14,12.72,22.11,20.87,24.27,23.6,25.4,22.54,21.71,20.72,22.99,6.76,6.98,12.64,11.21,11.26,11.63
2015,5,20,201505,12.14,13.98,9.17,15.86,10.32,8.76,8.93,4.71,6.05,7.57,8.8,11.75,17.74,13.92,24.19,22.76,26.07,21.13,17.91,20.84,22.61,4.95,7.02,12.64,10.66,12.28,11.95
2015,5,21,201505,7.15,8.42,6.88,9.34,7.64,10.05,10.61,8.86,9.02,10.19,9.41,11.1,13.52,11.4,23.8,21.24,26.1,19.92,17.23,17.66,20.19,6.37,8,13.55,11.17,11.79,12.59
2015,5,22,201505,9.91,11.74,8.93,12.73,9.82,12.96,11.28,8.27,11.14,12.8,10.83,12.5,12.82,11.56,19,16.84,25.09,15.42,13.27,15.33,18.87,7.71,9.71,12.47,10.69,11.33,12.76
2015,5,23,201505,4.64,7.7,5.16,10.55,7.62,16.3,12.67,9.95,12.61,13.29,12.91,15.92,13.16,11.79,19.43,16.29,24.94,17.77,15.26,18.53,21.74,7.85,9.42,10.79,10.72,11.9,11.69
2015,5,24,201505,8.89,11.3,10.71,13.36,12.62,18.77,16.83,14.42,14.7,14.38,15.84,19.11,16.13,15.23,21.31,18.44,25.34,21.69,19.5,22.11,21.54,7.32,9.08,12.09,10.28,13.38,12.48
2015,5,25,201505,14.96,15.82,15.96,18.35,18,22.29,20.46,17.06,16.61,15.4,16.6,21.1,18.78,18.41,22.71,20.37,25.64,23.17,21.96,22.38,21.55,7.41,9.67,13.66,11.35,14.7,12.18
2015,5,26,201505,18.39,19.58,20.46,20.11,20.76,21.48,21.51,19.74,18.67,16.56,16.56,21.69,20.7,20.44,24.35,22.59,25.84,22.8,21.93,22.39,22.01,8.59,10.44,15.22,12.71,14.91,11.62
2015,5,27,201505,20.66,20.75,20.98,21.93,21.65,20.66,22.03,18.25,16.96,17.15,17.29,20.4,22.61,21.63,23.82,23.22,25.1,23.36,22.23,23.34,23.76,10.47,11.11,15.36,13.87,15.22,12.72
2015,5,28,201505,20.45,20.82,19.3,22.23,20.35,20.64,20.82,16.83,18.72,18.13,19.41,21.42,21.86,20.71,23.52,22.85,24.08,22.98,22.32,23.66,24.15,11.77,11.26,15.67,14.34,15.85,14.08
2015,5,29,201505,17.54,18.72,16.95,21.63,19.4,22.24,21.3,18.71,18.44,16.21,19.06,22.17,21.95,21.09,22.31,22.04,23.83,23.45,22.6,23.61,23.42,10.14,10.37,16.48,14.56,16.89,15.83
2015,5,30,201505,18.51,18.88,19.97,21,21.41,22.02,22.39,17.44,14.45,9.16,13.61,21.06,21.99,21.13,22.67,22.35,24.35,23.38,22.31,22.39,22.66,9.09,11.54,18.01,15.23,17.54,15.87
2015,5,31,201505,16.53,20.29,17.22,21.94,20.98,14.23,19.18,8.25,6.95,9.56,13.61,16.73,22.16,21.12,23.62,22.92,25.07,23.17,21.83,20.48,20.92,12.07,14.05,19.26,16.24,17.38,15.11
2015,6,1,201506,9.12,12.75,11.55,20.6,18.77,12.6,12.98,7.56,8.21,13.34,17.21,16.31,22.35,20.38,24.08,23.36,25.34,21.7,20.82,20.63,21.9,14.68,15.48,19.12,16.44,15.39,15.02
2015,6,2,201506,7.5,10.06,10.75,16.93,13.93,14.69,13.64,10.03,11.07,16.98,19.5,16.37,20.82,17.21,23.54,23.16,25.34,20.91,18.88,21.83,23.09,14.45,13.78,16.81,14.96,14.54,11.71
2015,6,3,201506,9.26,11.47,11.5,14.21,13.23,17.68,16.26,13.37,15.04,18.09,22.05,19.26,16.33,15.42,23.28,21.65,24.83,21.4,19.17,22.82,23.72,13.73,11.99,16.6,14.51,14.84,9.97
2015,6,4,201506,12.13,12.14,13.62,13.99,14.51,20.19,19.52,16.15,18.59,17.15,22.02,21.54,16.53,16.51,22.75,19.99,25.21,22.2,19.98,23.79,24.51,13.62,12.2,15.48,14.46,14.29,10.81
2015,6,5,201506,13.02,12.75,15.97,14.8,16.18,22.83,21.37,17.31,17.11,17.85,22.38,23.6,17.94,17.59,23.16,20.72,25.46,23.16,22.04,24.45,24.4,13.64,13.21,16.22,14.72,14.36,13.31
2015,6,6,201506,13.39,15.57,15.79,18.24,18.29,20.09,20.1,13.01,13.66,18.85,22.61,24.05,20.46,20.12,24.32,22.8,25.53,24.36,23.53,25.06,23.93,13.38,14.07,16.47,15.34,15.71,15.79
2015,6,7,201506,10.53,12.79,12.12,16.78,15.43,22.65,19.97,14.41,17.51,20.28,22.32,24.82,20.18,19.37,24.52,23.05,25.61,24.31,23.41,25.52,24.12,12.97,14.35,16.77,15.95,17.38,17.3
2015,6,8,201506,12.53,14.65,17.64,18.01,19.87,24.31,23.13,19.28,19.15,19.33,21.05,24.39,21.77,20.99,24.61,23.16,25.54,25.08,24.13,25.57,24.85,13.07,15.68,18.9,16.94,19.57,18.87
2015,6,9,201506,16.95,19.07,18.02,21.66,19.87,21.1,20.53,17.35,18.86,20.94,21.73,21.87,22.47,20.86,25.11,24.27,26.07,24.55,24.01,25.24,25.06,14.81,17.39,20.21,18.14,19.89,18.66
2015,6,10,201506,16.55,17.85,16.51,19.81,18,22.71,20.95,18.85,20.24,19.7,23.94,23.38,20.54,19.37,24.4,24.09,25.74,23.88,22.98,25.16,25.03,15.14,16.46,19.23,17.91,18.98,16.23
2015,6,11,201506,18.02,19.69,19.19,21.77,21.01,24.71,23.3,17.07,15.91,17.64,22.67,24.99,22.9,21.59,24.77,24.66,25.48,24.67,24.4,25.27,25.1,13.49,14.72,19.46,17.36,17.8,14.28
2015,6,12,201506,17.54,19.31,18.28,24.14,22.63,24.88,24.11,16.31,14.6,17.11,18.57,24.86,23.53,23,24.76,24.83,26.39,24.62,24.37,25.28,25.44,12.07,14.58,19.09,17.17,19.58,13.6
2015,6,13,201506,18.34,20.49,19.46,23.84,22.28,24.53,24.46,16.21,14.81,18.5,19.06,23.8,23.75,23.05,25.47,25.46,26.54,24.67,23.85,24.62,25.12,13.13,13.41,20.18,17.3,20.29,11.08
2015,6,14,201506,15.17,18.18,18.32,22.19,21.88,24.42,23.99,19.47,19.88,19.12,21.84,23.64,24.07,23.19,25.81,25.71,26.37,25.04,24.5,24.68,24.88,14.54,12.53,20.35,17.24,19.65,12.05
2015,6,15,201506,14.57,15.7,19.16,23,22.94,24.6,24.49,20.69,21.23,17.44,21.23,24.33,24.53,23.68,26.25,26.52,26.38,25.46,25.1,24.84,24.58,14.45,13.05,21.28,17.94,18.88,14.23
2015,6,16,201506,15.44,16.97,19.35,23.28,21.94,23.46,24.12,18.23,16.17,14.42,18.81,23.23,24.78,23.61,26.84,26.59,27.04,25.78,25.41,24.94,23.97,14.86,14.29,21.7,17.28,18.11,14.82
2015,6,17,201506,15.22,17.74,17.21,21.21,19.49,21.74,21.23,15.86,16.68,16.07,21.95,24.41,23.47,22.12,27.52,26.42,27.3,26.12,25.78,25.1,24,16.08,14.98,21.36,17.93,18.5,14.6
2015,6,18,201506,14.69,16.27,17.49,19.08,19.31,24.02,23.32,18.4,19.41,17.65,21.55,24.13,24.48,22.58,27.62,27.12,27.73,26.25,25.86,24.59,24.81,16.49,15.66,21.52,18.58,18.59,14.85
2015,6,19,201506,16.09,18.95,18.51,22.33,21.44,22.71,23.26,15.6,15.47,17.75,21.14,22.61,24.15,23.18,27.39,26.95,27.68,26,25.26,24.77,25.29,16.89,16.58,21.37,18.39,17.86,13.45
2015,6,20,201506,13.16,16.93,15.34,22.28,19.88,21.96,22.05,15.69,15.08,20.5,24.28,23.83,23.99,22.48,26.71,26.79,27.75,25.69,24.44,26.1,25.02,17.05,14.77,20.92,18.14,18.32,12.58
2015,6,21,201506,15.94,19.28,19.85,23.39,22.21,25.92,24.19,19,20.05,19.87,23.78,26.23,24.53,23.13,27.4,26.69,27.9,26.32,25.86,26.01,25.07,17.72,14.93,21.62,18.96,18.16,13.9
2015,6,22,201506,17.57,20.77,19.48,23.34,21.4,25.83,24.23,19.39,19.68,20.22,24.85,25.91,24.19,23.31,27.56,26.79,28.01,26.52,25.69,26.04,25.24,17.22,14.89,22.05,18.54,17.3,14.03
2015,6,23,201506,17.61,21.24,20.83,24.37,22.96,25.01,25.3,19.89,18.24,17.53,21.59,25.62,25.05,24.35,27.36,27.11,27.99,26.96,26,26.33,25,16.62,15.4,22.15,18.72,17.54,14.31
2015,6,24,201506,17,20.15,17.53,22.83,18.83,20.21,19.38,16.81,18.02,19.02,23.14,24.61,24.36,21.77,27.27,27.05,27.25,26.57,27.63,26.52,25.05,17.93,16.63,22.41,18.76,18.6,15.34
2015,6,25,201506,14.48,17.36,16.47,19.49,17.74,23.33,20.97,17.99,19.17,20.7,24.31,26.15,22.55,20.29,27.01,26.76,27.3,26.23,26.03,26.73,25.33,17.63,16.84,22.34,19.27,19.89,16.46
2015,6,26,201506,13.9,16.61,16.88,20.99,19.26,23.93,22.6,17.7,18.41,20.1,22.21,25.28,23.6,21.97,26.79,26.77,27.16,26.6,26.23,26.5,26.11,16.68,17.2,22.79,20.15,21.2,19.35
2015,6,27,201506,15.22,15.97,15.91,19.16,18.09,20.06,19.77,15.98,18.38,20.22,20.34,21.07,22.66,21.03,25.59,25.99,27.36,25.12,24.46,25.02,25.61,16.3,19,23.48,20.36,21.46,21.17
2015,6,28,201506,13.49,15.02,13.86,20.38,16.66,18.64,16.71,15.74,17.01,20.27,21.98,20.62,19.95,18.02,24.47,23.5,27.29,22.34,19.34,23.49,24.73,17.43,19.89,23.74,20.38,21.5,22.2
2015,6,29,201506,12.65,16.88,14.24,18.32,15.76,21.41,18.71,17.25,18.41,21.11,21.54,22.93,17.78,16.97,22.95,21.31,26.71,22.59,20.18,24.58,24.88,17.48,20.59,23.83,20.75,21.31,21.8
2015,6,30,201506,16.05,17.93,15.03,20.55,18.06,22.05,20.27,17,18.48,20.68,23.25,23.34,21.07,20.36,25.12,23.47,26.87,24.51,23.82,25.89,25.35,17.75,20.42,24,20.92,22.15,20.18
2015,7,1,201507,17.33,19.33,17.38,22.66,19.86,21.84,20.79,15.05,15.32,19.54,24.13,24.37,22.37,21.27,24.92,24.37,27.04,24.81,23.98,25.65,24.69,18.73,19.25,24.18,21.15,22.9,19.82
2015,7,2,201507,16.34,18.31,15.71,21.65,18.02,19.33,19.44,14.29,15.22,19.37,23.03,24.05,21.85,20.96,25.28,24.77,26.92,24.7,23.81,25.83,24.91,17.68,18.83,23.78,21.6,22.49,20.8
2015,7,3,201507,14.67,17,14.43,20.61,17.13,19.25,19.16,16.07,16.59,19.76,21.16,21.32,20.94,19.98,25.25,24.27,27,24.68,23.79,25.58,25.14,17.21,18.93,23.84,21.2,21.98,20.72
2015,7,4,201507,15.76,16.27,16.39,20.31,19.26,20.74,19.83,17.91,19.49,21.23,21.65,21.27,21.77,20.26,25.42,24.47,27.18,24.76,22.73,25.26,25.41,18.22,19.57,23.38,20.45,21.52,19.79
2015,7,5,201507,17.03,17.04,18.04,21.61,19.18,22.23,20.36,19.29,20.73,22.7,24.59,23.55,22.21,20.9,24.91,24.59,27.04,23.81,22.91,25.89,25.66,18.28,18.14,22.49,20.18,21.16,19.5
2015,7,6,201507,19.42,21.04,19.86,22.98,20.57,24.12,22.28,20.75,21.42,19.91,23.65,25.47,22.67,21.52,24.46,24.35,26.31,24.08,23.61,26.39,26.17,16.2,15.29,22.21,19.8,20.53,18.93
2015,7,7,201507,20.35,21.59,21.15,24.39,22.17,23.66,23.51,18.94,16.13,15.8,17.82,23.06,23.63,22.73,26.05,25.37,26.83,26.29,25.72,24.97,25.16,13.41,15.91,21.86,18.93,19.79,19.03
2015,7,8,201507,20.52,23.14,20.77,25.11,22.11,18.19,19.96,14.57,14.95,16.27,17.06,21.12,24.1,22.81,26.72,26.05,26.81,25.94,25.32,24.15,24.01,13.25,15.6,21.15,18.07,18.57,18.76
2015,7,9,201507,16.53,20.24,17.87,24.03,21.61,20.73,21.9,17.01,16.64,18.25,18.32,21.04,24.16,22.78,26.75,26.16,26.93,25.79,24.91,24.54,24.9,13.43,15.76,20.01,17.76,17.3,19.12
2015,7,10,201507,18.35,20.04,17.74,23.17,19.78,20.98,20.72,18.1,18.7,20.12,21.35,22.94,23.6,21.52,26.64,26.06,27.17,25.83,24.92,25.4,24.77,15.06,16.59,18.62,16.79,16.32,18.28
2015,7,11,201507,19.03,19.71,18.57,21.68,19.51,21.98,20.83,20.13,20.59,23,24.59,24.9,22.39,21.14,26.9,25.69,27.46,26.06,25.21,26.14,25.15,15.14,16.18,20.04,17.3,17.18,16.84
2015,7,12,201507,20.66,21.24,20.13,22.25,20.16,25.71,22.54,20.9,22.13,24.42,25.91,26.59,21.92,21.61,26.72,24.6,27.58,26.57,25.83,26.66,25.49,16.52,16.32,21.05,18.34,18,15.39
2015,7,13,201507,20.59,22.59,21.35,22.39,20.77,27.57,23.91,21.07,24.58,24.46,25.69,27.35,22.62,21.72,27.32,25.39,27.84,27.09,26.46,27.22,26.19,17.21,16.45,21.67,18.27,18,15.34
2015,7,14,201507,19.92,20.63,20.69,22.82,22.11,26.77,25.57,21.58,22.47,22.92,25.76,27.61,24.34,23.71,27.82,26.46,28.17,27.61,26.5,27.49,25.82,17.26,16.52,22.16,18.58,18.46,15.65
2015,7,15,201507,18.45,21.27,19.19,23.71,20.92,22.08,20.92,16.4,17.99,22.93,25.62,26.09,23,21.68,27.63,26.46,27.63,26.69,26.32,27.7,25.73,16.12,16.48,21.53,18.56,18.47,15.55
2015,7,16,201507,14.14,16.87,14.58,20.72,16.21,21.02,19.5,16.39,17.52,22.59,25.28,25.52,21.4,19.75,27.05,24.93,27.05,26.56,24.53,27.22,25.82,16.16,15.82,21.85,18.44,18.87,14.73
2015,7,17,201507,15.52,17.12,16.58,20.98,18.79,26.22,23.03,20.25,20.43,22.97,25.06,26.95,22.76,21.47,27.4,25.86,27.28,26.92,25.73,27,26.22,16.33,14.64,21.78,18.43,19.38,13.77
2015,7,18,201507,17.5,19.93,21.75,23.54,23.97,27.49,26.85,24.09,24.57,22.22,25.39,26.98,25.02,24.58,27.17,26.2,27.37,27.82,26.77,27.38,26.51,16.06,13.76,22.06,18.37,19.53,15.72
2015,7,19,201507,20.29,23.76,23.18,25.61,24.83,26.51,26.46,22.98,21.17,19.88,24.28,27.01,25.47,25.17,27.86,27.07,27.69,28.07,26.96,27.6,26.59,15.89,14.33,21.42,18.33,19.9,18.04
2015,7,20,201507,21.67,24.7,23.04,26.74,24.53,25.11,24.52,19.65,19.88,20.28,24.76,27.14,25.56,24.93,27.66,27.21,27.76,27.84,27.07,27.7,26.9,15.78,15.96,21.74,18.88,20.95,18.52
2015,7,21,201507,20.68,22.92,20.4,26.23,22.49,23.38,23.86,18.65,17.76,18.72,22.02,25.01,25.16,24.14,28.18,27.77,27.8,27.93,26.55,27.74,26.53,15.71,16.42,21.29,18.8,20.83,16.52
2015,7,22,201507,18.25,19.7,17.02,22.03,18.17,20.63,19.63,16.83,18.78,20.67,21.16,23.12,22.91,21.48,27.78,26.34,27.99,26.63,25.39,26.95,26.53,15.83,16.78,21.41,19.26,19.65,14.63
2015,7,23,201507,15.71,17.51,16.15,19,17.1,22.16,19.55,18.18,20.68,22.58,24.39,25.34,21.9,19.3,27.35,25.85,28.11,26.48,25.5,27.73,26.9,16.98,16.3,21.22,18.89,17.82,14.44
2015,7,24,201507,15.73,17.93,16.7,19.76,18.18,21.95,20.35,20.24,20.84,23.6,26.8,26.93,22.08,19.94,27.02,25.45,27.73,26.31,25.62,27.89,26.94,17.66,16.14,21.06,19,17.48,14.63
2015,7,25,201507,15.82,18.29,18.11,21.2,19.38,24.77,22.16,21.4,23.26,23.44,26.56,28.49,21.61,20.69,26.59,24.82,26.83,26.47,25.73,27.99,26.86,17.35,16.52,21.21,18.96,17.16,15.05
2015,7,26,201507,16.98,19.5,20.82,22.2,21.31,26.01,24.17,21.43,21.54,23.93,26.38,27.87,22.97,22.57,26,24.24,26.34,26.38,25.23,27.71,27.08,17.81,16.72,21.06,19.01,17.7,13.06
2015,7,27,201507,19.8,21.7,21.76,23.48,22.86,26.06,24.72,22.27,22.34,24.37,26.62,27.63,24.31,23.7,26.05,25.39,26.3,26.82,26.05,27.92,27.26,18.09,15.79,20.55,18.18,17.47,12.01
2015,7,28,201507,20.89,22.42,22.28,24.64,23.59,26.8,24.85,22.64,22.81,23.62,25.46,27.93,25.17,24.5,26.83,26.22,26.73,27.46,26.72,27.58,26.84,16.09,11.52,21.61,17.32,18.52,12.82
2015,7,29,201507,21.88,23.79,23.21,25.94,24.24,26.93,26.24,22.97,22.36,18.78,21.67,26.83,25.19,24.94,27.39,26.12,27.8,28.05,27.4,27.29,26.44,14.92,12.45,21.96,17.8,19.96,15.85
2015,7,30,201507,22.29,24.11,23.07,25.48,23.89,21.37,23.15,19.66,19.22,19.48,21.84,22.88,25.18,24.67,27.69,26.31,27.71,27.63,26.91,27.57,26.3,16.4,15.17,22.42,18.66,21.66,17.83
2015,7,31,201507,20.84,22.16,19.25,23.88,20.12,22.09,20.93,19.02,19.11,20.13,23.24,22.51,23.23,21.28,27.16,26.53,27.53,24.12,22.12,25.25,26.21,17.06,16.8,22.87,19.21,22.26,19.46
2015,8,1,201508,18.44,20.28,18.61,22.78,19.56,22.01,20.25,17.77,18.3,21.11,23.77,23.52,21.7,20.71,26.21,25.15,26.79,23.44,22.56,24.34,25.67,16.87,17.74,23.14,19.44,21.44,19.21
2015,8,2,201508,17.59,19.51,17.94,21.89,18.61,23.3,20.25,19.19,21.54,21.95,24.18,24.6,21.29,19.91,25.26,24.6,26.55,23.51,22.77,24.42,25.26,17.29,17.82,22.76,19.57,21.11,19
2015,8,3,201508,19.1,20.4,19.39,22.23,20.02,24.31,22.53,19.07,17.44,18.67,24.06,25.09,21.96,20.64,25.84,24.97,26.21,24.74,23.68,25.42,25.81,17.13,17.53,22.12,19.71,20.11,18.59
2015,8,4,201508,20.09,22.15,19.01,24.07,20.72,22.23,21.53,16.07,16.48,19.16,23.74,25.48,23.96,23.04,26.64,25.55,27.19,25.96,25.33,26,26.5,16.13,17.34,21.63,19.01,19.06,16.89
2015,8,5,201508,17.06,19.97,16.8,22.65,18.65,22.22,20.48,15.66,16.43,20.17,23.41,24.73,23.9,22.18,26.64,26.48,27.48,26.05,24.9,26.85,26.95,16.36,17.25,22.07,19.36,18.88,15.19
2015,8,6,201508,15.09,17.22,15.45,20.16,16.85,21.76,19.07,16.66,18.29,21.29,23.35,23.61,23.26,20.2,25.85,26.28,27.36,25.98,25.03,27.44,27.24,17.23,15.55,22.61,18.92,19.7,13.6
2015,8,7,201508,15.76,18.02,16.66,21.13,17.79,20.18,18.89,17.59,19.15,21.6,24.77,23.57,21.58,20.16,26.2,24.95,27.47,25.69,23.35,28.13,27.49,16.37,14.74,22.6,19.12,19.51,14.42
2015,8,8,201508,17.32,18.04,17.25,20.72,19.46,23.05,21.16,18.35,20.23,21.36,25.03,25.97,21.05,21.23,25.98,23.44,27.74,26.51,24.34,28.38,27.18,16.01,14.54,21.76,17.9,17.9,15.81
2015,8,9,201508,17.48,18.55,17.91,20.75,19.77,24.62,22.61,20.34,21.36,21.74,25.25,26.55,21.95,21.56,26.68,24.07,27.67,26.96,24.73,27.99,27.01,16.23,14.96,21.74,18.29,18.14,16.03
2015,8,10,201508,17.82,18.75,18.86,21.36,20.46,25.63,23.9,21.45,21.38,21.2,24.5,27.43,22.54,22.41,26.6,24.05,27.54,27.31,25.45,27.98,26.73,16.3,16.51,22.16,18.95,18.52,16.96
2015,8,11,201508,17.97,19.11,19.33,21.72,20.57,22.47,22.01,19.01,19.21,20.39,22.11,23.81,23.39,22.36,26.18,24.7,27.47,27.08,25.94,27.52,26.62,16.79,17.93,22.52,18.89,17.64,18.02
2015,8,12,201508,17.92,20.16,17.74,22.22,18.71,21.03,19.51,17.22,19.11,22.22,21.94,21.84,21.41,20.39,26.31,24.55,28.01,25.09,22.94,25.52,26.51,17.31,19.47,22.91,18.95,17.8,19.12
2015,8,13,201508,17.71,18.95,15.94,19.98,16.58,21.03,18.88,19.69,21.43,24.07,22.8,22.23,20.34,19.09,25.54,23.04,27.78,23.22,21.39,24.6,26.68,18.17,19.87,23.54,19.41,18.85,19
2015,8,14,201508,18.2,19.33,18.31,20.39,18.47,22.19,21.59,22.65,24.49,24.68,23.9,21.5,20.77,19.49,25.52,23.54,27.09,23.58,21.59,24.07,26.73,18.99,20.24,23.84,20.59,19.32,17.63
2015,8,15,201508,20.22,21.34,21.04,22.22,20.89,23.92,23.33,23.45,24.23,24.98,23.95,22.69,22.16,21.2,23.98,23.41,26.46,24.9,23.46,24.17,25.91,18.93,19.07,24.45,20.02,19.81,14.05
2015,8,16,201508,21.44,22.83,21.32,23.21,21.93,24.06,23.84,23.41,23.43,22.5,23.64,23.36,22.67,22.17,24.64,23.83,26.44,24.5,22.83,24.51,25.33,18.72,15.33,24.5,19.82,21.12,13.99
2015,8,17,201508,22.27,23.15,21.98,23.91,22.27,23.34,23.19,22.69,21.58,17.84,22.55,23.43,23.14,22.48,24.83,24.07,26.73,24.27,22.92,24.69,25.36,17.62,14.02,24.06,19.61,21.24,15.07
2015,8,18,201508,22.95,23.65,22.69,24.21,22.83,24.29,23.28,20.65,18.95,15.97,20.42,24.03,23.32,23.03,25.41,24.45,27,24.63,23.06,25.47,25.83,14.81,12.59,23.19,18.94,20.46,16.19
2015,8,19,201508,22.47,23.01,22.68,23.89,22.72,22.85,23.49,21.75,18.69,14.42,14.91,20.51,23.39,22.65,26.02,25.25,27.49,25.05,23.66,23.7,25.67,10.53,12.47,21.88,18.05,19.89,17.63
2015,8,20,201508,21.83,22.85,22.49,24.61,22.38,17.13,20.29,18.04,14.59,15.37,16.37,16.68,24.35,22.64,26.08,25.89,27.65,24.21,22.34,21.21,23.31,12.39,14.77,21.92,17.75,19.42,16.82
2015,8,21,201508,20.78,22.01,20.04,24.28,18.57,18.39,17.67,16.24,15.99,18.86,19.62,19.12,21.9,19.66,26.07,25.34,27.79,23.86,20.72,23.01,24.53,14.98,15.45,22.52,18.57,19.56,14.52
2015,8,22,201508,19.74,21.9,16.88,20.69,15.74,19.55,17.58,18.65,19.24,20.67,23.28,21.94,19.66,17.69,26.19,24.42,28.42,24.23,21.42,25.53,26.17,15.9,13.29,22.52,18.5,19.38,13.1
2015,8,23,201508,20.21,21.86,17.44,20.03,16.09,21.84,19.54,18.42,17.15,14.05,16.91,21.99,20.25,18.9,26.19,23.19,28.02,25.51,23.69,25.5,26.59,13.21,11.26,22.27,18.83,19.6,14.83
2015,8,24,201508,20.66,21.87,19.31,21.69,19.08,15.74,18.65,15.09,12.29,12.74,16.29,16.67,22.42,21.28,25.91,24.49,27.68,24.86,22.74,23.94,26.18,14.43,15.19,22.64,18.78,19.91,16.23
2015,8,25,201508,20.69,21.9,19.04,23.74,18.2,14.46,14.94,13.18,12.42,14.31,18.85,16.38,20.77,17.86,24.68,24.64,27.95,20.09,17.24,22.31,26.01,16.34,17.31,23.06,18.9,19.64,15.51
2015,8,26,201508,19.11,22.01,16.19,19.4,15.6,16.77,16.03,14.55,14.66,16.66,21.97,17.86,18.69,16.67,21.52,23.19,26.85,18.27,17.41,21.81,25.54,17.33,18.18,22.75,19.08,19.62,16.51
2015,8,27,201508,17.07,18.13,15.4,18.08,15.85,17.62,16.93,15.4,16.11,19.35,23.43,18.66,18.39,16.91,23.11,22.69,25.72,18.88,18,22.35,25.11,16.36,17.67,22.79,18.57,20.19,16.39
2015,8,28,201508,15.63,17.03,15.33,18.39,16.12,18.1,17.7,17.36,17.08,20.88,23.02,19.06,19.33,17.96,24.6,22.85,26.38,20.89,19.63,22.19,24.61,15.51,16.99,22.87,18.91,20.86,16.83
2015,8,29,201508,16.71,18.16,16.75,19.41,18.33,20.83,19.41,17.76,17.42,21.2,21.69,21.71,20.45,19.87,24.23,22.93,26.43,24.01,23.47,23.66,24.44,15.3,17.78,22.95,19.02,20.16,16.74
2015,8,30,201508,18.36,20.4,18.84,21.79,20.43,23.1,22.92,19.11,20.07,22.36,21.43,23.76,21.56,21.11,23.55,23.38,26.27,23.92,22.74,24.45,24.13,15.72,17.41,22.92,17.62,17.7,12.29
2015,8,31,201508,19.56,22.3,20.69,23.94,22,24.26,23.28,21.35,21.13,22.47,22.46,24.49,22.08,21.77,23.69,23.46,26.81,24.04,22.18,24.82,24.48,16.48,14.23,22.37,16.97,17.52,11.24
2015,9,1,201509,18.54,21.23,20.7,23.61,21.68,24.42,23.2,22.45,23.35,21.54,23.53,24.31,22.58,22.11,25.27,24.25,27.23,24.61,22.83,24.96,24.68,16.24,14.68,22.03,17.62,17.52,13.11
2015,9,2,201509,19.72,21.13,20.95,24.16,21.99,24.04,23.47,23.59,23.77,23.43,24,23.67,23.33,22.63,25.82,25.5,27.51,25.03,23.59,24.91,24.64,16.33,16,21.35,17.52,17.37,12.64
2015,9,3,201509,20.94,22.23,22.06,24.52,22.47,24.26,23.92,22.65,23.06,24.13,24.38,24.32,23.35,22.54,26.14,25.81,27.75,25.3,24.74,24.72,24.8,16.01,15.17,20.44,17.05,16.08,10.21
2015,9,4,201509,16.77,21.4,20.98,24.16,22.96,25.03,24.21,21.92,22.13,24.11,24.58,24.94,23.59,23.37,25.99,25.39,27.56,25.47,24.38,25.62,25.53,15.7,13.5,19.82,15.76,14.44,8.68
2015,9,5,201509,16,17.13,20.37,21.78,22.3,25.11,24.2,22.08,23.23,23.63,24.55,25.41,22.81,22.33,25.89,24.71,26.94,25.82,24.02,26.57,26.31,15.32,12.9,20.11,14.82,13.44,8.44
2015,9,6,201509,18.31,18.06,20.8,19.89,20.77,24.68,23.82,23.17,24.2,22.79,24.58,25.35,21.57,21.16,24.97,23.73,25.86,25.12,23.58,26.82,26.5,14.8,9.86,20.4,14.4,14.49,8.67
2015,9,7,201509,21,20.23,21.44,21.59,21.27,24.46,23.71,23.19,23.79,18.17,23.35,25.22,21.86,21.47,23.68,23.4,25.81,24.75,23.41,26.75,26.77,14.72,9.69,21.78,16.18,17.39,10.11
2015,9,8,201509,22.37,23.01,22.78,23.48,22.66,24.57,23.5,22.09,20.72,17.28,22.8,24.79,23.05,22.32,24.07,24.13,26.3,24.42,23.09,26.47,26.56,13.85,9.99,22.17,16.74,18.72,12.31
2015,9,9,201509,22.15,23.91,22.42,24.71,22.25,22.72,22.75,19.19,16.15,15.43,21.29,23.78,23.92,22.77,24.56,24.47,27.12,24.62,22.91,25.92,25.97,13.57,11.74,21.78,17.09,20.48,14.75
2015,9,10,201509,20.59,22.46,18.51,23.92,19.4,19.15,19.89,15.6,15.29,14.66,21.09,22.17,23.19,21.78,25.55,25,27.53,24.88,23.37,24.97,25.47,14.07,12.84,21.57,17.75,21.02,15.2
2015,9,11,201509,17.47,19.95,16.46,21.61,17.15,18.25,17.73,13.84,11.87,12.23,17.08,19.95,20.8,19.44,24.85,24.11,27.17,23.18,21.25,23.67,24.95,12.51,13.37,20.83,17.45,21.14,16.58
2015,9,12,201509,15.82,17.94,16.29,21.4,16.59,13.6,14.81,11.73,11.22,12.87,15.24,12.89,20.24,18.1,22.86,23.1,26.41,20.57,18.5,18.84,22.65,13.29,14.77,21.13,17.47,20.55,17.73
2015,9,13,201509,16.03,18.9,15.72,19.83,14.27,12.09,12.45,11.8,11.89,15.48,17.83,12.99,15.37,14.02,18.72,19.08,24.79,14.96,13.26,16.76,21.26,14.42,15.27,21.4,17.95,20.38,16.23
2015,9,14,201509,15.01,15.98,13.31,15.37,12.57,14.78,13.42,14.47,14.72,18.34,20.69,17.24,13.18,12.44,16.21,15.44,23.37,15.01,13.77,18.54,21.82,14.29,14.04,21,17.35,18.46,11.58
2015,9,15,201509,16.24,16.34,15.26,16.51,14.86,17.72,16.11,18.37,19.43,20.34,21.58,18.41,15.7,15.44,19.07,17.02,24.86,17.68,16.12,20.4,22.71,14.43,12.99,20.2,16.27,15.77,8.69
2015,9,16,201509,18.46,18.48,17.55,18.52,17.48,18.06,17.54,18.24,18.98,20.31,22.46,19.95,17.42,17.5,20.78,18.31,25.42,20.7,17.92,23.97,24.86,13.82,10.11,19.35,15.26,13.5,8.43
2015,9,17,201509,19.53,19.57,18.41,19.65,17.92,19.9,18.15,18.64,20.38,19.56,22.97,23.18,18.25,18.08,21.58,20.45,24.85,21.9,19.39,25.23,25.32,13.33,8.45,18.69,14.48,12.86,9.37
2015,9,18,201509,19.56,19.23,18.44,20,18.15,22.98,19.27,19.32,19.2,13.52,18.24,23.87,19.14,18.15,21.97,21.33,24.38,22.11,20.45,25.09,25.79,11.27,8.28,18.09,14.17,14.39,9.8
2015,9,19,201509,18.7,19.02,18.47,20.66,18.75,18.68,20.53,17.02,13.42,11.79,13.39,18.1,20.18,19.26,22.64,22.24,24.9,22.09,20.49,23.13,24.81,9.6,9,18.89,14.3,16.28,11.59
2015,9,20,201509,17.11,19.19,15.83,20.88,16.5,14.3,14.75,13.28,12.46,13.82,15.64,14.8,20.35,18.49,23.11,22.72,25.72,21.59,20.19,21.28,24,11.12,11.19,20.01,15.51,18.64,14.32
2015,9,21,201509,10.44,12.31,11.09,15.91,11.8,14.31,13.71,14.28,13.53,16.67,19.18,16.13,17.63,15.34,23.29,22.51,26.06,19.89,18.32,22.15,23.89,12.49,13.04,20.04,16.03,19.82,13.89
2015,9,22,201509,12.48,13.27,13.18,17.5,14.34,15.79,15.19,14.82,15.46,16.29,21.54,19.36,18.11,17.23,22.33,21.87,25.32,18.69,17.21,22.27,24.16,14.22,12.52,17.91,16.03,18.56,11.87
2015,9,23,201509,13.32,13.91,14.03,16.8,15,17.67,16.5,15.83,17.26,15.89,21.8,20.03,17.94,16.92,21.96,21.09,24.25,20.32,18.66,20.98,23.24,13.97,13.48,18.9,15.83,16.62,10.55
2015,9,24,201509,14.19,15.29,15.02,16.15,14.5,17.06,16.46,16.6,17.29,17.55,20.09,18.8,17.05,15.81,21.25,20.47,24.14,21.12,19.5,21.41,22.17,13.67,14.2,19.92,16.03,17.87,12.61
2015,9,25,201509,9.68,14.83,14.37,17.63,15.76,17.92,16.99,17.55,17.66,18.12,19.08,18.94,17.12,15.6,18.82,19.94,24.25,20.08,18.6,21.73,22.45,13.17,15.09,20.3,16.13,19.03,13.83
2015,9,26,201509,8.59,12.84,14.57,16.77,15.84,17.42,16.61,16.96,16.84,18.01,18.56,17.91,16.99,16.1,20.35,18.87,24.66,19.53,18.21,20.97,22.05,13.45,15.4,19.92,16.65,18.87,12.64
2015,9,27,201509,9.65,11.07,13.49,16.23,14.43,18.3,16.93,16.37,16.29,18.24,18.49,19.08,17.16,15.82,20.86,18.5,25.21,20.72,19.39,21.36,21.63,13.87,13.42,19.76,16.3,18.36,8.95
2015,9,28,201509,13.58,16.02,15.9,19.23,17.35,20.72,18.72,18.42,18.78,16.47,19.33,20.38,19.97,18.75,22.64,21.52,25.51,21.9,21.11,22.31,21.63,14.36,11.53,19.99,16.58,18.16,9.95
2015,9,29,201509,18.02,19.87,18.12,21.72,19.24,20.92,20.92,16.22,13.75,11.7,17.33,21,20.81,20.01,23.62,21.98,25.67,22.87,21.71,23.1,22.35,13.36,11.5,20.34,16.47,16.93,11.78
2015,9,30,201509,17.64,20.39,16.31,22.24,17.77,14.51,16.74,10.24,7.86,11.11,15.11,16.31,20.96,19.5,24,23.31,26.19,22.15,19.59,22.22,22.6,13.26,13.22,20.36,16.55,16.09,12.46
2015,10,1,201510,9.78,12.33,8.74,14.82,10.56,11.66,12.52,8.34,7.88,11.14,14.53,11.78,16.14,14.27,23.35,21.37,26.33,18.66,16.75,19.24,22.34,14.07,13.56,19.96,16.3,16.23,12.36
2015,10,2,201510,6.57,9.8,6.49,12.11,8.91,10.83,10.4,8,7.28,9.42,11.9,10.75,12.75,11.73,17.63,16.29,24.24,15.11,13.83,14.95,20.39,13.01,12.26,17.9,14.22,14.65,11.75
2015,10,3,201510,6.33,8.33,5.42,11.8,6.78,9.56,8.67,7.99,7.59,7.76,9.61,9.9,13.09,10.57,15.04,17.12,21.81,13.62,12.17,13.91,17.76,9.41,8.88,15.79,12.8,14.83,9.96
2015,10,4,201510,6.76,10.07,8.06,13.13,9.46,11.24,12.74,10.13,8.56,8.41,10.52,10.1,14.82,13.54,16.36,18.7,20.62,15.12,15.21,13.98,17.6,8.84,7.16,16,12.03,14.12,10.13
2015,10,5,201510,8.48,10.06,9.1,13.08,10.73,15.86,16.04,13.08,10.97,11.01,13,14.92,14.99,13.99,18.39,17.64,21.2,18.92,18.78,16.95,17.53,9.96,8.01,16.03,11.71,14.02,10.67
2015,10,6,201510,10.3,11.39,11.51,13.13,13.13,17.92,16.8,14.35,12.96,12.7,14.92,18,13.98,14.07,18.98,17.11,22.29,20.29,20,19.65,19.03,10.84,9.72,14.58,12.31,14.66,12.41
2015,10,7,201510,11.02,12.26,12.61,15.4,14.42,18.04,16.82,13.31,12.59,11.89,16.73,18.42,16.04,16.3,19.69,16.82,23.1,21.28,19.45,20.83,20.99,10.12,10.76,14.41,12.99,15.41,13.03
2015,10,8,201510,9.72,12.82,11.45,16.13,14.46,18.15,17.05,11.05,11.44,13.22,17.7,19.8,17.52,16.76,19.4,18.48,23.22,21.52,19.72,21.62,21.68,10.97,11.01,14.84,13.23,17.16,13.2
2015,10,9,201510,8.26,14,12.38,17.27,15.78,16.78,17.65,13.44,11.68,11.29,13.8,17.37,18.31,17.7,21.44,19.66,24.8,21.14,20.46,21.32,22.17,10.25,11.74,16.34,13.84,17.75,14.15
2015,10,10,201510,7.02,10.87,8.13,14.11,10.71,12.74,12.2,10.24,9.95,13.25,14.37,13.55,16.39,14.57,22.08,19.4,24.87,19.02,16.7,18.15,21.11,11.81,13.26,17.35,14.63,17.5,14.35
2015,10,11,201510,6.45,9.1,8.68,11.07,9.42,13.4,11.89,13.14,14.4,16.9,18.23,15.08,12.77,11.71,18.11,16.51,23.11,15.33,14.29,17.95,21.24,12.68,12.28,18.13,14.57,16.98,10.4
2015,10,12,201510,12.13,12.75,12.32,12.82,11.59,17.16,14.26,15.24,14.8,13.12,16.57,18.8,14.15,12.99,18.01,16.93,22.4,16.5,15.34,20.68,22.75,10.61,8.01,18.07,14.02,17.8,10.92
2015,10,13,201510,12.98,14.25,12.86,16.15,13.33,12.47,13.67,11.34,8.76,8.81,13.07,12.45,16.29,15.06,18.98,18.6,22.01,18.73,16.53,18.15,21.35,10.27,9.91,18.36,14.6,18.84,11.6
2015,10,14,201510,12.35,13.82,10.7,14.62,11.61,10.5,10.99,9.05,7,9.75,14.91,13.39,14.13,12.96,17.33,16.63,23.32,14.82,12.85,17.76,20.54,10.81,10.36,18.79,14.77,18.97,11.63
2015,10,15,201510,7.38,9.37,8,11.82,9.65,11.69,10.26,8.98,7.53,8.19,13.6,14.31,11.73,10.72,15.44,14.07,21.65,15.84,13.84,19.28,21.56,10.44,8.96,18.61,14.71,18.34,11.92
2015,10,16,201510,7.47,9.31,8.11,11.43,8.71,8.53,9.15,6.04,4.17,4.9,9.17,10.84,11.08,10.32,17.33,14.55,22.29,16,14.36,17,19.92,7.96,8.11,18.08,13.82,17.44,12.25
2015,10,17,201510,4.83,6.81,4.28,7.92,5.15,3.47,4.59,2.96,1.8,4.53,8.44,6.13,7.79,6.4,14.7,12.54,21.66,10.24,7.45,12.47,17.51,9.09,9.29,17.31,12.57,16.45,12.87
2015,10,18,201510,0.28,2.17,0.41,4.33,2.2,4.13,4.27,3.73,3.57,6.42,11,6.76,4.94,3.86,10.35,7.19,19.97,8.31,5.27,11.93,16.91,10.4,10.44,16.96,12.07,14.72,11.81
2015,10,19,201510,-0.83,0.33,0.92,2.74,2.51,8.7,5.9,6.61,7.98,11.94,15.69,11.53,4.17,4.34,8.93,5.88,19.28,8.75,7.03,13.02,17.05,10.69,10.3,16.68,11.66,12.59,10.53
2015,10,20,201510,5.1,6.87,7.71,8.29,7.91,13.41,11.07,11.9,12.53,12.54,17.09,14.16,7.72,8.64,11.78,8.84,21.11,11.96,9.97,15.86,18.75,9.9,8.46,15,10.89,11.99,9.29
2015,10,21,201510,6.97,12.11,11.12,12.76,11.79,16.12,13.3,12.63,12.96,11.91,15.95,16.77,11.37,11.87,16.69,13.4,22.21,16.03,13.77,19.23,20.99,7.9,6.43,12.92,9.59,12.52,8.9
2015,10,22,201510,8.46,13.34,12.88,13.96,13.88,17.27,15.71,11.33,8.87,8.67,13.69,18.82,13.46,13.91,18.24,16.16,22.71,17.99,15.71,20.94,21.33,6.35,6.81,12.36,9.11,13.01,8.76
2015,10,23,201510,6.09,8.72,6.16,12.09,9.77,15.35,14.16,6.56,7.16,8.88,15.12,18.4,15.15,14.98,19.78,17.25,23.08,19.82,17.08,21.4,21.13,5.99,5.83,12.69,8.78,12.94,6.58
2015,10,24,201510,3.2,4.99,4.31,7.12,7,18.44,16.77,11.38,11.26,8.8,10.92,17.64,13.2,12.5,20.09,16.81,22.66,21.01,19.45,20.07,19.03,4.98,4.55,12.56,9.03,13.74,7.42
2015,10,25,201510,7.64,10.15,9.8,12.78,12.27,11.12,13.4,9.15,6.6,7.09,9.31,11.34,14.88,14.85,20.63,17.76,23.45,19.82,17.35,15.75,15.13,5.71,6.31,13.73,9.15,13.45,8.64
2015,10,26,201510,4.07,6.95,4.76,9.1,6.05,9.16,8.2,6.99,7.37,7.31,9.08,9.89,11.77,9.29,21,17.34,23.39,17.45,14.84,14.01,13.9,6.84,6.55,14.73,8.87,12.69,7.44
2015,10,27,201510,2.22,4.89,4.19,7.71,5.09,11.08,8.79,8.58,8.85,8.02,9.99,12.6,9.62,7.9,17.35,14.5,23.16,16.18,14.39,16.01,15.36,5.67,4.64,13.69,8.73,12.89,6.15
2015,10,28,201510,4.28,6.88,6.61,13.67,10.84,13.55,12.71,9.41,8.24,6.35,9.66,12.89,14.62,13.32,19.23,18.17,22.42,17.52,15.16,16.36,16.26,2.89,2.49,13.18,8.33,12.81,7.58
2015,10,29,201510,12.87,16.21,12.36,17.38,12.77,6.79,9.21,6.69,4.41,2.9,4.91,7.63,15.1,13.58,19.5,18.77,22.96,17.27,14.53,14.5,15.4,3.37,3.01,13,8.24,11.12,7.72
2015,10,30,201510,6.44,8.62,5.79,9.53,5.88,7.4,6.26,6.21,4.96,4.56,5.43,6.69,9.54,7.08,16.5,14.77,22.79,12.18,8.84,12.81,17.74,3.96,3.62,10.34,6.42,10.57,8.15
2015,10,31,201510,1.95,4.56,3.2,7.21,6.04,9.32,8.05,7.34,6.77,7.44,8.67,10.5,7.89,7.34,14.72,11.6,22.39,14.31,10.61,16.55,18.36,2.83,5.33,8.92,6.77,12.03,9.99
2015,11,1,201511,6,9.14,8.07,10.69,10.34,12.47,12.63,9.32,8.19,8.49,11.39,13.17,12.87,12.48,19.22,16.24,24.32,17.79,16.01,16.57,15.91,5.31,6.98,11.58,8.65,13.49,8.21
2015,11,2,201511,8.68,10.44,8.86,12.75,10.26,13.9,12.99,9.76,10.32,10.25,12.61,14.25,14.68,13.51,20.98,18.39,25.12,17.85,17.69,16.69,15.85,6.48,5.55,12.27,9.01,11.43,5.78
2015,11,3,201511,8.18,10.38,9.5,12.05,10.81,15.1,13.73,11.89,11.87,9.5,12.77,15.04,13.96,13.2,17.7,15.79,24.78,18.9,17.7,17.69,17.04,6.68,4.44,11.48,7.41,7.67,3.39
2015,11,4,201511,8.23,11.11,11.19,12.76,12.5,15.8,15.07,12.61,12.54,10.16,14.52,16.43,14.81,14.64,18.57,17.69,25,19.86,18.6,18.75,18.57,6.01,2,8.32,5.17,5.71,1.54
2015,11,5,201511,9.2,12.35,12.41,14.28,13.85,17.48,17.44,14.46,14.32,9.88,13.5,17.16,17.18,16.26,21.97,19.48,25.21,20.77,19.42,19.71,20.1,1.49,-0.78,5.5,2.24,4.74,2.01
2015,11,6,201511,13.33,16.58,15.02,17.97,16.26,14.21,16.85,12.65,9.46,5.26,6.83,13.4,18.74,17.45,22.47,20.41,24.56,21.81,20.18,18.5,17.25,-1.47,-1.21,5.19,1.32,5.86,3.26
2015,11,7,201511,10.82,13.99,10.27,16.52,11.97,7.88,9.34,6.18,4.02,3.42,5.84,8.16,16.05,13.69,21.09,19.57,24.7,18.79,15.52,14.56,15.05,-2.26,-1.06,5.54,1.74,6.94,5.11
2015,11,8,201511,2.75,6.29,4.51,9.03,5.38,4.67,4.84,4.14,2.97,4.42,5.75,5.69,8.99,6.82,17.23,13.47,24.47,11.77,9.23,10.19,11.49,0.14,0.7,7.35,2.48,7.73,5.62
2015,11,9,201511,2.91,5.03,3.95,6.8,4.4,4.92,4.49,5.22,4.47,5.84,6.38,5.56,6.9,5.5,12.83,12.1,23.79,10.42,9.82,10.27,13.1,1.37,1.58,8.64,4.19,7.23,4.05
2015,11,10,201511,4.92,7.44,6.31,11.88,8.21,6.83,7.69,6.09,4.68,5.77,8.33,8.06,13.6,11.23,14.12,16.39,23.02,12.49,11.17,14.08,16.42,2.02,0.69,7.6,3.85,5.8,1.95
2015,11,11,201511,5.71,9.23,8.58,11.19,9.84,9.09,7.55,6.34,7.11,5.42,9.17,13.21,10.68,9.57,13.96,12.49,21.44,13.33,11.32,17.4,18.69,-0.16,-1.67,4.47,1.44,4.54,1.87
2015,11,12,201511,5.93,9.09,7.75,11.64,8.33,10.78,9.4,7.28,7.56,3.95,4.48,9.91,11.4,10.65,16.26,13.8,22.26,16.1,14.26,13.07,12.75,-2.63,-2.02,4.27,0.39,5.22,1.95
2015,11,13,201511,7.88,10.08,6.83,10.65,6.84,5.21,5.87,5.05,2.96,1.25,3.99,5.2,8.88,7.6,12.77,12.28,21.22,9.09,7.19,8.9,10.75,-1.78,-1.43,5.62,1.3,6.27,5.27
2015,11,14,201511,3.66,4.75,2.55,5.64,3.55,4.12,3.04,3.32,1.23,3.59,6.14,6.78,3.93,3.26,7.39,6.07,17.15,6.51,5.13,9.35,11.82,0.11,1.44,6.78,3.14,7.2,6.95
2015,11,15,201511,1.11,2.88,3.38,4.88,3.82,7.68,6.08,6.28,5.02,6.2,7.14,7.66,5.03,4.83,7.66,6.19,18.23,7.55,6.93,9.92,13.53,0.71,1.58,7.97,4.65,6.75,5.28
2015,11,16,201511,2.81,7.16,6.16,8.73,6.87,7.62,7.37,7.43,7.65,6.98,10.32,9.3,7.55,7.74,11.35,8.65,21.04,10.86,7.55,13.41,17.43,2.01,0.56,6.76,3.42,3.63,0.39
2015,11,17,201511,0.67,2.18,2.36,7.72,6.8,11.22,9.74,8.38,8.58,6.67,11.13,14.56,9.91,9.38,16.18,11.99,22.25,16.75,13.81,18.48,16.48,-1.4,-2.65,2.15,-0.9,3.49,3.7
2015,11,18,201511,0.95,2.81,3.86,8.04,8.04,14.67,13.21,11.03,11.73,5.34,5.99,12.51,12.99,11.62,19.38,16.16,23.11,17.77,16.05,12.8,10.54,-2.25,-1.04,3.66,1,6.37,3.62
2015,11,19,201511,4.17,7.63,10.64,13.74,13.38,7.76,11.82,8.42,3.46,-0.53,3.41,6.99,16.16,15.05,18.91,18.29,23.5,14.35,13.21,10.71,11.26,-2.39,-3.22,6.1,2.21,8.26,2.72
2015,11,20,201511,8.79,12.22,7.1,11.7,6.26,2.04,2.38,0.5,-1.99,-3.41,2.54,3.86,9.17,6.96,13.79,13.25,22.02,9.16,6.78,9.54,12.77,-0.36,-2.77,8.16,3.86,9.86,1.07
2015,11,21,201511,2.57,3.65,1.83,5.26,1.77,1.99,3.02,0,-3.38,-5.4,0.01,3.98,4.24,3.52,11.21,7.63,21.34,8.59,5.37,9.09,12.24,-5.47,-6.4,7.5,1.63,9.41,-1.38
2015,11,22,201511,3.02,5.17,3.12,8.49,2.94,-4.46,-0.52,-2.04,-6.92,-4.39,-0.8,-1.02,5.41,3.96,12.81,10.01,20.76,4.41,1.48,2.86,4.37,-3.48,-3.61,5.84,0.52,8.51,-0.67
2015,11,23,201511,0.17,1.64,-1.69,2.25,-1.38,-0.77,-2.12,-2.17,-1.58,-0.22,2.67,1.61,0.62,-0.56,5.05,3.51,13.57,1.84,0.59,4.04,6.05,-0.71,-1.79,7.08,2.13,8.75,0.42
2015,11,24,201511,-3.54,-1.76,-1.35,0.85,0.05,1.28,0.82,0.84,-0.54,-0.42,3.64,4.88,1.58,1.12,5.18,3.48,13.22,4.43,3.41,6.76,10.19,-0.18,-1.3,7.65,3.58,7.49,1.46
2015,11,25,201511,-2.34,0.58,1.09,4,2.7,3.98,3.66,1.67,0.57,0.26,5.8,7.38,4.34,4.14,8.76,6.17,17.86,7.52,5.74,11.39,15.28,0.68,-2.65,7.92,3.15,4.41,-1.26
2015,11,26,201511,1.5,4.25,3.72,7.86,4.82,9.88,7.66,5.56,3.1,-1.97,4.19,13.92,7.43,6.9,13,10.46,19.67,13.37,10.75,16.94,18.1,-2.24,-7.46,6.83,2.28,1.65,-4.8
2015,11,27,201511,7.03,9.07,8.26,9.87,8.44,11.09,11.47,5.28,0.03,-6.52,-3.31,9.82,10.92,10.18,15.45,14.17,19.93,15.32,13.49,13.87,15.71,-6.49,-9.66,4.64,0.15,1.35,-4.79
2015,11,28,201511,6.32,9.92,6.8,10.68,10.3,5.12,10.03,-0.53,-4.02,-6.51,-4.19,3.79,12.12,12.01,15.61,13.88,19.83,16.55,15.67,10.31,7.37,-6.63,-9.26,2.89,-2.49,0.62,-5.4
2015,11,29,201511,-1.05,3.19,-0.35,8.97,4.96,3.14,5.39,-0.97,-4.02,-4.27,-2.41,3.17,12.79,11.11,16.45,14.87,20.01,16.17,14.3,8.87,4.89,-7.32,-8.61,2.42,-2.02,0.76,-4.9
2015,11,30,201511,-4.52,-0.14,-2.19,4.14,0.66,4.43,3.94,-0.04,-0.5,-2.53,-1.68,4.86,9.23,7.1,17.04,14.77,20.79,15.84,14.33,9.84,7.57,-7.88,-8.9,0.4,-2.88,1.38,-4.96
2015,12,1,201512,-2.26,1.65,0.54,9.82,5.46,6.09,9.56,3.18,1.57,-1.65,-1.78,4.48,9.89,10.7,17.72,15.2,22.02,16.31,15.56,9.15,9.5,-9.13,-8.88,0.84,-2.73,3.08,-3.05
2015,12,2,201512,2.31,6.51,5.54,11.82,9.12,2.3,5.72,1.92,0.06,-2.31,0.6,2.6,13.1,11.73,17.87,17.19,21.67,11.92,11.38,7.44,9.02,-6.07,-6.75,1.52,-1.9,4.94,0.15
2015,12,3,201512,3.52,7.58,3.49,9.16,4.06,1.29,1.73,2.23,-0.95,-3.15,0.62,2.68,7,4.61,10.72,10.63,18.79,5.67,3.88,5.63,7.46,-4.29,-3.9,3.23,0.32,6.79,2.64
2015,12,4,201512,0.1,2.64,2.18,5.2,2.49,2.08,1.9,2.08,-0.26,-1.97,1.57,3.08,2.72,2.83,7.01,4.58,16.21,3.99,2.54,5.52,7.35,-2.88,-1.76,4.69,1.27,6.3,2.68
2015,12,5,201512,1.01,2.82,2.01,4.29,2.06,2.41,2.77,2.78,0.78,0.49,3.37,2.96,3.6,3.42,6.98,5.15,17.43,5.09,3.53,5.54,7.98,-1.57,-2.09,5.57,1.24,5.63,1.65
2015,12,6,201512,1.48,3.47,1.97,4.43,2.43,2.17,2.61,2.31,1,-0.39,3.84,3.75,4.04,3.92,9.59,7.51,19,8.07,5.03,7.58,9.96,-3.13,-2.57,5.1,1.42,6.74,3.43
2015,12,7,201512,1.18,3.71,1.55,4.25,2.07,4.48,4.06,2.04,0.98,-0.19,3.23,5.05,5.64,4.34,11.83,10.05,18.31,10.4,9.24,9.05,10.29,-1.36,-0.97,6,2.34,7.81,4.88
2015,12,8,201512,-0.56,3.12,0.36,4.51,1.5,4.63,4.54,2.45,1.39,1.03,5.05,5.99,6.62,5.05,10.74,9.51,16.31,9.16,7.73,9.09,10.59,0.85,1.75,6.43,3.67,9.11,6.86
2015,12,9,201512,-0.99,2.11,1.22,5.18,2.72,7.52,6.22,4.79,3.48,2.45,7.16,7.85,6.66,5.78,10.91,9.83,18.18,10.61,8.79,11.64,12.3,1.82,3.25,7.82,4.81,9.71,7.21
2015,12,10,201512,2.37,6.92,5.36,9.49,7,7.52,7.9,5.33,4.57,4.15,8.35,9.44,9.59,9.01,13.09,12.28,19.61,13.63,11.38,12.61,13.48,2.38,0.99,8.33,5.31,8.97,3.55
2015,12,11,201512,5,8.48,7.05,9.59,8.1,8.25,9.38,5.86,3.52,0.72,6.18,9.66,11.12,10.33,15.17,13.47,19.84,16.57,14.55,14.91,14.64,2.31,-0.55,7.93,3.87,6.33,1.76
2015,12,12,201512,5.48,7.72,6.35,10.77,9.78,12.93,13.17,5.05,3.35,0.64,4.57,13.75,13.68,13.32,16.41,15.7,19.93,18.64,18.27,17.48,16.19,-0.84,-3.02,4.95,2.12,3.54,1.78
2015,12,13,201512,3.69,8.44,8.33,12.64,12.85,15.76,15.71,8.15,6.37,1.47,6,17.28,14.8,14.64,16.23,15.68,20.67,18.13,17.08,17.57,13.62,-4.28,-3.5,1.09,0.08,4.69,2.66
2015,12,14,201512,3.26,9.28,10.27,13.02,13.13,13.33,13.93,10.3,7.27,0.26,3.13,10.76,15.03,13.99,18.42,16.76,22.05,15.88,15.24,10.46,8.32,-3.1,-2.55,2.01,-0.83,2.52,0.05
2015,12,15,201512,6.01,11.81,9.59,13.85,10.55,6.34,8.16,4.27,1.32,-1.83,1.59,6.14,13.58,11.7,14.63,15.87,21.38,11.2,9.92,9.73,10.25,-5.9,-5.25,-1.12,-3.26,-0.09,-1.76
2015,12,16,201512,0.57,4.85,2.84,7.94,5.07,6.85,6.18,2.49,2.14,-2.05,-0.22,7.16,8.5,7.34,14.49,12.58,21.66,11.9,10.5,10.44,9.12,-8.49,-7.4,-2.21,-5.43,0.22,-0.76
2015,12,17,201512,1.14,5.87,4.93,10.46,6.79,1.85,5.68,2.58,-1.21,-5.08,-2.59,1.04,9.92,9.09,16.97,15.12,23.05,12.25,10.03,5.63,5.13,-9.83,-9.49,-1.73,-4.63,2.14,-0.9
2015,12,18,201512,5.58,9.74,4.24,10.78,3.26,-1.03,-0.72,-2.4,-5.5,-8.15,-4.45,-0.63,9.17,4.65,11.46,14.6,19.24,4.31,2.35,3.23,4.22,-8.53,-7.35,0.67,-2.18,3.74,1.7
2015,12,19,201512,-0.58,1.38,-1.76,1.5,-2.09,-2.98,-2.74,-4.46,-8.24,-9.69,-1.85,-0.58,-0.04,-1.47,2.79,2.41,11.49,1.72,0.01,3.39,5.72,-2.67,-3.15,3.16,-0.25,4.33,0.72
2015,12,20,201512,-4.02,-1.05,-2.59,0.52,-2.67,0.13,-1.79,-2.46,-3.67,-4.95,1.92,3.26,0.12,-1.11,4.02,2.59,13.46,3.42,2.43,6.76,11.1,-0.98,-3.35,4.68,0.96,2.84,-0.57
2015,12,21,201512,-1.02,2.04,0.45,3.99,0.66,7.38,3.9,2.12,0.74,-6.33,1.71,10.13,3.9,3.49,11.23,8.38,19.37,10.5,8.08,13.74,14.61,-3.42,-4.57,2.99,0.11,4.36,0.24
2015,12,22,201512,3.74,8.93,5.94,11.77,8.97,7.36,10.01,3.71,0.42,-5.45,1.4,7.23,13.38,11.96,18.89,17.1,22.22,16.42,15.24,12.18,12.15,-2.32,-3.6,3.22,1.41,7.11,0.19
2015,12,23,201512,5.17,10.38,8.03,12.55,9.94,10.46,11.31,5.14,2.22,-2.75,3.61,11.69,15.02,13.02,19.57,18.58,23.32,17.95,16.82,15.33,14.68,-3.49,-6.41,5.53,1.41,5.67,-1.25
2015,12,24,201512,8.74,14.23,13,16.23,14.36,7.4,11.99,5.86,-0.18,-5.99,0.28,6.89,17.57,15.97,21.28,20.71,24.05,18.93,16.29,12.9,13.02,-8.13,-8.09,5.51,0.01,2.69,-1.65
2015,12,25,201512,6.64,11.88,6.96,15.96,10.95,5.78,9.37,1.58,-2.55,-7.06,-1.08,5.24,17.69,15.04,21.72,20.48,23.89,19.37,16.37,13.09,13.09,-6.48,-9.43,3.55,-0.83,1.33,-2.91
2015,12,26,201512,2.66,7.28,3.8,12.85,8.97,6.2,8.54,0.37,-1.66,-7.49,0.19,8.32,16.2,13.9,21.5,20.49,23.33,20.04,18.43,16.37,16.12,-9.16,-11.47,-1.89,-4.13,-0.77,-5.12
2015,12,27,201512,1.35,7.59,4.95,12.01,10.66,7.53,12.47,1.51,-1.68,-9.52,-4.81,6.04,16.54,15.1,21.07,19.46,23.02,20.56,19.56,13.28,10.48,-12.08,-12.23,-3.66,-7.02,-0.82,-4.15
2015,12,28,201512,-5.28,1,-2.5,6.76,2.13,2.43,2.94,-3.42,-5.64,-11.5,-6.39,1.94,12.71,9.48,20.99,17.98,23.11,16.99,17.14,7.77,2.84,-10.34,-9.66,-1.48,-5.16,0.77,-2.24
2015,12,29,201512,-8.2,-0.28,-2.61,7.43,3.12,1.75,7.16,-1.71,-3.67,-9.99,-7.3,-0.72,11.8,9.94,18.79,17.84,23.02,10.95,10.59,2.14,2.72,-10.54,-10.4,-0.75,-4.94,-0.1,-3.33
2015,12,30,201512,-5.71,1.15,0.57,9.29,5.57,-0.33,3.23,-1.88,-4.35,-9.54,-5.67,-0.47,13.04,9.8,19.2,18.21,23.16,11.29,9.4,4.53,5.71,-9.77,-10.43,-0.89,-5.25,0.52,-3.83
2015,12,31,201512,-0.73,3.48,1.55,9.42,5.42,-1.24,0.57,-1.66,-5.38,-9.99,-5.14,-0.84,12.95,8.61,18.7,18.17,23,8.86,6.21,3.79,5.38,-10.6,-11.45,-0.61,-6.46,-0.22,-6.93
2016,1,1,201601,-1.75,0.75,-0.76,4.2,0.3,-2.54,-1.59,-3.63,-7.85,-8.04,-5.09,-1.48,5.76,2.16,12.82,12.85,21.17,4.72,2.14,2.95,5.08,-11.81,-11.88,-0.23,-7.35,-1.49,-8.37
2016,1,2,201601,-2.99,-1.29,-2.5,1.05,-1.65,-2.54,-1.87,-3.32,-8.63,-8.9,-4.22,-1.27,1.29,-0.35,7.6,6.15,16.47,2.66,0.69,2.31,3.82,-9.16,-10.65,1.75,-6.27,-0.25,-9.02
2016,1,3,201601,-2.1,0.07,-1.72,1.88,-1.39,-3.25,-2,-2.88,-6.87,-9.69,-3.82,-1.76,1.37,0.12,5.05,4.13,13.12,2.99,1.09,3.57,5.36,-6.09,-8.23,3.66,-2.42,3.62,-7.39
2016,1,4,201601,-6.22,-2.22,-7.77,-0.93,-4.31,-3.74,-2.52,-5.12,-5.81,-10.39,-4.48,-4.08,-0.84,-2.06,4.82,3.12,11.69,1.57,-1.25,1.66,4.32,-4.56,-4.93,5.24,-1.36,5.5,-2.23
2016,1,5,201601,-14.61,-9.49,-12.83,-7.39,-10.5,-3.35,-4.59,-6.32,-8.27,-9.03,-3.4,-3.45,-5.72,-6.89,1.23,-2.02,10.8,-0.31,-1.92,0.57,3.86,-3.83,-3.63,5.31,-0.56,5.96,-0.42
2016,1,6,201601,-8.87,-5.61,-7.32,-4.76,-6.94,-2.73,-3.94,-3.68,-5.69,-7.97,-0.66,-1.68,-4.25,-4.54,1.27,-1.07,13.62,0.84,-1.13,3.08,7.29,-3.63,-3.43,5.17,0.42,4.67,0.77
2016,1,7,201601,-4.99,-2.36,-4.41,-1.18,-3.55,0.58,-0.99,-0.91,-1.24,-5.09,0.14,2.54,0.87,-0.59,5.91,4.55,15.34,4.1,1.8,8.46,10.3,-3.01,-3.94,3.63,-0.28,3.76,0.15
2016,1,8,201601,-3.65,-0.77,-2.56,2.23,-0.48,4.95,1.6,0.31,-0.02,-4.79,-0.68,5.96,3.81,2.5,11.67,8,17.41,10.67,9.53,10.03,10.09,-5.1,-5.85,1.83,-1.63,2.38,-0.09
2016,1,9,201601,-2.01,1.51,0.62,5.6,3.4,4.07,6.1,1.19,-3.45,-10.92,-4.58,2.25,7.9,6.73,11.78,10.83,18.71,11.91,10.19,8.47,7.39,-7.96,-8.45,0.86,-3.93,3.24,-1.91
2016,1,10,201601,1.38,5.12,3.75,11.25,6.71,-6.44,2.15,-3.02,-12.4,-18.19,-9.08,-7.7,9.57,7.49,11.84,11.99,19.35,5.57,3.33,-0.23,2.16,-9.84,-9.91,0.19,-3.95,3.94,-2.31
2016,1,11,201601,-0.57,1.46,-3.59,1.11,-4.69,-9.35,-8.97,-9.81,-17.11,-15.17,-4.7,-5.61,-1.58,-4.02,1.44,2.27,10.35,-2.24,-4.06,-0.65,2.81,-9.78,-8.72,-0.87,-5.04,3.81,-2.92
2016,1,12,201601,-7.53,-3.72,-6.39,-1.43,-5.34,-5.26,-4.94,-8.56,-14.43,-13.87,-3.46,-2.03,-1.47,-2.69,1.53,1.05,9.01,0.93,-0.59,2.46,4.82,-7.26,-7.36,-0.84,-4.8,4.09,-0.8
2016,1,13,201601,-5.26,-3.28,-6.86,-3.1,-7.74,-9.74,-10.49,-10.25,-15.77,-11.23,-2.08,-3.83,-3.94,-6.85,2.26,0.6,9.51,0.61,-2.26,3.95,6.13,-5.67,-5.3,0.08,-3.57,4.97,1.98
2016,1,14,201601,-10.71,-6.08,-7.54,-2.88,-5.58,-1.71,-3.68,-6.63,-9.41,-7.19,0.83,2.31,-0.82,-2.22,3.87,2.19,11.11,4.07,1.71,6.37,8.19,-4.72,-3.72,1.28,-2.28,3.95,0.02
2016,1,15,201601,-8.53,-1.52,-2.48,2.85,0.4,2.5,1.83,-1.91,-4.36,-8.58,0.07,4.2,2.6,2.52,8.28,5.21,16.8,8.44,5.26,9.62,9.29,-6.5,-6.14,1.76,-1.85,5.13,-1.14
2016,1,16,201601,-3.69,2.04,0.66,5.78,2.01,-2.11,0.78,-3.27,-8.77,-14.03,-3,-2.14,6.44,4.29,10.4,9.03,17.43,6.96,4.35,4.7,7.53,-7.49,-7.89,2.16,-1.88,6.12,0.59
2016,1,17,201601,-3.68,-0.12,-2.81,2.53,-1.49,-8.33,-3.96,-8.31,-16.46,-19.77,-7.63,-5.34,2.57,0.18,8.16,6.71,16.39,3.43,0.66,2.21,4.78,-6.16,-7.15,3.64,-0.65,7.25,1.69
2016,1,18,201601,-8.17,-3.18,-6.72,-2.48,-7.37,-14.35,-12.28,-10.98,-18.17,-19.15,-9.92,-11.04,-4.58,-7.55,1.72,0.62,9.67,-2.23,-5.6,-0.46,5.05,-5.72,-5.43,3.92,0.27,7.73,1.87
2016,1,19,201601,-11.55,-8.69,-10.44,-6.53,-9.56,-11.63,-11.4,-9.1,-15.7,-14.61,-4.58,-7.98,-9.44,-10.96,-1.91,-4.57,6.65,-3.95,-8.14,1.18,7.83,-2.77,-4.36,4.42,0.31,7.24,1.62
2016,1,20,201601,-9.59,-6.82,-7.5,-4.05,-7.35,-7.04,-8.24,-8.8,-12.48,-11.56,-4.27,-4.14,-7.39,-8.23,0.11,-3.54,7.67,0.51,-3.03,5.28,9.92,-3.92,-3.96,5.17,0.69,6.52,1.34
2016,1,21,201601,-10.86,-6.15,-7.01,-2.36,-4.82,-7.29,-7,-6.96,-8.34,-10.16,-2.97,-3.1,-2.55,-4.09,5.87,1.56,12.77,4.92,-0.23,5.93,10.01,-5.71,-5.43,3.58,-1.23,7.11,2.53
2016,1,22,201601,-11.76,-7.98,-8.68,-3.82,-6.21,-4.58,-5.04,-4.29,-6.59,-8.49,-4.91,-3.43,-4.06,-5.09,9.15,0.97,17.1,4.65,0.77,2.51,4.89,-5.32,-3.33,3.37,-0.98,7.67,3.83
2016,1,23,201601,-11.25,-5.11,-8.41,-1.51,-6.32,-3.12,-4.35,-4.37,-6.52,-7.09,-3.21,-3.31,-4.07,-4.7,1.66,-0.75,9.92,-0.92,-2.84,0.14,4.07,-2.42,-2.7,5.13,1.45,7.29,2.8
2016,1,24,201601,-10.2,-4.85,-8.81,-4.04,-8.28,-3.11,-4.95,-3.46,-6.2,-5.75,0.17,-1.08,-4.69,-7.09,0.21,-1.14,5.42,-1.29,-2.88,2.37,6.76,-1.87,-2.4,5.53,1.15,4.82,1.66
2016,1,25,201601,-6.52,-3.11,-4.59,-5.41,-6.41,-0.08,-1.95,-2.15,-3.82,-4.56,0.12,2.68,-3.85,-4.55,3.61,1.74,8.57,3.37,1.15,8.36,11.28,-4.48,-4.91,2.98,-0.82,4.86,0.93
2016,1,26,201601,-3.05,-0.13,-1.47,-0.75,-1.53,0.98,2.08,-0.19,-2.67,-5.79,-1.24,1.3,1.16,0.85,7.64,6.07,15.26,9.5,6.15,7.67,8.26,-7.45,-6.91,1.1,-2.39,4.93,1.4
2016,1,27,201601,0.08,1.77,-0.21,1.77,-0.39,-1.12,-1.19,-2.43,-5.13,-5.44,-0.82,-0.37,2.79,0.21,12.23,9.34,16.91,5.16,1.49,4.03,5.33,-5.14,-3.67,1.22,-2.85,5.46,3.2
2016,1,28,201601,-4.18,-0.79,-2.25,-2.12,-3.83,0.18,-1.09,-1.91,-2.3,-2.65,1.42,1.41,-0.6,-2.92,10.17,5.76,16.68,3.04,1.05,4.05,5.41,-2.54,-2.43,3.34,-1.45,6.02,3.72
2016,1,29,201601,-2.09,-0.01,-1.66,-0.87,-2.7,-0.79,-0.56,-5.05,-7.87,-3.49,3.11,1.93,0.59,-1.11,6.67,5.52,13.44,3.78,1.52,6.89,8.6,-1.48,-1.5,4.56,0.54,7.38,1.61
2016,1,30,201601,-2.11,-0.49,-3.29,-2.06,-3.72,2.17,1.12,-1.81,-3.85,-1.9,3.93,5.28,-0.47,-1.92,7.11,3.97,12.12,7.24,4.67,10,10.67,0.34,-1.43,5.65,2.35,7.81,-0.08
2016,1,31,201601,-0.3,1.83,0.43,0.75,0.6,6.98,7.17,1.17,-0.87,-2.87,3.77,8.64,4.13,3.42,9.79,7.46,14.72,12.95,11.09,13.15,13.02,-1.98,-5.49,6.65,1.33,5.32,-1.76
2016,2,1,201602,2.15,4.69,3.17,3.53,3.67,3.93,7,0.79,-3.1,-4.85,1.36,5.56,8.46,6.3,14.03,11.83,18.15,14.95,12.26,11.75,12.36,-3.94,-6.83,3.85,-1.15,1.19,-2.66
2016,2,2,201602,-2.43,1.55,0.15,2.73,1.2,4.02,3.85,-0.65,-3.29,-4.41,-0.05,7.09,7.85,4.43,16.44,13.82,20.02,15.12,12.2,13.16,10.99,-7.86,-8.09,-1.49,-6.07,0.13,-2.05
2016,2,3,201602,-1.79,2.64,2.47,3.66,3.87,4.94,10.11,1.26,-2.34,-6.61,-4.02,2.83,9.66,7.83,18.81,15.38,22.03,14.28,12.93,5.67,5.16,-11.56,-9.62,-3.15,-7.4,0.72,-2.32
2016,2,4,201602,4.02,9.27,4.95,7.85,4.64,-2.17,1.08,-2.55,-9.12,-8.41,-5.49,-1.6,10.33,5.96,12.57,15.36,19.18,4.77,3.25,2.38,3.06,-12.51,-8.37,-2.53,-5.92,2.36,0.43
2016,2,5,201602,-0.82,1.93,-1.29,2.55,-0.43,-1.82,-1.29,-3.37,-7.99,-7.7,-3.13,-0.7,2.17,0.18,4.18,6.43,11.12,1.67,0.47,2.5,3.51,-8.12,-5.62,-0.73,-4.65,3.53,1.41
2016,2,6,201602,-6.24,-4.6,-2.73,-1.16,-1.77,-0.19,-0.67,-2.47,-4.46,-4.71,-1.5,1.73,-0.05,-0.7,3,2.26,11.17,2.47,1.8,4.07,5.83,-7.72,-4.05,0.75,-3.41,5.06,2.06
2016,2,7,201602,-2.89,-1.55,-0.93,0.64,-0.85,2.12,1.18,-0.35,-1.09,-0.87,0.51,3.15,1.04,0.45,4.28,3.41,9.93,3.35,2.92,4.67,5.78,-4.45,-4.35,2.6,-1.57,6.47,1.85
2016,2,8,201602,-7.49,-1.77,-1.38,1.36,-0.28,0.16,2,-0.04,-4.24,-6.44,-1.99,0.57,1.46,1.24,4.23,3.61,9.1,3.86,2.95,4.08,6.44,-5.38,-4.13,4.3,-0.69,8.06,3.18
2016,2,9,201602,-7.4,-4.09,-2.74,0.32,-0.88,-6.14,-1.89,-3.2,-10.3,-10.29,-2.3,-4.76,0.43,-0.53,2.61,2.52,11.06,0.17,-2.72,1.51,5.54,-3.38,-1.85,5.42,0.13,8.55,3.59
2016,2,10,201602,-6.03,-3.11,-2.64,0.33,-3.42,-10.07,-6.81,-8.86,-15.08,-11.57,-0.69,-7.07,-3.39,-4.55,-0.78,-1.65,8.27,-2.21,-5.31,2.34,8.66,-1.64,-1.08,6.19,1,9.13,3.56
2016,2,11,201602,-5.94,-4.38,-8.26,-4.04,-8.66,-8.69,-8.86,-11.05,-16.46,-10.58,-0.17,-4.21,-6.14,-7.95,1.37,-2.09,7.98,1.02,-2.59,6.18,10.64,0.05,-0.13,7.58,2.35,9.59,4.41
2016,2,12,201602,-13.56,-10.81,-11.62,-7.4,-9.95,-5.12,-7.31,-9.84,-13.65,-11.58,0.13,-1.35,-5.38,-7.58,8.58,0.4,13.53,5.19,-0.7,7.76,12.28,0.69,-0.05,8.08,2.7,9.67,4.97
2016,2,13,201602,-12.34,-8.77,-13.14,-6.17,-10.63,-11.59,-10.4,-13.72,-19.97,-17.33,-3.65,-7.09,-5.67,-8.29,4.75,-0.67,13.3,0.62,-3.82,4.84,11.16,-0.5,-0.36,8.13,2.73,8.85,3.14
2016,2,14,201602,-19.1,-17.82,-18.98,-12.57,-14.16,-8.23,-10.07,-11.71,-17.53,-10.53,-0.21,-4.38,-9.61,-11.42,0.99,-5.17,10.45,-0.41,-3.86,5.12,12.35,-1.17,-1.33,7.32,2.11,8.15,3.75
2016,2,15,201602,-16.75,-13.58,-14.44,-7.42,-10.1,-3.17,-3.73,-8.19,-7.58,-5.87,2.77,0.65,-4.85,-5.13,6.36,0.42,16.66,7.3,3.03,10.6,13.15,-1.15,0.32,7.32,2.69,10.09,6.32
2016,2,16,201602,-2.79,1.65,-1.98,4.55,-0.52,-0.89,-0.63,-3.71,-5.77,-3.94,4.07,2.89,2.54,1.25,12.15,9.9,18.4,7.98,4.93,9.7,11.64,0.25,0.91,8.71,3.3,10.37,5.95
2016,2,17,201602,0.23,1.36,-1.85,2.14,-1.65,-0.39,-0.57,-4.81,-9.46,-5.18,3.72,2.99,1.81,-0.06,9.44,7.7,14.96,6.81,5.19,8.04,11.25,0.57,1.3,9.64,4.17,10.57,5.98
2016,2,18,201602,-4.54,-1.82,-6.53,-0.33,-4.65,1.55,-1.08,-6.78,-7.19,-1.88,7.06,5.89,0.9,-1.13,7.6,5,13.4,6.57,5.18,10.26,13.93,3.18,2.88,10.13,5.38,7.59,4.61
2016,2,19,201602,-7.09,-4.27,-8.01,-2.81,-4.96,8.07,3.53,-0.6,0.59,2.48,10.06,12.22,-0.14,-0.18,8.63,3.87,15.18,9.88,8.58,14.71,16.53,2.46,0.62,9.68,4.46,5.93,2.92
2016,2,20,201602,-0.8,2.24,0.84,4.8,3.85,8.03,9.04,2.77,0.72,1.48,7.28,10.62,6.8,7.53,12.07,9.46,16.67,14.29,13.32,16.4,17.84,1.82,0.26,10.14,4.97,6.13,1.29
2016,2,21,201602,1.54,4.15,1.62,8.23,5.03,6.17,6.78,0.44,-1.63,-1.29,6.14,10.62,11.04,9.68,15.44,13.62,17.33,16.25,15.59,17.17,17.73,-0.44,-2.33,9.67,4.19,6.62,0.65
2016,2,22,201602,-4.35,0.92,-2.46,5.96,1.82,3.53,3.53,-2.14,-2.31,-2.27,3.22,4.83,9.76,6.93,16.46,14.18,18.63,14.89,12.65,12.72,15.21,-2.16,-1.7,8.02,3.1,7.29,1.39
2016,2,23,201602,-7.25,-0.8,-3.51,3.44,1.06,3.51,2.09,-1.33,-1.9,-1.21,3.07,3.9,6.95,5.45,16.95,12.56,20.05,13.34,10.93,10.33,12.58,-3.39,-3.63,5.05,-0.05,6.79,-0.44
2016,2,24,201602,-2.9,2.05,-0.2,6.74,4.02,2.34,3.89,-1.38,-0.69,-2.24,1.3,2.84,8.89,8.06,16.57,14.81,20.68,11.16,10.36,6.7,7.25,-5.2,-4.19,3.13,-1.14,7.1,1.79
2016,2,25,201602,4.33,9.67,3.67,9.59,5.11,1.32,0.9,-2.56,-3.06,-2.94,-0.15,1.51,5.86,4.3,6.86,7.72,12.87,5.22,3.39,4.69,6.92,-4.6,-3.32,5.28,0.62,8.12,2.82
2016,2,26,201602,-2.74,0.14,-5.65,0.44,-3.41,-0.05,-1.76,-5.13,-4.05,-2.63,0.76,0.93,1.15,-0.98,4.92,4.12,9.86,3.83,2.34,4.09,6.69,-1.67,-0.86,7.37,1.99,9.28,3.68
2016,2,27,201602,-8,-4.46,-5.61,-1.49,-2.93,2.8,0.78,-1.49,-1.5,1.03,5.33,4.41,0.04,-1,4.34,3.1,8.5,4.94,3.85,7.24,10.04,1.19,1.96,9.16,4.16,9.08,5.29
2016,2,28,201602,-1.29,1.28,1.11,3.03,2.41,8.2,5.96,1.5,1.31,2.09,9.08,9.92,4.13,3.87,7.25,5.68,11.02,8.07,7.03,11.38,13.78,1.87,1.33,9.11,4.87,9,3.69
2016,2,29,201602,1.34,5.2,3.84,6.54,6.04,6.1,7.2,-0.37,-2.61,-3.02,6.71,7.84,7.88,7.15,10.64,9.76,15.69,11.76,9.96,13.08,15.44,1.04,0.88,9.56,5.3,9.45,2.28
2016,3,1,201603,-3.08,1.97,-1.5,5.25,3.98,4.16,4.93,-5.94,-8.79,-8.53,3.9,6.48,7.96,6.51,14.25,12.35,17.29,13.66,10.59,13.86,16.42,-0.32,-1.48,10.32,5.22,10.86,3.94
2016,3,2,201603,-2.07,3.23,-1.77,5.44,1.73,-3.18,-1.18,-6.68,-10.3,-5.38,3.62,0.55,6.45,3.39,11.69,11.51,17.61,7.29,3.74,8.15,12.61,1.39,1.45,11.08,6.16,10.58,4.08
2016,3,3,201603,-11.88,-6.01,-7.99,-1.49,-3.43,0.72,-0.9,-6.28,-5.61,-2.95,6.46,4.84,0.1,-0.77,7.01,3.97,15.14,6.31,3.51,10.82,15.72,0.95,1.17,10.96,6.18,10.53,5.82
2016,3,4,201603,-11.31,-3.56,-6.1,-0.23,-1.61,1.73,1.13,-4.84,-4.18,-1.5,6.02,5.19,2.07,1.1,10.39,6.61,17.3,8.89,6.88,10.88,12.98,2.28,2.6,10.81,7.26,10.46,4.78
2016,3,5,201603,-8.45,-3.03,-5.6,-0.58,-2.39,3.77,1.75,-2.46,-0.9,0.1,7.54,6.87,2.53,0.85,10.12,6.97,15.4,9.27,7.6,11.82,14.35,2.49,3.33,9.89,7.2,10.75,7.14
2016,3,6,201603,-6.06,-1.77,-3.18,1.09,0.23,3.85,2.79,-1.17,-0.74,3.57,9.48,6.6,4.93,3.29,10.31,8.68,15.34,9.45,7,12.44,16.31,3.82,5.15,9.98,7.37,8.95,6.23
2016,3,7,201603,-2.3,0.45,0.78,3.95,3.72,9.9,7.26,2.53,4.29,6.35,13.07,13.26,6.23,5.76,10.9,8.6,15.46,10.86,9.64,15.3,17.23,3.26,2.87,6.84,3.52,5.06,2.81
2016,3,8,201603,0.36,4.72,5.65,10.08,9.66,14.56,12.3,5.53,7.97,7.35,11.82,16.47,11.67,11.12,14.88,13.19,17.66,15.02,13.48,17.3,17.18,-0.59,0.49,5.3,2.64,4.26,1.54
2016,3,9,201603,3.63,9.08,9.52,11.42,11.44,16.29,14.23,9.87,9.18,3.53,9.28,16.15,12.82,12.14,16.78,15.5,19.25,17.07,15.58,17.37,16.08,-0.82,0.1,5.83,2.78,7.1,2.65
2016,3,10,201603,7.74,12.31,12.02,14.69,14.08,13.06,15.4,7.49,4.3,3.99,9.79,13.48,15.48,15.1,19.2,17.74,20.71,19.19,17.67,16.98,14.97,0.91,1.73,8.02,4.85,10.05,5.45
2016,3,11,201603,5.14,11.12,7.57,13.56,11.98,8.59,10.58,3.22,4.25,6.61,9.97,10.27,16.56,14.89,20.07,19.36,21.26,18.48,17.57,14.68,13.62,3.74,4.54,10.32,7.05,9.8,5.1
2016,3,12,201603,0.91,4.61,3.25,7.85,6.82,10.19,9.59,5.43,7.2,8.21,10.32,12.56,13.68,11.77,19.67,18.84,21.38,18.34,18.32,16.36,14.23,4.51,5.08,8.6,5.63,6.08,5.43
2016,3,13,201603,2.73,6.15,4.96,10.48,8.96,13.04,13.08,6.24,7.62,8.85,12.72,14.36,14.61,13.98,19.92,18.4,21.9,18.42,17.85,16.85,15.67,4.1,3.82,6.47,4.53,6.63,3.2
2016,3,14,201603,-0.3,4,4.74,7.78,8.67,13.83,14.33,6.1,6.95,9.68,12.99,15.49,13.77,12.78,19.28,19.39,21.77,17.8,16.3,17.07,15.76,3.54,3.04,7.83,5.23,7.39,2.19
2016,3,15,201603,1.48,5.28,5.03,8.67,7.99,14.71,14.24,7.21,8.2,9.16,10.99,16.24,13.51,12.32,19.08,17.91,21.52,17.95,16.42,17.51,17.47,-0.25,-1.1,9.12,4.23,7.57,0.93
2016,3,16,201603,4.17,6.9,7.53,11.15,10.5,13.3,13.95,6.51,6.51,5.07,5.18,11.32,14.63,13.44,19.09,17.9,21.11,17.84,16.47,14.02,15.92,-2.56,-1.86,8.5,3.63,8.87,2.26
2016,3,17,201603,4.87,8.3,7.05,10.63,8.34,7.56,7.96,3.34,2.36,1.65,4.4,7.89,11.42,9.64,17.1,14.74,21.23,14.63,11.04,12.55,16.96,-2.01,-2.22,9.12,4.78,10.37,1.77
2016,3,18,201603,2.01,5.57,3.04,8.05,4.74,5.34,5.73,1.09,0.81,-0.85,2.37,6.17,8.92,7.35,15.49,13.27,21.31,12.24,9.69,11.54,16.93,-2.98,-3.46,10.22,5.32,11.02,1.75
2016,3,19,201603,-4.61,0.55,-2.58,4.51,1.45,4.45,3.44,-1.29,-0.22,-1.22,-0.69,3.33,6.39,4.39,17.42,12.77,21.48,12.81,9.94,8.81,10.94,-5.07,-3.07,10.46,5,11.18,3.93
2016,3,20,201603,-5.73,-1.98,-3.62,2.5,-0.43,3.27,1.2,-1.36,-0.29,-0.87,-0.58,2.78,4.07,2.66,14.5,11.06,20.19,6.38,5.03,4.82,6.65,-3.96,-0.04,10.32,4.87,10.9,6.32
2016,3,21,201603,-3.27,-0.85,-2.13,2.49,-0.25,3.5,2.04,-0.3,0.51,1.73,4.14,4.23,3.49,2.07,6.04,6.76,12.44,4.65,3.8,5.19,7.49,2.26,4.41,11.07,6.64,9.58,5.83
2016,3,22,201603,-3.77,-0.61,-1.06,3.1,2.06,6.59,5.61,1.89,3.1,4.7,11.03,8.38,4.38,4.28,7.18,6.36,11.21,7.1,5.89,9.79,12.53,5.24,3.77,10.53,6.47,6.83,3.83
2016,3,23,201603,-0.05,5.94,4.24,8.97,7.76,12.28,10.24,3.51,2.56,2.19,10.7,14.65,9.11,8.69,11.26,10.61,17.03,12.52,10.95,16.21,17.01,0.99,0.15,5.94,2.84,5.37,2.93
2016,3,24,201603,-2.85,6.13,4.44,10.8,10.74,12.47,13.55,0.81,-1.46,-0.24,2.87,12.02,12.09,11.74,16.04,14.64,20.9,16.85,15.21,14.08,13.23,-2.5,0.46,5.28,2.42,7.56,3.92
2016,3,25,201603,0.65,8.13,7.76,13.28,11.41,2.79,6.93,-1.13,-2.98,1.69,4.49,4.24,14.76,12.53,18.62,17.84,22.35,12.6,11.11,8.38,10.07,-0.82,0.34,7.75,4.01,9.01,2.35
2016,3,26,201603,0.78,6.36,1.82,8.66,3.36,5.82,4.44,0.66,1.29,0.89,5.6,8.25,10.2,7.54,18.53,16.79,22.54,12.67,10.66,11.75,13.14,-2.41,-1.36,8.52,3.59,8.96,2.42
2016,3,27,201603,1.2,3.62,5.06,7.51,7.2,9.75,9.78,4.04,4.19,2.16,3.16,9.84,11.83,11.53,20.19,17.12,23.65,17.33,16.53,14.07,15.08,-3.89,-0.22,7.88,3.88,9.77,4.5
2016,3,28,201603,2.61,4.79,7.43,9.43,9.68,7.59,10.81,4.87,4.02,4.33,5.99,6.34,13.41,12.08,19.38,17.71,23.27,15.37,12.62,10.81,11.92,0.43,1.42,9.57,5.39,7.83,1.93
2016,3,29,201603,2.45,4.7,1.35,6.47,3.28,7.52,6.15,2.84,5.75,6.52,8.92,8.35,8.11,6.93,14,11.47,21.67,11.43,8.71,12.26,15.92,4.04,1.8,7.72,4.26,4.43,2.49
2016,3,30,201603,0.75,2.8,1.72,3.89,3.11,9.4,7.11,5.12,7.31,7.59,12.12,11.84,7.29,6.09,13.55,11.11,20.4,13.86,10.83,17.35,19.77,0.55,0.87,4.14,3.45,5.33,4.41
2016,3,31,201603,6.13,8.53,7.99,10.1,9.88,16.39,13.92,9.02,7.11,5.87,8.86,16.48,12.71,11.76,18.09,15.97,21.8,18.33,16.08,18.07,16.79,-2.2,1.25,5.12,2.72,7.65,7.14
2016,4,1,201604,12.7,14.98,13.42,16.8,14.97,9.67,12.18,4.4,2.15,1.46,4.25,9.4,18.02,15.77,21.18,20.25,23.4,18.05,15.98,12.48,12.58,-2.49,1.3,6.28,4.22,9.62,8.5
2016,4,2,201604,7.83,10.57,5.48,13.1,7.2,4.05,4.83,-0.23,-2.28,1.31,5.27,6.59,12.73,9.95,17.13,17.25,22.5,11.44,9.61,9.68,9.79,-0.42,3.77,7.97,5.11,11.65,9.68
2016,4,3,201604,-0.9,1.71,-2.55,4.13,-0.23,3.68,1.11,-3.4,-1.4,5.39,10.61,8.01,4.24,2.22,9.79,8.33,17.38,7.89,6.05,11.24,11.92,3.19,5.97,10.03,7.1,12.21,8.92
2016,4,4,201604,-8.62,-2.98,-4.68,5.64,2.83,9.02,7.21,-2.15,-1.15,3.09,11.52,11.7,8.67,7.11,12.63,10.64,17.16,12.09,10.65,13.67,14.36,5.34,6.49,11.67,8.61,11.58,7.57
2016,4,5,201604,-8.65,-4.62,-7.51,1.41,-3.42,3.2,0.29,-3.76,-1.11,3.71,11.59,7.84,5.15,1.78,13.23,9.92,17.78,11.17,8.49,15.38,16.64,6.2,4.04,12.3,8.38,11.06,3.41
2016,4,6,201604,-5.47,-2.76,-3.94,1.02,-0.55,7.89,4.52,0.23,2.25,5.89,11.02,11.61,2.89,2.68,11.42,5.76,18.3,11.4,8.47,15.4,16.22,1.71,2.81,11.77,7.44,13,6.75
2016,4,7,201604,2.85,4.68,4.38,9.8,6.65,7.04,7.25,1.24,1.23,4.75,10.01,9.42,9.15,8.08,15.78,13.26,20.54,13.76,11.12,13.26,14.78,4.74,5.45,13.17,9.22,13.81,10.7
2016,4,8,201604,5.86,6.2,1.75,6.93,2.44,4.21,2.28,-2.79,-1.11,0.83,6.97,6.52,5.84,4.08,13.27,10.9,19.31,10.54,8.26,11.77,15.48,4.36,5.96,12.76,9.66,13,11.87
2016,4,9,201604,0.69,1.79,-1.19,3.84,0.42,0.2,0.34,-3.76,-3.99,-1.1,7.08,3.27,3.44,1.86,9.04,7.11,15.64,7.55,4.63,11.82,14.6,6.08,7.83,11.94,9.43,12.18,11.8
2016,4,10,201604,-2.55,0.68,-2.46,1.96,-2.24,4.56,1.23,-1.89,0.91,4.3,12.67,10.27,1.29,0.33,7.64,3.91,14.89,9.7,5.6,15.97,17.89,6.67,6.53,10.93,9.37,10.76,9.4
2016,4,11,201604,0.49,4.48,2.43,6.46,4.82,10.87,9.5,3,2.15,1.04,8.91,13.64,8.59,8.59,14.51,11.13,19.35,14.36,12.35,18.19,19.52,4.28,4.87,9.2,8.58,10.6,8.6
2016,4,12,201604,6.94,10.08,5.59,11.54,7.98,3.94,5.07,0.97,0,1.91,7.31,5.82,13.3,11.03,18.42,15.78,20.93,15.77,12.06,14.01,17,4.5,7.49,11.04,8.85,11.38,8.59
2016,4,13,201604,2.38,4.76,1.83,5.5,3.03,6.04,4.58,1.69,3.97,7.68,10.85,7.91,7.73,5.46,17.44,13.21,21.65,13.04,9.55,13.45,16.64,6.51,7.96,12.04,8.9,10.92,6.21
2016,4,14,201604,1.87,4.22,3.07,6.87,5.57,9.18,6.92,4.26,7.34,11.65,13.54,11.34,7.36,7.47,16.3,11.71,21.32,15.52,14.42,14.78,17.36,7.69,6.83,12.63,9,9.32,5.01
2016,4,15,201604,2.25,4.49,4.95,7.56,7.33,12.61,10.28,7.45,9.85,12.73,14.09,14.3,7.72,8.8,13.36,10.43,20.48,15.18,13.95,16.59,18.01,6.61,3.84,11.27,7.02,7.52,4.4
2016,4,16,201604,3.04,4.92,7.2,8.14,9.1,14.86,12.68,10.24,11.98,11.9,14.07,15.45,8.15,9.37,14.77,11.19,20.2,14.47,13.07,17.81,19.58,2.49,1.87,7.33,5.31,8.19,6.09
2016,4,17,201604,6.61,7.01,9.35,8.74,10.9,15.86,13.64,12.66,14.44,10.69,12.99,16.93,9.91,11.05,14.2,10.48,19.55,16.02,14.12,18.34,18.93,-0.91,2.32,8.37,5.21,11.14,8.92
2016,4,18,201604,8.67,10.71,11.01,12.51,12.59,16.58,15.46,13.66,15.19,10.55,11.07,17.33,13.52,14.08,13.47,12.94,18.05,16.15,15,18.52,18.08,-0.67,3.2,9.23,6.41,13.09,11.63
2016,4,19,201604,6.35,9.25,9.17,12.92,11.85,16.57,15.81,10.09,11.59,10.98,10.63,17.51,15.62,14.58,16.18,16.37,18.33,16.44,15.94,18.25,18.68,0.56,4.92,10.65,8.12,13.82,13.11
2016,4,20,201604,3.46,5.68,5.69,9.16,7.94,15.58,14.28,9.04,11.35,12.02,11.23,16.17,13.51,12.54,17.66,16.68,19.82,17.96,17.05,18.17,19.54,2.52,7.79,12.57,9.64,13.55,13.58
2016,4,21,201604,6.42,8.48,8.72,10.39,10.55,16.35,16.24,11.02,13.34,11.78,11.46,14.89,12.96,13.37,17.76,16.09,21.24,18.73,17.39,18.11,19.57,4.21,8.29,13.82,10.38,12.01,12.07
2016,4,22,201604,10.92,13.89,13.92,16.08,15.44,14.93,15.75,9.91,9.86,8.75,13.38,14.51,16.27,15.38,19.46,18.1,22.07,18.86,17.35,17.24,18.52,6.39,9.15,14.04,10.94,11.31,11.05
2016,4,23,201604,9.82,13.25,9.29,15.86,12.63,12.81,12.07,5.55,7.57,11.13,15.19,15.29,15.5,14.41,19.42,18.36,22.61,16.81,15.17,17.36,17.94,8.58,8.91,13.29,9.9,9.05,8.35
2016,4,24,201604,2.47,6.1,3.75,9.47,6.58,15.13,11.18,6.83,9.88,12.85,16.49,17.04,12.17,10.73,18.22,15.91,22,16.31,15.68,18.04,19.58,5.31,5.13,11.01,8.51,9.87,6.53
2016,4,25,201604,2.34,6.71,5.85,11.65,10.84,18.01,15.04,8.31,11.89,10.39,15.46,18.9,14.73,14.25,19.49,16.96,22.04,18.88,18.3,20.07,20.47,4.89,3.57,10.89,7.66,7.52,4.01
2016,4,26,201604,2.01,7.63,6.63,16.04,14.79,19.89,18.64,8.42,9,7.73,15.27,21.07,18.41,17.25,20.83,19,22.25,20.39,19.86,22.85,21.51,4.14,2.71,7.77,5.7,6.64,4.03
2016,4,27,201604,1.2,4.74,3.5,11.46,10.39,15.35,15.25,4.24,4.7,6.82,12.53,20.18,18.65,16.38,21.84,20.8,22.61,21.77,21.46,21.58,19.19,1.58,2.24,9.29,5.88,8.74,5.64
2016,4,28,201604,0.83,5.3,3.71,9.64,8.93,15.26,14.18,4.46,4.37,5.86,7.88,14.59,17.21,14.97,22.77,21.76,23.81,21.55,20.61,17.71,18.22,1.75,2.13,9.89,7.25,8.77,6.31
2016,4,29,201604,2.08,6.87,5.84,8.96,9.22,13.34,13.31,5.76,6.03,6.71,8.13,12.81,15.21,13.87,22.45,20.87,24.56,20.11,17.14,18.2,21.02,1.25,2.21,9.27,6.66,9.8,6.03
2016,4,30,201604,4.87,7.94,8.11,9.55,9.91,13.61,12.27,7.03,6.76,7.93,8.02,15.81,14.18,12.87,22.59,19.45,24.33,21.59,19.68,19.58,19.08,0.39,3.3,10.48,6.47,9.69,6.47
2016,5,1,201605,6.71,7.74,8.39,9.46,11.75,15.78,15.95,7.91,6.6,7.18,7.61,15.37,15.82,15.33,23.19,19.49,23.96,22.08,21.65,17.98,17.74,-0.82,3.2,9.75,6.18,10.98,8.27
2016,5,2,201605,6.43,8.16,8.1,12.16,12.44,12.6,15.45,7.82,7.13,9.03,8.61,12,19.14,17.25,23.42,21.66,24.4,20.79,19.1,15.74,14.87,1,4.54,11.13,6.75,12.68,10.96
2016,5,3,201605,7.45,9.72,8.75,14.69,12.01,11.12,11.79,8.55,9.47,11.3,10.92,11.41,18.57,15.57,22.56,21.58,24.75,18.38,16.28,14.91,14.48,3.2,7.31,12.93,8.96,13.23,11.97
2016,5,4,201605,7.99,8.29,9.09,11.06,10.2,11.33,10.63,8.25,8.99,11.09,12.77,11.96,14.08,11.64,18.49,19.22,23.07,14.68,12.83,15.1,16.42,5.72,9.6,14.9,11.03,14.38,11.95
2016,5,5,201605,6.88,7.58,8.26,9.93,9.53,9.86,9.44,8.54,7.43,13.54,14.08,10.72,10.86,9.41,13.03,13.67,19.52,12.86,10.67,14.9,17.71,8.17,11.18,15.33,11.89,13.01,11.07
2016,5,6,201605,8.06,8.88,9.25,10.12,9.69,13.25,11.61,11.61,14.18,17.6,16.51,13.43,10.52,9.99,11.94,11.64,16.63,12.5,11.67,15.08,18,10.64,11.81,12.95,11.99,11.17,12
2016,5,7,201605,11.17,10.15,11.02,11.71,10.73,17.56,14.94,13.05,14.85,14.27,17.73,17.25,12.18,11.5,14.75,14.21,16.79,15.22,14.67,17.2,19.24,8.9,8.9,9.94,10.14,10.68,13.58
2016,5,8,201605,11.11,10.83,9.14,12.62,10.78,15.13,13.01,8.09,10.16,12.35,16.32,18.39,15.65,14.01,18.04,18.24,18.97,17.68,18.01,18.82,20.73,4.64,8.68,10.7,9.09,11.4,11.82
2016,5,9,201605,4.11,7.78,5.96,10.87,8.57,15.87,11.64,7.45,9.89,12.89,16.71,19.45,14.63,11.25,19.19,19.79,20.88,18.86,18.83,20.69,20.29,5.63,7.61,11.5,9.46,12.8,7.01
2016,5,10,201605,5.19,7.28,5.89,11.04,8.69,18.33,14.77,7.93,9.41,12.96,16.55,19.8,16.36,14.47,20.35,20.6,22.9,21.25,20.26,21.69,21.29,7.65,4.33,13.5,10.03,13.31,7.4
2016,5,11,201605,8.77,10.6,9.65,12.68,13.1,20.37,18.57,11.31,11.71,11.89,14.7,21.78,16.62,16.21,22.32,21.11,24.06,22.84,22.69,23.3,22.89,5.01,3.78,14.77,10.32,14.21,9.69
2016,5,12,201605,10.75,12.61,12.78,15.8,16.21,20.8,20.49,14.86,14.59,10.22,12.29,18.68,18.48,17.71,23.23,22.55,24,22.79,21.99,21.46,22.65,5,5.75,15.56,11.35,15.36,11.57
2016,5,13,201605,13.17,13.4,14.42,15.48,16.62,13.88,16.03,12.69,9.48,7.06,13.98,14.14,19.03,17.26,22.99,22.28,24.26,20.08,17.75,18.26,22.02,8.13,7.3,16.9,13.86,16.01,12.5
2016,5,14,201605,14.64,15.43,12.61,16.35,12.23,9.35,10.22,5.45,2.9,4.33,7.32,10.55,14.48,13.11,18.83,18.79,23.94,15.85,13.47,16.17,21.58,6.57,7.08,17.56,13.82,14.6,12.99
2016,5,15,201605,10.45,10.44,5.72,10.53,5.55,7.23,6.06,2.77,4.19,7.26,7.59,8.15,8.73,6.98,15.95,13.59,21.94,12.43,8.91,13.42,17.74,7.14,7.29,16.41,11.8,13.04,8.9
2016,5,16,201605,3.13,5.04,3.73,7.12,5.4,10.3,8.08,6.19,9.04,10.33,9.02,10.36,8.42,7.54,16.03,11.88,22.7,13.49,10.87,15.63,19.25,6.71,6.77,14.11,10.49,13.01,8.17
2016,5,17,201605,5.52,9.29,8.23,10.35,9.22,11.25,10.75,8.28,8.77,10.67,10.32,10.85,11.81,9.94,20.18,17.17,25.1,16.91,14.82,18.09,21.08,4.49,7.02,14.25,10.34,13.6,9.79
2016,5,18,201605,8.02,10.45,7.7,11.33,9.08,11.91,11.41,8.11,8.35,11.06,11.89,11.79,13.7,11.18,21.46,18.78,25.48,18.26,15.92,16.33,18.04,5.07,8.83,14.36,10.25,15.34,12.42
2016,5,19,201605,11.01,10.89,10.01,12.93,10.9,12.75,11.62,10.27,10.35,12.67,12.64,13.49,14.08,12.31,22.17,18.3,25.95,18.81,16.24,16.65,17.61,7.06,10.42,14.93,11.17,15.11,9.42
2016,5,20,201605,12.13,12.56,11.14,14.06,11.75,13.61,12.88,12.29,12.47,14.35,13.15,14.44,14.27,13.19,21.34,17.42,25.89,19.81,16.97,18.5,19.95,9.16,9.68,16,11.46,11.15,6.35
2016,5,21,201605,13.53,13.58,12.61,13.08,12.14,14.6,14.35,14.04,14.53,15.31,15.72,14.66,15.69,14.34,21.98,19.44,25.81,20.42,16.87,19.98,22.54,11.14,10.25,14.26,10.14,8.5,7.58
2016,5,22,201605,13.67,12.39,13.46,12.84,12.36,15.98,14.28,14.18,15.71,15.94,18.27,16.22,14.01,12.93,19.9,18.6,24.63,17.46,15.95,20.67,24.02,10.64,7.5,12.18,9.59,8.98,7.1
2016,5,23,201605,14.68,14.17,14.75,15.2,14.08,17.56,14.82,14.18,16.56,17.73,20.05,17.98,13.58,13.58,17.98,15.72,22.02,17.69,16.65,20.76,23.89,8.5,5.82,12.39,10.13,10.13,7.79
2016,5,24,201605,14.88,14.06,14.63,15.94,15.22,19.11,17.26,16.71,18.83,17.37,19.1,20.04,16.03,15.93,19.45,17.36,23.28,19.55,18.26,22.93,24.52,9.08,6.99,12.65,11.07,10.71,8.96
2016,5,25,201605,16.24,16.18,16.04,18.03,16.53,22.14,19.67,17.92,19.36,17.37,21.02,22.35,18.15,17.86,21.56,19.83,24.4,21.66,20.48,24.94,24.68,8.89,7.29,12.4,10.72,11.37,10.07
2016,5,26,201605,16.54,18.65,18.24,19.77,18.86,23.03,21.8,20.04,19.57,17.28,20.58,24.41,20.39,19.48,23.13,21.87,23.34,23.16,22.74,25.48,24.64,8.94,8.52,11.84,10.95,12.36,10.03
2016,5,27,201605,16.66,19.06,20.35,20.93,21.23,23.18,22.56,20.81,19.03,16.27,17.35,23.33,21.82,21.16,22.6,22.57,23.47,23.08,22.75,23.48,22.84,6.87,8.69,12.87,10.36,13.47,8.1
2016,5,28,201605,19.83,22.07,21.79,22.63,22.31,22.95,23,21.56,19.66,16.86,16.44,21.97,22.17,22.05,22.22,21.83,24.46,22.95,22.02,22.41,21.65,7.08,8.08,14.68,11.33,14.75,7.27
2016,5,29,201605,17.79,21.58,22.6,21.93,22.57,22.32,22.66,20.78,18.63,16.94,18.26,21.45,21.32,21.63,22.81,21.96,25.2,23.49,22.2,23.59,24.14,10.23,9.26,15.44,13.37,15.37,10.39
2016,5,30,201605,16.57,19.09,21.15,21.4,21.04,20.87,21.52,17.87,18.1,17.76,19.85,21.41,21.18,20.73,23.46,21.46,25.51,24.22,22.79,23.52,23.85,11.27,10.49,15.45,14.1,16.24,9.99
2016,5,31,201605,19.17,20.43,18.09,21.88,20.03,21.59,20.87,16.63,18.23,16.71,18.61,21.21,21.4,20.96,24.55,22.67,25.79,23.56,22.28,23.34,24.04,10.13,8.17,16.23,14.14,17.47,11.56
2016,6,1,201606,15.74,17.07,15.65,20.9,18.6,21.98,20.79,16.27,17.9,13.9,16.5,21.9,21.61,20.83,24.88,23.42,25.73,24.43,23.44,23.29,22.97,9.59,9.58,17.25,14.43,18.55,13.74
2016,6,2,201606,14.93,16.37,18.61,19.36,20.58,19.98,22.09,17.41,15.05,14.98,17.66,20.29,21.81,21.28,25.47,23.64,26.09,24.45,24.01,22.79,22,11.55,12.56,18.19,15.17,18.48,13.41
2016,6,3,201606,14.84,16.13,18.89,18.51,20.39,19.68,20.41,15.59,16.05,18.02,19.29,20.39,22.43,21.32,25.66,24.84,26.7,24.14,23.47,22.68,21.41,12.8,12.36,19.3,16.06,18.75,13.89
2016,6,4,201606,17.21,18.61,17.77,20.28,19.93,20.12,19.48,16.32,17.69,17.22,18.66,21.21,22.68,21.23,25.64,25.39,26.79,24.16,23.63,22.95,22.07,12.81,13.42,19.85,17.17,19.64,16.77
2016,6,5,201606,16.32,17.21,18.06,20.97,20.81,19.32,20.25,16.14,16.69,17.35,17.37,19.05,23.16,21.38,25.81,25.37,26.98,23.55,22.76,21.7,21.88,13.68,15.47,20.99,17.91,19.66,18.67
2016,6,6,201606,16.4,18.3,17.72,22.25,18.77,19.59,19.23,15.06,14.98,15.33,19.1,19.64,21.86,20.14,24.98,24.48,26.73,23.63,21.87,22.1,21.47,14.73,15.66,20.31,17.96,19.15,18.82
2016,6,7,201606,16.51,18.49,15.74,20.74,17.75,16.77,17.36,12.34,12.23,13.97,17.83,18.59,20.78,19.1,24.18,23.66,25.82,23.22,20.94,22.91,22.88,14.94,16.31,18.99,17.96,19.42,18
2016,6,8,201606,13.94,15.08,11.35,15.38,11.4,15.48,14.09,10.27,11.96,16.02,20.64,18.31,16.29,14.36,21.86,20.2,26.27,20.16,17.32,22.97,23.52,15.22,17.21,20.02,18.5,19.2,16.89
2016,6,9,201606,8.52,11.01,9.37,13.66,11.57,18.18,15,11.89,15.44,20.93,23.04,21.76,14.14,13.01,21.77,18.14,26.14,19.92,18,23.36,24.07,15.66,17.03,20.8,17.83,17.41,12.2
2016,6,10,201606,9.35,10.97,10.96,14.11,13.27,22.98,19.36,16.53,20.06,23.71,24.28,23.56,17.04,16.14,24.12,21.03,26.61,22.54,20.79,24.43,25,16.8,15.86,20.54,17.77,16.28,10.6
2016,6,11,201606,12.29,13.12,13.65,17.49,18.65,24.52,23.48,22.31,24.38,23.22,24.63,24.35,21.03,20.65,25.75,23.24,26.99,24.83,23.2,25.47,25.63,16.46,15.28,20.81,17.01,15.57,8.65
2016,6,12,201606,13.41,16.34,15.59,22.02,19.63,25.25,23.02,15.66,17.57,21.63,24.66,25.49,23.28,22.32,26.5,25.75,27.14,25.75,25.11,25.89,26.21,16.24,12.63,19.06,16.34,15.79,9.25
2016,6,13,201606,11.01,12.63,11.28,15.03,12.68,22.67,17.09,12.52,16.31,20.65,23.35,25.6,18.17,15.34,26.96,23.68,27.73,25.76,25.99,25.76,26.56,14.94,12.68,17.73,16.13,15.59,10.9
2016,6,14,201606,12.32,14.22,12.48,16.25,14.51,25.27,19.8,15.87,19.59,20.14,23.33,25.9,18.81,17.65,27.16,23.41,28.02,24.9,25.1,26.08,26.78,12.83,12.49,16.87,14.92,14.41,8.2
2016,6,15,201606,14.6,16.64,15.22,16.99,16.24,26.65,22.69,17.01,21.2,20.29,23.46,26.88,20.83,19.6,26.36,25.51,27.73,25.81,25.31,27.87,26.92,13.77,11.08,17.01,14.8,12.71,6.6
2016,6,16,201606,14.87,18.06,17.77,18.82,19.85,24.71,24.16,17.89,18.67,21,25.52,26.58,24.15,22.43,26.35,26.11,27.37,27.18,26.38,28.1,26.79,14.27,11.72,16.77,13.9,11.52,7.57
2016,6,17,201606,14.46,16.9,17.27,18.95,19.42,21.98,21.03,18.24,19.25,22.4,26.14,26.48,21.06,20.38,26.71,24.8,27.58,26.01,25.01,27.42,26.37,15.11,11.37,17.64,14.68,13.86,8.56
2016,6,18,201606,15.34,16.63,16.99,18.89,17.99,21.47,20.14,20.14,21.18,22.36,25.9,24.11,18.63,18.69,24.47,21.48,27.2,24.72,22.82,27.34,26.64,16.27,14.35,18.77,16.14,15.15,10.06
2016,6,19,201606,17.22,17.25,18.67,19.84,19.49,23.26,21.1,20.53,20.75,23.15,24.65,24.63,18.15,18.66,23.23,20.38,25.57,23.99,23.05,26.45,26.34,17.39,13.98,20.92,17.23,16.9,8.85
2016,6,20,201606,19.17,18.39,19.94,20.9,20.59,25.17,23.75,21.59,21.66,19.86,24.76,25.17,19.49,20.23,22.39,20.84,24.84,24.14,22.9,25.6,25.24,18.67,14.36,23.19,19.25,19.56,12.69
2016,6,21,201606,18.25,19.59,19.02,22.61,21.95,23.97,23.72,17.08,16.97,18.52,24.36,25.91,22.17,22.06,22.41,22.36,24.57,24.48,23.36,25.87,25.34,18.98,17.05,23.51,19.32,19.83,13
2016,6,22,201606,14.75,16.59,14.99,21.89,18.6,24.27,20.38,15.89,17.5,20.11,24.57,26.54,22.33,20.87,24.32,24.15,25.57,25.52,25.35,26.39,25.73,18,14.86,22.95,19.43,19.85,13.35
2016,6,23,201606,13.98,16.2,15.39,19.78,18.39,26.86,24.64,17.03,18.12,18.11,22.5,26.58,23.27,21.47,25.73,26.22,27.07,26.31,26.24,26.86,25.94,17.35,16.34,22.33,19.53,18.45,13.4
2016,6,24,201606,14.83,17.51,15.53,21.14,18.76,23.02,22.96,16.79,17.58,20.2,24.16,24.33,24.01,22.75,26.41,26.27,27.36,26.62,26.77,26.96,25.69,17.91,16.19,21.91,18.26,17.47,10.82
2016,6,25,201606,16.85,17.33,17.96,19.86,20.4,24.38,21.78,19.11,21.43,23.24,24.93,25.97,23.09,22.06,27.26,25.88,27.59,26.5,25.9,26.48,25.82,17.11,12.03,21.57,17.42,17.67,10.64
2016,6,26,201606,18.86,18.61,20.66,19.35,21.52,26.26,24.07,21.58,23.1,19.7,23.82,26.31,21.58,21.89,26.97,24.58,27.61,27.27,25.75,27.17,25.84,15.81,13.03,22.19,18.28,19.63,14.12
2016,6,27,201606,19.8,18.96,20.67,19.7,21.13,24,24.76,19.62,18.76,18.62,24.33,25.95,21.76,21.94,26.35,24.38,27.06,27.12,25.62,27.46,25.77,16.55,15.72,22.96,19.17,20.82,16.87
2016,6,28,201606,19.48,19.39,20.3,22.03,21.39,21.78,21.01,15.12,15.29,17.74,22.77,23.7,23.87,22.51,26.67,25.37,27.2,25.94,24.68,26.61,25.96,17.32,17.57,23.49,19.6,21.33,17.29
2016,6,29,201606,18.74,20.25,17.75,22.34,17.96,17.72,17.55,14.42,16.4,18.98,22.99,20.85,21.94,20.3,26.37,24.8,27.22,24.31,22.98,25.13,25.61,17.02,17.99,23.48,19.76,21.16,17.03
2016,6,30,201606,17.88,19.98,16.74,20.44,16.51,18.32,16.89,16.33,17.65,19.23,23.31,21.69,21.19,18.31,26.15,25.27,26.95,22.68,20.99,24.84,25.75,16.45,17.7,23.27,19.71,20.34,16.11
2016,7,1,201607,18.76,19.75,17.15,21.85,18.53,20.79,19.22,15.46,14.94,15.67,21.22,22.98,23.08,20.4,25.62,25.06,26.88,23.44,22.03,25.76,25.96,15.45,17.15,21.61,19.12,20.3,15.07
2016,7,2,201607,17.77,19.22,16.26,20.9,16.69,16.41,16.94,14.66,15.77,16.84,20.2,18.82,22.05,19.71,25.91,25.56,27.49,24.67,23.69,25.98,26.36,14.56,17.01,21.4,18.87,20.31,15.95
2016,7,3,201607,14.76,16.74,15.69,17.9,16.12,17.22,17.71,17.13,17.68,18.67,20.64,20.23,21.12,18.64,27.23,26.38,27.8,25.2,24.02,26.6,26.84,14.82,17.31,21.57,18.99,19.58,15.63
2016,7,4,201607,16.73,18.45,17.22,19.91,17.68,20.48,19.23,18.44,17.73,20.81,22.03,22.93,20.96,19.35,27.2,26.31,28.28,26.25,25.59,27.28,27.5,15.87,16.24,21.72,19.13,19.33,13.01
2016,7,5,201607,19.23,19.9,19.81,22.71,21.2,24.01,23.23,20.75,21.43,22.96,25.19,25.9,25.11,23.22,26.74,27.2,28.44,26.56,25.6,27.79,27.54,16.78,14.69,21.47,18.46,18.15,12.06
2016,7,6,201607,20.31,22.31,21.69,24.67,23.14,26.7,24.99,22.77,24.43,22.25,26.01,27.16,24.14,23.69,26.51,26.22,28.51,26.77,25.69,27.86,27.52,16.77,14.24,20.84,18,17.29,12.12
2016,7,7,201607,19.36,23.28,23.19,25.47,24.52,25.02,25.44,22.69,22.3,20.94,25.77,26.4,24.56,24.52,26.92,26,28.36,26.95,25.83,27.59,27.3,15.98,13.44,21.18,18.2,17.47,13.66
2016,7,8,201607,18.73,22.51,22.55,25.96,23.54,25.66,25.5,21.99,20.96,19.64,24.36,26.94,24.64,24.34,27.13,26.7,28.56,27.02,26.21,27.37,27.26,16.44,15.24,21.28,18.91,18,13.11
2016,7,9,201607,16.3,18.24,20.31,23.28,22.58,21.56,22.42,18.79,18.67,20.76,24.72,24.68,24.35,23.53,27.8,27.11,28.65,27,26.49,27.7,27.28,17.26,16.95,21.33,18.94,18.11,12.93
2016,7,10,201607,15.13,17.49,17.97,21.98,19.59,21.92,20.64,18.11,19.04,23.39,25.86,25.53,22.07,21.34,26.73,25.25,28.3,25.69,23.97,26.82,27.13,17.42,16.12,21.24,18.25,16.83,11.39
2016,7,11,201607,16.11,17.53,17.4,21.14,18.88,24.44,21.76,20.44,22.62,23.93,25.81,25.8,22.36,21.06,26.4,25.25,27.75,25.27,24.3,26.51,26.94,15.89,11.64,20.3,15.91,16.05,10.96
2016,7,12,201607,18.56,18.97,19.26,21.26,20.41,25.51,24.13,23.46,24.65,20.74,22.99,25.83,23.8,22.31,26.3,26.03,28.21,25.91,24.99,26.65,26.58,14.41,11.97,19.85,16.83,16.9,13.06
2016,7,13,201607,20.45,21.05,22.2,22.51,23.19,25.63,25.22,23.46,21.6,20.07,24.27,25.75,24.59,23.41,26.63,26.3,28.14,26.28,25.35,27.05,27.16,15.91,13.62,20.37,17.67,17.88,13.39
2016,7,14,201607,22.21,21.75,22.94,24.7,23.96,24.99,25.31,21.76,19.75,18.57,22.71,26.27,25.16,24.74,27.3,26.81,27.95,26.67,25.98,27.45,27.38,15.54,13.96,21.77,18.62,19.73,14.73
2016,7,15,201607,22.26,23.88,21.85,25.96,23.11,21.86,22.73,17.99,17.24,17.81,21.64,23.87,24.92,24.22,26.63,26.56,27.53,26.36,25.54,26.83,27.12,16.37,15.31,22.45,19.29,20.09,14.25
2016,7,16,201607,20.72,22.76,19.74,24.28,21.19,19.85,20.9,17.02,17.26,18.58,21.84,22.6,23.91,22.7,26.11,26.23,27.24,25.89,25.29,26.61,26.37,17.01,15.39,22.26,18.94,18.9,13.11
2016,7,17,201607,20.21,22.74,20.01,24.85,21.24,23.06,21.63,18.67,19.92,21.58,24.81,25.82,23.61,22.11,26.36,25.84,27.57,25.46,24.73,26.78,26.46,17.4,14.86,22.3,18.66,18.25,14.27
2016,7,18,201607,20.56,23.58,21.46,25.09,22.69,26.63,25.18,22.03,21.03,21.27,25.16,26.96,24.62,23.54,26.58,25.85,27.52,26.29,25.79,26.94,26.6,17.64,17.13,22.36,18.83,17.3,15.22
2016,7,19,201607,18.67,21.86,18.79,23.81,21.02,26.64,24.4,19.21,21.03,23.5,26.07,27.74,24.66,23.72,27.01,26.56,27.12,27.08,26.66,27.33,26.61,17.96,18.14,22.96,18.76,17.37,14.44
2016,7,20,201607,14.8,17.22,16.42,20.46,18.21,26.27,22.78,20.02,22.73,25.6,26,27.41,23.7,22.3,27.61,26.35,27.43,27.41,26.76,27.57,26.66,18.53,18.19,23.08,18.96,17.8,14.61
2016,7,21,201607,18.15,19.19,18.78,22.02,19.49,27.09,24.24,23.79,25.92,26.8,26.84,27.5,22.81,21.46,27.52,26.14,27.78,27.45,26.28,27.75,26.42,18.83,17.93,23.72,19.67,18.93,16.11
2016,7,22,201607,21.14,22.37,22.49,24.17,22.72,28.48,26.6,25.87,26.88,26.15,27.57,28.14,24.4,23.61,26.96,26.37,27.28,27.58,26.71,28.16,26.61,19.21,18.93,24.26,19.86,18.84,16.02
2016,7,23,201607,21.23,23.97,22.11,25.79,24.25,28.46,26.86,23.7,24.38,24.99,27.22,28.31,25.51,25.06,27.28,26.79,27.19,27.37,26.94,28.19,26.97,18.96,16.87,24.22,19.31,19.49,13.96
2016,7,24,201607,19.18,20.6,20.06,24.78,22.47,28.53,27.16,23.6,25.02,22.79,25.36,28.13,26.18,25.95,27.15,27.15,27.16,27.49,26.6,28.07,27.4,18.34,15.74,24.02,19.49,20.22,14.98
2016,7,25,201607,20.25,22.51,21.89,25.68,25.27,27.37,27.53,24.11,21.45,21.69,23.7,27.18,26.17,26.26,27.27,27.01,26.9,27.22,26.84,28.04,27.55,18.32,17.64,23.7,20.04,20.44,17.59
2016,7,26,201607,21.66,23.9,22.19,26.69,23.78,24.71,24.86,21.32,21.92,22.82,23.4,24.76,26.49,25.43,27.27,27.43,27.41,26.67,27.15,27.24,26.88,18.2,18.7,24.06,20.36,21.34,18.2
2016,7,27,201607,21.19,22.43,20.66,23.69,21.51,25.14,24.87,22.64,22.77,21.91,24.77,25.5,26.33,24.87,26.83,27.56,27.92,26.1,26.64,26.87,26.47,17.93,18.37,24.54,20.47,22.41,18.03
2016,7,28,201607,21.91,23.3,21.81,24.57,22.66,25.1,24.34,21.08,20.87,19.8,23.63,25.65,25.94,24.36,27.24,27.85,28.27,25.62,24.41,26.73,26.35,17.74,18.2,24.7,20.84,22.42,19.13
2016,7,29,201607,20.93,23.17,21.89,24.54,23.12,24.23,23.87,19.72,18.18,19.69,21.94,24.5,24.64,23.04,26.61,26.1,28.34,25.56,24.07,26.64,26.15,16.84,17.66,24.36,21.15,23.11,19.54
2016,7,30,201607,19.85,21.63,20.02,24.95,22.16,22.86,23.56,19.62,19.66,20.31,22.12,23.48,24.28,23.19,26.54,26.35,28.29,26.19,25.27,26.59,26.28,17.32,18.71,23.92,20.97,22.9,18.43
2016,7,31,201607,18.28,20.59,19.18,23.98,22.21,23.25,23.78,20.34,20.07,22.3,24.25,24.39,24.44,23.44,27,26.55,28.05,26.41,25.53,27,26.44,17.88,18.3,23.53,20.63,21.66,14.7
2016,8,1,201608,18.5,19.53,18.53,23.22,22.19,24.36,24.11,21.34,21.13,23.82,25.79,26.05,24.77,23.74,26.99,26.65,27.68,26.45,25.56,27.41,26.53,17.82,16.84,22.85,20.15,20.65,14.44
2016,8,2,201608,18.4,18.51,18.93,22.7,22.06,25.23,23.99,21.62,22.11,24.34,26.46,26.97,24.41,23.24,26.2,26.35,27.46,26.98,25.98,27.63,26.44,18.4,17.4,22.97,20.42,20.36,14.62
2016,8,3,201608,18.75,18.49,19.18,20.69,21.11,25.54,23.96,22.92,24.42,24.06,25.81,27.45,22.66,22.06,26.65,25.34,27.36,27.15,26.12,27.9,27.1,18.22,17.17,22.72,19.65,19.94,12.38
2016,8,4,201608,19,18.41,20.25,21.03,21.35,25.55,23.94,23.86,24.57,23.07,25.4,27.31,21.52,20.77,26.16,23.92,27.5,27.28,25.53,28.37,27.22,17.65,14.3,22.76,18.9,19.17,15.09
2016,8,5,201608,19.93,19.25,21.42,22.35,21.61,26.65,24.76,23.19,21.43,19.64,22.28,27.26,22.25,21.38,26.08,24.6,27.15,27.27,26.46,28.13,27.15,14.5,15.67,22.87,19.36,18.8,16.38
2016,8,6,201608,20.6,21.99,22.2,24.17,22.89,23.06,24.51,20.37,19.15,19.37,20.83,24.12,24.05,23.2,26.93,26.06,27.28,27.02,26.39,27.79,26.92,15.57,17.37,22.64,18.9,18.18,15.19
2016,8,7,201608,18.28,21.02,18.81,23.8,19.78,21.64,21.45,19.45,18.79,19.94,21.41,22.92,24.32,22.43,26.81,26.44,27.12,26.45,25.3,27.65,27.18,16.58,17.69,22.76,18.58,17.79,13.81
2016,8,8,201608,16.56,19.41,18.47,20.82,19.26,21.85,22.02,19.48,19.54,20.72,22.41,22.2,23.33,21.06,26.22,26.15,26.7,25.92,24.48,27.26,27.6,17.42,16.84,22.53,18.22,17.69,12.26
2016,8,9,201608,16.4,20.01,19.24,20.94,19.56,23.19,23.22,20.61,20.96,22.73,24.82,24.33,22,21.62,24.81,24.92,26.31,26.08,25.06,27.22,27.73,17.8,15.89,21.93,17.91,17.46,11.92
2016,8,10,201608,18.38,19.63,21.49,24.65,23.27,25.31,25.32,23.43,23.94,24.22,25.94,26.76,24.37,23.75,24.46,25.48,26.66,25.11,24.98,27.93,27.86,17.24,15.04,22.48,17.64,17.51,12.86
2016,8,11,201608,22.39,24.93,24.37,27.16,25.19,26.54,25.77,24.46,24.25,24.76,26.56,27.27,25.46,25.03,26.2,26.08,27.46,24.45,25.09,27.98,27.7,16.87,14.5,22.18,17.89,18.13,15.74
2016,8,12,201608,22.63,26.02,24.86,27.49,25.73,26.32,25.94,24.18,22.36,22.2,24.9,26.96,26.1,25.39,26.69,26.57,27.39,24.51,25.6,27.67,27.98,15.04,14.66,22.15,18.27,19.46,17.61
2016,8,13,201608,19.98,25.83,24.4,27.97,25.86,25.43,25.67,22.28,20.79,20.21,21.57,24.96,26.3,25.81,26.59,26.75,27.27,24.72,25,25.4,26.76,14.48,15.33,21.94,18.39,20.47,18.45
2016,8,14,201608,21.42,25.99,24.25,27.99,24.93,23.15,23.94,20.9,19.83,19.53,21.49,22.48,26.16,25.25,27.23,27.37,27.22,25.3,25.01,23,24.51,14.68,16.19,21.77,18.01,21.18,18.28
2016,8,15,201608,20.85,23.97,21.35,25.86,22.7,22.67,23.65,20.87,20.4,20.46,21.34,21.73,25.44,24.48,27.03,27.35,27.4,25.62,25.22,23.82,23.5,15.05,17.28,22.4,17.72,20.27,17.55
2016,8,16,201608,19.29,22.34,20.93,25.76,23.71,22.73,23.37,22.26,21.98,21.37,22.1,22.71,25.97,24.78,27.36,26.67,27.49,25.7,24.84,24.05,22.95,15.73,17.16,22.52,18.1,19.35,17.79
2016,8,17,201608,20.43,23.94,22.02,26.26,23.01,23.49,22.36,22.2,22.52,22.16,23.22,23.91,25.75,24.11,27.39,26.92,27.36,25.89,25.49,24.64,23.15,15.55,17.72,22.15,17.96,19.36,17.6
2016,8,18,201608,19.03,21.09,20.17,22.74,21.93,24.87,23.6,22.24,22.72,22.42,23.52,24.49,24.54,23.25,27.26,26.65,27.39,26,24.86,25.03,23.95,15.2,16.74,21.82,18.18,19.77,18
2016,8,19,201608,19.19,22.11,20.92,24.68,21.71,25.04,24.16,22.56,22.76,19.41,22.06,24.08,23.14,22.81,26.94,25.65,27.77,25.97,24.28,25.43,24.79,14.29,13.64,21.14,18.09,19.65,18.37
2016,8,20,201608,18.72,21.35,21.03,24.49,22.18,23.69,23.94,21.9,19.87,16.07,17.08,23.36,23,22.55,26.57,25.45,27.87,25.46,24.18,25.12,24.98,12.06,12.82,20.97,17.76,19.57,17.66
2016,8,21,201608,19.21,21.31,21.76,24.42,21.73,18.5,21.29,18.4,15.29,15.39,16.85,18.82,23.24,22.16,26.59,25.73,28.09,25.29,23.25,23.28,24.25,13.53,14.93,20.64,17.71,19.58,16.69
2016,8,22,201608,18.42,20.79,17.62,22.45,18.56,17.55,18,16.76,15.88,18.64,19.97,18.68,21.28,19.87,26.06,24.4,28.14,23.7,20.8,22.93,23.9,15.12,15.5,20.61,17.38,19.34,13.65
2016,8,23,201608,14.65,15.91,15.6,18.06,17.35,19,18.84,19.21,19.32,21.41,22.53,21.33,20.06,19.07,26.19,23.62,28.65,24.03,20.77,25.59,25.44,14.92,13.07,20.19,17.45,18.8,12.42
2016,8,24,201608,18.94,19.56,19.11,20.28,19.08,23.78,21.03,20.17,21.95,19.95,22.27,25.71,21.67,20.93,26.43,24.73,27.6,25.85,24.42,26.85,25.51,13.79,12.23,19.95,16.23,18.41,13.72
2016,8,25,201608,20.36,20.8,20.59,21.68,21.87,25.83,25.4,22.08,19.67,16.68,19.56,25.46,23.17,23.04,25.33,24.1,26.73,26.82,25.8,26.44,25.33,12.21,11.21,20.43,15.86,18.08,14.84
2016,8,26,201608,21.95,22.92,22.91,25.83,24.65,24.17,25.11,19.34,16.97,16.03,18.57,24.31,25.57,25.27,25.46,25.49,27.06,26.86,26.76,25.96,25.21,12.74,12.11,20.17,16.08,17.45,15.52
2016,8,27,201608,19.24,21.25,19.51,23.2,21.26,25.03,24.46,18.8,17.25,17,20.83,25.04,25.88,24.45,26.29,26.11,27.17,26.74,26.71,25.67,24.99,12.87,13.1,19.56,16.31,17.62,15.67
2016,8,28,201608,18.75,21.36,21.25,22.57,22.41,25.81,25.63,21.67,19.92,20.5,23.14,25.69,24.24,24.2,25.87,26.03,27.45,26.37,25.76,25.76,24.98,13.86,14.62,18.1,16.39,18.04,15.09
2016,8,29,201608,19.17,21.21,20.96,23.16,22.27,25.51,24.8,21.12,22.18,22.89,23.37,25.78,22.98,23.58,26.37,25.23,27.05,26.56,25.66,25.8,24.58,14.57,15.75,19.27,16.99,18.73,16.07
2016,8,30,201608,16.54,18.17,18.11,21.08,18.93,25.52,22.63,21.76,22.69,21.2,23.03,26.01,23.35,21.94,25.58,24.67,26.19,26.22,25.13,26.22,24.28,13.86,17.08,20.73,17.06,18.84,15.96
2016,8,31,201608,18.62,19.87,19.42,22.8,19.92,23.82,23.24,20.04,16.98,19.2,22.1,24.76,24.02,22.11,24.9,25.01,26.23,25.35,24.6,26.17,24.67,14.72,17.36,21.24,16.91,18.77,14.7
2016,9,1,201609,18.93,20.81,18.88,23.29,20.55,19.42,20.02,16.29,15.96,18.78,19.71,20.92,23.73,22.3,25.88,25.12,26.98,25.42,24.53,25.39,25.02,15.21,17.18,22.05,17.41,18.04,13.77
2016,9,2,201609,15.72,18.19,15.72,20.03,15.82,17.02,16.98,15.38,15.43,18.06,18.75,18.04,20.75,17.97,24.69,23.85,27.07,23.34,21.1,23.43,24.74,15.35,15.95,21.96,16.86,17.04,11.61
2016,9,3,201609,14.84,17.28,15.17,19.42,16.45,17.26,17.45,16.18,15.57,18.67,19.71,17.87,18.36,17.32,22.79,20.66,26.6,21.87,19.22,21.84,24.37,15.65,13.86,21.2,16.57,16.2,10.02
2016,9,4,201609,15.87,16.61,16.61,18.92,17.09,19.59,18.56,17.5,17.33,19.56,21.63,19.62,18.7,18.39,23.93,21.14,26.63,23.39,21.87,22.9,24.73,15.54,12.12,18.45,16.26,13.86,10.03
2016,9,5,201609,16.24,16.53,18.07,19.25,18.39,22.44,20.78,19.35,20.05,19.48,23.79,22.82,18.94,19.15,23.44,20.87,26.06,24.31,24,25.56,25.26,14.44,9.61,17.25,14.66,13.65,9.83
2016,9,6,201609,17.52,18.86,18.51,19.7,19.84,25.56,24.11,23.36,23.64,20.41,24.31,25.97,21.02,21.19,22.54,21.9,25.19,24.48,23.89,26.3,25.45,14.71,9.8,18.38,15.32,14.86,10.36
2016,9,7,201609,20.4,20.96,21.05,22.23,22.45,25.87,25.2,23.7,23.04,19.08,24.39,25.92,22.99,23.15,23,23.21,25.31,24.66,24.03,26.58,26,14.75,11.51,19.62,15.38,17.12,11.81
2016,9,8,201609,20.67,21.71,22.46,23.49,24.22,25.85,24.8,22.67,20.68,18.62,23.5,26.03,23.77,23.74,23.09,23.81,25.47,24.6,24.17,26.84,26.2,13.97,11.3,19.7,15.91,18,12.31
2016,9,9,201609,22.28,23.97,23.52,25.95,24.1,23.25,24.11,19.34,17.03,17.05,22.99,25.38,23.61,23.44,23.13,23.73,26.32,24.43,23.96,26.54,25.61,13.34,9.69,20,15.87,18.28,10.99
2016,9,10,201609,19.56,21.67,20.72,25.16,23.41,22.65,23.76,18.7,17.46,14.54,15.36,22.49,23.7,23.59,23.38,23.83,26.41,24.65,24.04,24.63,24.46,9.28,9.67,20.16,14.87,18.2,13.04
2016,9,11,201609,19.77,22.18,20.13,24.14,20.72,16.5,18.36,16.04,14.25,15.48,15.85,16.35,22.54,21.36,25.51,24.16,26.87,23.79,21.64,20.72,22.52,12.28,12.33,20.37,16.26,18.12,12.89
2016,9,12,201609,13.14,14.96,14.46,17.88,15.84,16.64,16.95,16.84,16.15,16.31,19.17,17.61,19.42,17.53,25.71,24.33,26.8,22.51,19.23,21.91,24.01,13.89,9.96,19.17,16.05,16.09,9.76
2016,9,13,201609,15.91,16.71,16.83,19.3,17.92,18.81,18.23,17.72,17.95,12.89,16.42,20.61,22,19.76,25.14,24,26.12,23.61,21.97,24.63,25.09,11.1,7.24,18.53,14.26,13.16,8.91
2016,9,14,201609,17.09,19.52,18.1,22.14,19.51,21.46,19.62,16.71,13.86,11.45,15.19,22.41,22.6,20.74,24.28,23.54,26.12,24.29,24.08,24.9,24.96,11.34,9.46,17.85,13.29,12.36,10.29
2016,9,15,201609,11.5,14.31,12.26,18.99,15.83,21.29,19.58,15.14,15.2,15.78,20.3,23.45,21.23,19.69,24.35,23.64,26.56,24.63,23.45,25.44,25.03,11.49,9.79,16.2,13.3,13.48,11.14
2016,9,16,201609,12.64,14.12,12.97,16.51,15.73,22.84,19.84,16.62,18.89,18.07,20.13,23.76,20.64,19.47,24.98,23.28,26.84,24.7,23.72,25.19,25.29,9.29,10.14,15.7,13.46,14.8,12.88
2016,9,17,201609,14.06,15.03,17.27,18.38,19.05,23.07,22.65,20.07,17.85,16.02,17.68,22.5,20.65,21.18,24.57,23.06,26.44,24.68,23.52,24.98,25.38,9.75,11.14,16.38,13.85,16.04,13.42
2016,9,18,201609,18.51,20.5,20.69,22.34,21.46,19.76,21.73,18.56,15.94,16.67,19.15,20.6,22.64,22,25.14,24.16,26.64,24.42,23.61,25.14,26.19,11.07,12.4,17.53,14.99,17.52,12.37
2016,9,19,201609,19.72,21.99,20.62,23.24,21.96,19.39,20.58,18.17,17.73,17.63,21.42,21.65,23.24,22.52,25.09,24.83,26.88,24.6,23.42,25.71,26.52,13.39,12.12,18.46,15.67,18.77,11.09
2016,9,20,201609,19.09,21.01,18.93,22.35,20.18,21.24,19.76,18.32,16.91,16.54,22.78,23.95,21.33,21.04,24.74,23.23,26.74,23.08,21.17,25.75,26.11,14.33,12.72,19.63,16.24,18.13,9.94
2016,9,21,201609,17.84,20.17,17.78,22.05,19.08,22.54,20.48,18.01,18.1,17.53,23.63,24.58,21.17,20.15,25.33,21.84,27,22.94,21.64,24.49,25.35,14.05,11.92,19.13,16.46,16.75,9.63
2016,9,22,201609,15.42,18.25,17.59,20.08,18.67,22.01,21.22,19.28,20.34,17.05,22.54,22.8,20.9,20.02,23.55,20.95,26.77,23.79,21.95,23.88,24.47,14.22,11.05,19.98,15.18,13.1,9.2
2016,9,23,201609,15.41,18.35,18.07,20.08,19.28,22.35,21.8,18.15,17.71,16.78,21.86,22.86,21.25,20.56,23.51,22.05,26.77,24.57,23.05,24.48,24.51,13.83,9.46,15.74,11.93,10.61,8.35
2016,9,24,201609,9.88,14.29,13,18.95,17.3,22.48,20.9,14.36,16.78,19.03,21.56,23.08,21.71,20.54,24.75,23.45,26.88,24.69,23.72,25.46,24.92,8.72,8.07,12.56,10.8,13.73,9.29
2016,9,25,201609,7.64,9.75,8.49,14.05,11.08,22.22,17.87,14.15,17.37,16.82,17.18,23.25,20.15,17.66,25.09,23.2,26.52,24.49,23.62,24.44,23.27,6.5,7.38,13.24,10.41,15.65,11.25
2016,9,26,201609,8.28,9.9,10.48,13.84,13.03,17.81,17.68,15.3,12.93,11.16,12.56,16.56,19.96,17.86,23.67,22.5,25.91,23.35,21.48,20.64,19.73,8.3,10.06,15.15,11.68,17.24,14.9
2016,9,27,201609,11.82,15.53,14.77,19.04,14.94,12.48,12.75,11.62,9.4,11.17,14.68,13.64,19.87,16.87,23.64,22.44,25.88,20.09,17.22,18.05,18,10.73,12.61,15.21,12.58,18.06,15.59
2016,9,28,201609,12.42,15.92,13.01,18.1,13.13,12.86,11.88,12.3,11.07,12.05,15.59,14.41,18.83,15.33,24.09,22.91,25.94,19.01,15.94,19.24,19.46,12.01,13.43,17.48,14.38,17.92,13.58
2016,9,29,201609,10.33,13.85,13.88,17.93,15.99,13.81,13.83,14.76,12.79,12.92,12.78,13.95,19.19,16.92,22.02,22.85,25.58,16.39,13.92,16.69,19.82,11.91,13.58,18.69,15.16,17.3,13.04
2016,9,30,201609,9.34,12.22,11.81,16.57,13.69,15.25,15.35,15.37,13.06,13,13.19,14.68,16.37,15.46,17.81,21.73,24.26,14.99,14.04,15.75,17.21,11.59,13.74,18.82,14.68,15.91,12.04
2016,10,1,201610,10.8,13.17,11.62,17.09,14.42,15.89,14.98,14.83,14.77,14.64,14.86,16.54,17.86,16.33,16.64,19.67,23.67,16.77,16.06,17.93,18.66,11.5,13.31,17.98,13.99,13.6,8.78
2016,10,2,201610,10.91,13.9,13.58,17.76,14.59,16.47,15.47,15.19,14.85,15.98,16.42,17.79,18.41,16.41,18.52,19.71,24.11,18.65,18.11,19.27,19.84,11.96,11.34,17.29,12.39,11.38,6.91
2016,10,3,201610,12.59,14.88,14.03,17.52,14.79,17.65,16.6,15.03,14.78,16.3,17.49,18.18,17.97,16.42,20.75,19.53,24.73,19.12,18.53,19.39,20.68,11.61,9.24,15.16,10.38,8.81,6.45
2016,10,4,201610,11.36,14.39,14.04,17.28,14.64,18.88,17.67,16.22,15.3,16.35,17.45,18.41,17.33,16.45,21.95,19.61,25.29,20.12,19.5,20.43,22.31,5.21,5.06,11.12,7.99,10.34,7.15
2016,10,5,201610,11.88,11.68,13.68,15.19,13.94,19.77,18.39,17.43,16.61,12.71,14.81,20.19,16.49,15.92,20.37,19.06,24.78,21.31,19.54,22.9,22.52,3.85,3.93,12.28,7.98,10.58,7.41
2016,10,6,201610,12.18,12.66,13.34,14.84,13.28,20.83,18.68,17.64,13.69,8.4,14.8,21.88,15.92,15.04,21.07,19.26,24.2,20.28,19.01,23.87,23.59,5.23,3.52,13.27,8.51,10.64,7.39
2016,10,7,201610,14.47,13.99,14.42,15.32,14.41,18.51,17.9,17.41,12.77,6.18,9.45,17.94,17.22,15.66,21.32,19.67,24.29,20.53,18.8,20.82,21.95,3.14,3.58,12.67,8.29,12.37,9.14
2016,10,8,201610,13.44,13.67,14.42,16.02,15.86,10.68,13.99,9.43,5.1,5.69,10.13,11.16,19.32,17.03,22.15,21.43,25.25,18.68,17.38,16.02,18.59,6.08,6.26,15.27,10.25,14.23,11.08
2016,10,9,201610,12.55,15.07,10.85,15.96,10.82,12.32,9.98,8.14,7.17,7.96,12.68,12.59,14.41,12.08,19.03,17.1,24.12,14.25,12.25,14.53,17.81,8.75,9.01,17.02,12.18,15.06,12.14
2016,10,10,201610,6.33,7.83,6.03,9.41,7.47,14.1,10.99,9.63,10.37,12.12,15.02,13.75,10.05,9.33,14.81,12.16,21.32,14.23,12.84,15.75,17.3,9.83,8.82,17.25,12.63,14.91,9.69
2016,10,11,201610,6.44,7.22,7.02,9.47,7.5,16.26,12.5,12.85,14.26,11.23,15.58,15.53,10.23,10.08,15.08,12.24,21.54,15.88,14.42,17.93,19.2,10.08,5.45,16.77,12.7,13.75,6
2016,10,12,201610,9.21,10.47,10.83,12.7,11.32,16.14,15.09,14.2,11.56,6.36,11.25,16.52,12.34,12.82,16.17,14.54,22.77,16.5,14.69,20.37,21.41,7.82,2.33,15.92,11.98,12.97,5.3
2016,10,13,201610,10.97,12.62,11.48,14.39,11.89,10.6,13.92,8.93,4.94,4.14,7.11,10.63,14.14,12.98,18.27,17.06,23.26,17.69,15.77,18.01,20.96,7.11,4.81,14.87,11.56,12.88,8.21
2016,10,14,201610,7.43,9.43,6.68,10.99,8.22,10.83,10.71,7.74,6.18,8.91,12.78,13.18,13.1,11.41,19.31,17.05,23.17,18.79,16.36,19.5,22.03,9.41,8.65,15.09,12.11,13.52,8.77
2016,10,15,201610,4.2,6.89,7.45,10.16,9.07,16.9,13.83,12.3,14.23,15.23,17.61,19,13.33,12.69,20.29,17.19,23.74,19.87,18.99,21.51,22.81,10.72,8.52,15.14,12.19,13.21,7.77
2016,10,16,201610,8.33,10.03,13.1,12.22,14.2,20.18,17.96,16.59,16.34,13.56,18.48,21.65,15.38,15.56,20.62,17.32,24.05,21.07,19.24,23.02,22.88,10.68,9,15.26,12.3,12.96,7.65
2016,10,17,201610,13.97,16.29,16.44,17.59,17.13,22.08,20.44,16.94,17.59,14.76,18.37,22.41,17.64,17.95,20.62,18.85,23.75,21.7,20.1,22.98,22.71,10.27,6.31,15,10.88,11.63,6.99
2016,10,18,201610,12.07,18.12,17.76,18.87,18.09,21.84,21.29,18.02,15.82,11.64,14.11,21.48,18.73,18.68,21.68,19.91,23.64,23.1,22.03,23.15,22.33,6.5,4.19,15.22,9.41,10.25,6.27
2016,10,19,201610,15.7,18.71,17.42,20.42,19.18,15.93,18.75,12.62,9.88,8.42,11.4,17.28,20.11,20.37,21.51,20.41,23.41,23.15,22.03,22.04,21.93,4.58,3.33,14,8.26,10.15,5.73
2016,10,20,201610,10.12,13.54,11.66,18.55,16.4,12.78,14.54,10.68,6.83,6.25,9.6,14.01,20.56,20.3,21.33,20.53,22.91,21.67,21.42,20,20.29,2.31,2.22,11.86,7.05,11.68,8.05
2016,10,21,201610,12.34,16.23,13.43,19.47,16.25,8.05,11.17,7.82,4.52,6.48,8.92,8.43,18.32,16.86,19.17,19.06,22.13,15.15,13.01,13.43,14.78,4.95,5.19,13.77,8.4,13.23,8.3
2016,10,22,201610,13.91,13.54,7.12,11.92,7.12,7.59,7.36,6.15,6.06,8.8,11.58,9.18,10.15,8.71,11.07,11.12,17.23,9.49,8.1,11.93,14.53,7.64,6.44,15.86,10.7,13.22,7.28
2016,10,23,201610,5.52,6.52,5.21,8.85,7.48,11.77,9.72,8.44,8.57,9.42,13.18,13.34,8.04,8.22,9.69,8.82,14.27,10.96,9.86,14.24,16.8,9,6.15,16.06,11.57,11.93,7.42
2016,10,24,201610,3.92,7.86,6.21,11.47,9.47,11.18,11.31,7.71,5.96,6.54,10.94,13.15,12.13,11.7,13.58,12.75,17.28,13.78,13.04,16.73,19.59,8.51,7.17,16.45,12.25,13.3,9.6
2016,10,25,201610,2.87,4.65,3.48,7.3,5.41,8.48,6.84,5.55,4.99,7.12,14.15,12.76,8.88,7.35,15.2,12.62,18.9,14.07,12.24,18.28,20.63,9.57,8.24,16.73,12.05,12.65,8.78
2016,10,26,201610,2.38,2.69,1.79,5.15,3.69,10.63,7.61,4.83,5.96,8.75,16.47,15.52,8.33,7.05,16.27,11.64,21.02,14.89,13.49,18.25,20.34,8.57,7.87,16.24,11.81,13.32,8.71
2016,10,27,201610,2.27,2.55,1.06,6.41,5.96,12.57,11.86,5.77,6.3,9.75,14.1,15.76,11.37,10.95,19.79,15.62,22.28,18.41,16.99,19.47,20.59,8.98,9.23,16.88,11.79,13.34,9.44
2016,10,28,201610,4.63,7.68,3.77,9.96,6.86,12.12,9.04,6.37,8.34,12.54,16.23,15.56,13.73,10.96,19.47,17.92,22.54,18.24,16.38,20.13,20.18,10.48,9.73,17.15,12.34,13.48,7.9
2016,10,29,201610,4.52,6.41,5.13,6.8,8.05,18.2,14.52,13.07,13.58,11.85,17.07,19.19,12.47,11.5,19.22,16.5,22.24,18.67,17.37,19.78,19.74,10.73,7.17,16.82,11.58,12.72,7.45
2016,10,30,201610,7.91,12.19,11.25,16.57,15.28,16.38,15.98,10.17,8.77,6.86,12.74,17.16,16.3,16.33,19.53,17.97,22.59,18.9,18.01,19.09,19.62,9.32,7.54,16.9,12.26,13.02,7.6
2016,10,31,201610,5.11,7.83,5.3,11.44,7.85,13.36,10.94,7.01,6.55,8.53,14.08,16.52,14.38,11.99,19.35,17.56,22.35,19.03,18.74,19.81,19.66,9.95,7.52,15.76,10.2,10.24,6.91
2016,11,1,201611,2.77,4.5,4.41,8.02,6.93,18.44,16.32,12.65,12.7,10.88,14.39,18.88,12.31,12.54,19.41,16.75,22.09,19.67,19.46,19.69,20.35,7.27,4.26,13.04,8.79,8.75,6.27
2016,11,2,201611,7.49,9.57,11.3,13.25,13.4,17.93,17.62,12.48,9.54,9.63,14,19.59,15.65,15.99,19.92,17.77,22.19,19.32,18.17,21.21,21.62,5.95,4.06,10.76,7.83,8.91,6.41
2016,11,3,201611,10.15,13.73,13.14,15.48,14.76,17.16,17.08,11.21,9.56,9.21,12.65,19.29,17.75,16.52,20.95,18.88,21.98,20.37,19.56,21.78,21.82,5.4,4.69,11.35,8.28,10.1,8.01
2016,11,4,201611,6.72,9.72,7.26,11.79,8.68,12.12,10.87,7.81,8.2,9.71,11.88,13.99,14.25,11.88,19.49,17.12,21.59,18.74,17.02,19.52,19.8,6.06,5.66,12.76,8.76,11.35,7.95
2016,11,5,201611,2,4.49,5.32,7.04,5.83,10.6,8.81,9.42,9.82,10.42,11.61,11.1,8.33,7.75,14.61,10.9,20.85,13.14,10.98,15.13,18.48,6.71,5.8,12.3,8.86,11.67,8.44
2016,11,6,201611,4.32,7.23,6.38,9.38,7.93,11.75,10.59,10.61,10.91,11.16,12.37,11.16,9.19,9.02,12.43,10.27,19.12,13.54,11.88,14.36,17.85,6.89,5.76,12.73,9.07,11.49,7.78
2016,11,7,201611,2.39,4.02,3.81,5.35,5.97,11.39,10.78,11.02,10.08,11.18,11.83,10.97,8.43,8.49,13.92,10.28,20.47,13.94,12.78,15.94,18.15,6.12,5.05,12.87,8.81,12.21,7.84
2016,11,8,201611,4.34,4.94,6.19,6.19,7.45,13.23,11.24,10.01,9.51,8.11,10.02,14.22,8.27,9.13,12.33,8.77,20.25,14.75,12.4,16.38,17.5,4.97,5.77,12.79,8.78,13.41,10.07
2016,11,9,201611,6.48,7.86,8,9.25,9.35,8.68,9.57,7.04,5.24,6.89,7.42,9.6,10.45,9.77,15,11.67,20.16,14.1,12.48,15,14.69,4.56,7.2,11.77,7.6,13.66,10.12
2016,11,10,201611,3.01,5.96,4,8.15,4.96,6.96,6.44,7.76,6.69,8.14,7.9,7.76,7.8,6.68,11.12,9.43,18.46,9.87,8.15,11.3,13.76,5.16,7.05,10.59,7.53,13.26,9.48
2016,11,11,201611,4.18,6.26,5.4,8.14,6.41,8.27,7.67,6.39,5.45,4.86,8.12,8.76,7.76,7.26,10.43,9.06,16.99,9.85,8.31,12.52,14.11,4.27,5.52,10.58,7.91,12.96,9.63
2016,11,12,201611,0.15,1.86,0.65,3.36,1.56,4.73,4.04,2.68,1.95,3.54,4.4,5.52,5.83,4.28,11.31,9.23,16.38,9.93,8.32,10.97,13.73,3.69,6.1,10.87,7.41,12.52,9.85
2016,11,13,201611,2.98,3.78,3.19,3.78,2.03,4.1,3.33,4.6,3.29,6.35,6.35,5.21,3.47,3.51,11.59,5.97,18.4,8.27,6.28,9.19,13.97,4.04,5.38,11.26,7.04,11.65,6.08
2016,11,14,201611,4.3,4.69,3.98,5.55,3.2,6.53,4.41,6.44,5.89,7.1,9.53,8.66,4.89,5.08,10.46,9.17,18.97,10.49,8.85,11.27,14.8,4.46,5.11,10.9,7.45,12.1,7.07
2016,11,15,201611,5.51,6.27,4.54,8.36,5.26,9.6,8.24,7.44,5.47,7.71,10.65,11.22,7.47,7.28,11.08,10.05,16.7,11.43,10.19,14.57,15.67,6.2,5.83,11.53,7.69,11.73,7.1
2016,11,16,201611,8.95,8.98,5.95,7.69,6.5,9.58,9.16,7.7,5.79,6.8,11.18,12.09,8.43,8.62,12.57,10.38,16.55,13.28,12.23,15.31,15.79,6.98,4.65,11.72,7.66,8.96,3.12
2016,11,17,201611,7.96,8.24,6.39,8.58,6.63,12.3,10.26,8.29,8.04,5.83,10.46,14.63,9.56,9.07,13.54,11.33,16.17,13.93,13.15,15.83,15.98,3.56,-0.66,8.82,3.99,4.72,1.26
2016,11,18,201611,6.13,7.19,6.78,7.85,8.31,14.2,13.23,11.55,10,2.14,4.77,13.52,10.81,10.73,14.25,12.55,17.6,15.36,14.4,15.8,15.96,-3.91,-4.14,3.52,-0.16,4.9,1.07
2016,11,19,201611,5.95,7.4,8.42,9.62,8.53,3.41,6.42,5.99,0.3,-2.31,-1.34,2.43,10.16,8.74,12.76,12.22,18.01,10.75,8.66,6.54,7.11,-3.47,-2.86,6.44,1.2,7.08,3.21
2016,11,20,201611,5.24,5.43,2.55,4.74,0.72,-1.45,0.05,-0.84,-3.97,-3.08,0.17,0.25,1.83,0.69,4.27,4.18,12.35,2.55,0.69,4.29,6.59,1.8,0.93,10.63,5.09,8.78,5.29
2016,11,21,201611,0.39,-1.02,-2.8,0.87,-1.47,-1.35,-0.87,-1.43,-3.32,-2.62,3.43,1.56,-0.15,-0.84,3.32,2.29,9.1,2.77,0.69,6.6,10.44,4.58,2.46,11.03,6.77,8.14,4.39
2016,11,22,201611,-1.56,-1.09,-2.57,1.02,-0.87,1.41,-0.13,-1.26,-1.95,0.41,6.64,4.81,-0.17,-0.63,5.47,2.87,11.15,4.98,2.85,10.96,15.71,2.36,0.69,7.11,3.8,6.27,2.45
2016,11,23,201611,-1.15,-1.04,-3.29,0.43,-1.45,5.04,2.61,0.39,1.67,0.58,5.1,8.41,3.13,1.9,9.23,5.88,16.54,9.39,8.25,13.91,14.4,-1.73,-1.72,6.65,2.28,6.35,2.76
2016,11,24,201611,-1.05,0.97,-0.84,4.19,2.47,5.65,6.96,3.77,2.21,-0.17,3.28,5.53,7.2,6.95,16.38,12.85,20.41,14.15,12.79,10.96,11.93,-1.76,-1.82,6.26,1.41,4.81,1.86
2016,11,25,201611,1.24,5.29,2.04,8.27,4.99,3.91,4.31,4.03,1.53,0.78,3.38,5.58,10.9,8.65,17,15.56,20.21,12.12,10.76,10.54,13.09,-3,-2.47,4.87,0.68,5.07,3.34
2016,11,26,201611,2.59,5.51,2.42,8.15,4.22,3.31,3.7,3.65,1.33,0.94,3.43,4.47,7.79,5.5,11.9,12.47,18.86,8,6.03,8.98,11.8,-1.82,-1.47,6.73,1.85,5.75,3.99
2016,11,27,201611,1.42,3.11,1.35,4.45,2.9,3.94,3.33,3.14,1.27,0.81,5.56,5.81,2.99,3.51,7.61,5.09,15.71,5.5,4.36,9.22,14.18,-0.58,-1.37,7.12,3.39,4.76,2.58
2016,11,28,201611,0.18,1.65,1.51,4.56,2.16,7.54,4.78,4.02,5.24,3.56,7.66,11.05,3.85,3.99,11.78,6.9,18.86,10.74,8.82,13.78,15.4,-3.26,-2.56,2.79,-0.16,4.7,1.56
2016,11,29,201611,0.27,3.93,4.17,8.8,7.39,9.84,10.2,7.69,6.31,2.06,3.11,8.58,11.68,10.63,18.8,16.09,21.87,16.57,14.36,12.47,11.78,-5.44,-4.36,1.83,-2.15,3.86,0.34
2016,11,30,201611,3.98,10.07,7.08,12.26,10.15,5.91,10.81,6.71,3.02,-0.17,1.34,4.76,15.06,12.93,20.19,18.83,23.19,17.64,15.52,9.65,9.47,-7.35,-6.53,-0.9,-3.9,3.36,0.41
2016,12,1,201612,4.34,9.9,6.79,11.39,7.45,3.24,4.29,3.78,2.22,-0.75,-0.35,2.48,11.13,8.01,13.31,15.33,20.37,7.2,5.8,5.25,7.24,-7.91,-5.16,0.43,-2.36,3.56,0.19
2016,12,2,201612,2.65,4.6,2.73,5.06,2.55,3.34,3.42,2.54,0.11,-1.85,0.01,2.78,3.64,3.26,6.59,6.47,16.12,5.84,3.93,6.84,10.23,-6.11,-5.26,2.17,-1.51,2.29,-0.64
2016,12,3,201612,1.23,3.06,1.51,4.85,2.86,2.6,2.97,2.45,-0.99,-1.74,0.49,3.02,3.62,3.18,6.76,4.84,14.67,6.38,4.4,8.04,10.2,-6.32,-5.76,1.98,-2,2.88,1.07
2016,12,4,201612,-1.37,0.44,-0.15,3.56,1.56,2.79,1.85,1.76,-0.77,-0.56,2.47,5.12,3.03,2.36,10.13,6.29,18.91,8.29,5.99,9.03,8.82,-6.39,-4.61,1.6,-1.5,5.16,1.58
2016,12,5,201612,-3.6,-0.2,-0.43,4.62,2.6,2.39,3.03,1.99,-0.22,-1.45,2.35,3.73,5.78,4.75,14.81,10.32,22.45,10.46,7.41,8.25,8.14,-2.46,-5.35,3.09,-0.25,5.2,-3.1
2016,12,6,201612,-1.57,1.28,0.95,3.66,1.39,2.34,2.69,1.77,0.3,-4.91,-1.26,3.54,6.04,3.86,14.96,10.47,22.84,11.84,9.81,8.43,8.39,-8.11,-12.58,3.86,-1.81,3.46,-3.6
2016,12,7,201612,-2.18,1.99,1.32,6.83,2.89,-1.51,0.5,-1.04,-5.6,-9.83,-5.75,-0.86,6.28,4.77,12.62,9.06,19.44,8.14,5.35,5.97,7.87,-9.49,-13.99,4.18,-2.69,2.23,-7.59
2016,12,8,201612,-0.44,2.11,-0.14,3.2,-0.21,-4.65,-2.87,-2.51,-6.07,-10.37,-9.15,-4.5,3.39,0.63,9.64,8.65,16.89,4.33,1.35,2.24,5.44,-13.6,-15.34,3.91,-3.95,3.73,-7.44
2016,12,9,201612,-3.21,-1.3,-3.3,-0.39,-3.14,-5.21,-4.06,-2.96,-7.05,-13.06,-9.72,-6.8,-2.4,-3.52,2.46,1.12,12.73,-1.01,-3.6,-1.69,0.93,-6.98,-10.51,5.15,-0.65,7.21,-2.83
2016,12,10,201612,-8.02,-4.51,-5.4,-1.14,-3.82,-4.91,-4.35,-5.21,-9.42,-14.06,-5.63,-3.44,-4.02,-4.03,0.86,-1.39,11.48,-1.29,-3.59,0.41,4.01,-2.85,-5.96,6.57,2.14,8.84,-0.28
2016,12,11,201612,-8.52,-4.95,-5.45,-2.68,-4.64,-1.49,-2.44,-5.02,-6.81,-11.04,-0.87,1.26,-2.39,-2.59,2.85,0.04,15.4,1.73,-0.64,6.52,10.64,-0.11,-6.21,7.1,3.21,8.18,-1.33
2016,12,12,201612,-4.22,0.76,-1.84,4.13,-0.25,-0.92,0.79,-1.58,-6.59,-12.43,-3.05,1.18,5.35,4.12,12.75,9.85,20.24,10.95,8.35,9.97,11.9,-3.65,-7.61,7.69,1.84,6.72,-1.63
2016,12,13,201612,-3.66,0.11,-1.65,1.64,-2.22,-3.57,-2.69,-6.81,-12.9,-14.49,-4.89,-0.09,4.92,1.78,15.28,10.1,20.98,10.57,7.26,9.7,12.45,-5.38,-10.55,8.02,1.1,6.41,-4
2016,12,14,201612,-3.23,0.29,-3.58,2.39,-2.79,-8.55,-7.4,-10.83,-15.63,-14.92,-7.02,-4.23,5.13,1.14,15.45,10.25,20.62,9.06,4.08,6.1,10.01,-5.01,-11.04,8.65,3.17,8.48,-5.67
2016,12,15,201612,-8,-4.38,-8.31,-3.18,-8.05,-11.21,-11.19,-10.68,-17.98,-18.32,-7.74,-7.32,-1.61,-5.78,9.01,5.13,18.61,1.73,-2.6,1.96,8,-3.22,-7.32,8.96,3.89,9.56,-3.33
2016,12,16,201612,-17.64,-11.22,-12.15,-6.99,-10.31,-8.52,-10.9,-10.84,-14.34,-14.08,-4.36,-4.98,-7.97,-9.59,2.88,-2.44,14.81,-0.34,-3.75,4.11,11.53,0.35,-6.76,9.26,4.92,7.55,-5.92
2016,12,17,201612,-10.77,-4.42,-6.87,-1.32,-5.27,-0.75,0.01,-7.05,-9.97,-16.73,-9.02,1.95,0.37,0.51,11.55,6.02,20.66,14.1,10.3,13.39,15.34,-7.81,-16.18,5.69,-1.02,0.81,-11.6
2016,12,18,201612,-0.58,3.49,-0.69,5.98,2.28,-10.25,-1.86,-8.45,-19.08,-22.2,-15.5,-11.28,11.05,8.59,17.18,15.54,22.23,10.56,6.88,-0.84,1.38,-16.04,-17.23,-0.8,-8,-0.96,-9.86
2016,12,19,201612,-11.27,-5.73,-10.21,-2.11,-5.79,-16.35,-8.85,-12.39,-20.31,-14.22,-11.87,-14.45,1.32,-2.23,12.31,9.18,21.26,-0.32,-2.73,-6.28,-3.08,-12.07,-11.94,-0.51,-7.21,-0.31,-5.76
2016,12,20,201612,-12.65,-6.76,-8.43,-2.87,-5.85,-10.46,-6.87,-8.21,-10.13,-5.67,-5.23,-8.33,-1.2,-2.45,7.61,3.83,18.48,0.86,-0.96,-2.27,1.11,-5.16,-5.63,2.37,-2.66,2.41,0.19
2016,12,21,201612,-5.38,-2.41,-4.94,-1.37,-3.71,-5.45,-3.63,-3.82,-6.37,-4.47,-0.79,-2.81,0.23,-1.01,7.6,4.4,16.55,3.65,1.4,3.5,7.5,-2.42,-4.55,6.28,0.01,4.65,-3.45
2016,12,22,201612,-2.96,-0.7,-2.4,1.52,-0.41,-2.7,-0.93,-1.41,-5.14,-6.04,-1.31,-1.1,2.86,1.38,9.9,6.35,16.22,8.17,4.61,6.76,9.89,-3.64,-7.78,7.59,0.04,4.05,-5.16
2016,12,23,201612,-2.74,-0.46,-2.26,1.14,-1.23,-1.32,-1.05,-2.55,-5.74,-5.94,1.27,1.43,1.67,0.72,9.61,5.42,17.62,7.51,3.74,7.68,10.77,-1.35,-7.67,6.7,0.35,5.01,-2.32
2016,12,24,201612,-1.48,1.26,-0.58,3.54,1.34,2.8,3.81,-0.07,-2.87,-7.79,0.48,4.71,5.33,4.95,13.1,9.6,19.66,13.85,10.73,12.81,15.51,-1.89,-5.28,6.4,1.35,3.28,-2.08
2016,12,25,201612,-2.9,-0.02,-2.04,2.96,0.16,2.62,2.79,-2.92,-4.01,-7.81,3.75,8.55,7.88,5.8,15.92,12.88,21.19,15.53,14.9,17.03,17.23,-1.09,-7.69,1.88,-1.58,-0.53,-5.94
2016,12,26,201612,-9.52,-3.63,-4.74,2.23,0.63,11.26,9.02,0.82,0.2,-5.32,1.05,13.46,7.72,7.59,17.16,12.32,21.66,17.84,16.39,16.65,14.79,-7.39,-11.34,-0.74,-6.16,-0.47,-6.71
2016,12,27,201612,0.97,5.64,2.57,9.6,6.43,1.42,5.36,-2.65,-7.15,-9.38,-1.1,3.01,12.13,11.06,17.81,15.61,21.03,16.46,14.26,11.87,14.15,-6.43,-10.01,1.85,-3.89,1.74,-2.35
2016,12,28,201612,-2.22,0.41,-1.66,2.92,-0.46,-0.21,-0.57,-3.46,-6.43,-6.05,0.72,2.26,6.13,2.39,16.5,12.74,21.56,12.08,5.73,11.28,15.8,-2.56,-6.22,3.85,-0.72,3.3,-1.99
2016,12,29,201612,-3.24,-0.01,-1.94,1.96,-0.65,0.87,0.87,-1.16,-4.68,-5.77,-0.32,2.56,4.42,2.4,15.96,10.65,20.76,12.64,8.4,10.06,12.38,-4.9,-8.71,4.57,-1.23,4.48,-2.99
2016,12,30,201612,-1.42,0.86,-1.86,1.18,-1.68,-1.62,-1.54,-3.22,-7.39,-8.26,-0.84,-0.23,0.16,-0.96,3.8,2.82,12.02,2.5,0.81,2.99,5.68,-3.69,-5.15,5.37,-1.29,5.58,-1.19
2016,12,31,201612,-7.08,-1.85,-3.78,0.19,-2.24,-0.11,-0.91,-2.57,-4.88,-7.88,0.42,1.91,-0.54,-0.87,2.47,1.64,9.56,3.7,1.02,7,9.47,-4.14,-7.81,5.83,-0.54,4.49,-5.31
2017,1,1,201701,-2.2,1.73,-0.83,3.91,0.52,-1.04,0.41,-2.61,-7.11,-9.03,-1.21,1.24,4.57,3.65,10.34,7.13,18.39,10.83,6.16,9.91,12.16,-5.2,-9.33,5.26,-1.12,3.08,-4.75
2017,1,2,201701,-4.75,-0.9,-2.29,2.8,0.28,2.7,3.47,-1.65,-3.96,-7.98,0.41,6.57,7.57,5.87,18.04,13.97,22.36,15.24,12.91,13.86,13.86,-3.36,-10.74,4.16,-1.26,2.56,-5.97
2017,1,3,201701,-3.3,2.08,0.29,6.55,2.62,6.6,8.47,0.52,-1.66,-9.71,-4.04,8.34,7.58,7.69,18.74,15.59,22.67,16.06,14.85,11.82,10.51,-6.57,-13.37,4.07,-1.4,3.23,-8.31
2017,1,4,201701,-0.65,3.99,0.61,7.1,2.71,-5.72,-0.26,-5.2,-14.04,-17.98,-10.3,-5.19,8.48,6.55,13.04,13.3,20.25,8.21,6.39,2.76,6.17,-7.19,-12.9,5.1,0.86,6.05,-9.21
2017,1,5,201701,-4.64,-2.18,-5.97,-1.15,-5.74,-10.35,-8.38,-10.28,-17.37,-17.39,-11.88,-8.17,-0.36,-3.21,8.23,4.91,15.58,2.35,-1.39,-0.23,4.9,-9.36,-14.99,5.66,0.34,4.96,-11.85
2017,1,6,201701,-8.37,-3.09,-7.13,-1.54,-7.05,-11.77,-11.35,-11.65,-17.39,-17.85,-14.62,-10.96,-0.61,-4.8,8.92,6.43,16.17,-0.74,-4.57,-4.25,-0.82,-15.36,-16.55,5.06,-6.49,1.06,-12.35
2017,1,7,201701,-11.72,-5.69,-9.28,-4.96,-9.82,-11.39,-11.36,-11.49,-16.03,-18.03,-12.39,-10.38,-5.59,-8.42,4.11,0.22,15.25,-5.6,-7.69,-6.28,-4.59,-14.21,-14.78,1.24,-7.48,3.19,-9.9
2017,1,8,201701,-13.23,-8.21,-10.45,-8.29,-10.58,-11.16,-10.39,-10.75,-17.77,-18.73,-9.67,-8.79,-10.73,-10.9,-2.52,-6.16,5.62,-6.1,-8.43,-4.08,-1.92,-6.31,-8.9,4.93,-0.68,7.83,-2.89
2017,1,9,201701,-15.7,-10.44,-11.15,-9.03,-10.28,-5.74,-7.44,-7.77,-10.65,-14.33,-3.73,-4.2,-10.22,-9.52,-1.34,-5.69,7.92,-2.27,-4.07,-0.19,4.98,1.27,-3.84,7.98,3.7,8.05,-0.47
2017,1,10,201701,-9.33,-6.21,-7.51,-5.4,-7.07,2.58,-0.18,-2.81,-4.04,-9.88,2.15,5.81,-5.01,-3.66,2.66,-0.66,12.61,5.59,2.74,11.48,12.61,-0.82,-6.06,6.73,2.75,6.35,-1.87
2017,1,11,201701,1.14,2.94,0.48,4.7,1.74,2.98,3.89,-2.89,-10.02,-15.16,0.63,6.37,3.89,4.72,11.65,8.2,16.99,13.54,11.05,13.8,14,-0.98,-8.54,6.15,2.63,6.22,-3.8
2017,1,12,201701,1.37,4.58,3.78,9.11,7.59,4.85,10.41,-3.51,-12.78,-17.43,-5.61,6.7,10.45,11.25,14.37,13.07,18.01,17.02,15.95,15.5,15.66,-3.02,-11.2,5.85,1.03,4.38,-8.06
2017,1,13,201701,-0.04,4.55,-0.2,9.08,3.65,-4.26,-0.47,-9.02,-17.51,-19.23,-7,-2.58,12.28,8.85,15.85,14.55,19.07,14.32,12.75,10.49,14.27,-3.72,-10.86,6.54,0.62,2.74,-9.28
2017,1,14,201701,-12.5,-6.18,-7.72,-0.82,-2.67,-2.02,-0.92,-7.54,-12.44,-14.73,-3.96,-1.64,5.54,2.69,16.19,12.18,18.91,13.31,11.21,8.74,13.78,-2.43,-9.56,7.38,0.22,3.03,-8.03
2017,1,15,201701,-8.36,-3.04,-4.78,0.4,-1.74,-2,-0.9,-6.11,-12.26,-12.8,-1.91,0.01,5.74,3.11,15.59,11.31,18.48,12.42,11.02,9.42,13.12,-2.68,-9.41,6.08,-0.35,3.02,-8.13
2017,1,16,201701,-7.96,-3.46,-4.51,-0.36,-2.03,1.73,1.63,-4.04,-7.79,-9.44,-0.51,4.39,5.78,3.96,15.83,10.9,19.02,13.83,12.63,13.35,13.01,-3.35,-9.84,4.53,-2.47,3.13,-6.72
2017,1,17,201701,-4.48,-0.67,-1.26,1.98,2.28,7,8.93,-0.22,-1.14,-8.4,-1.39,6.86,8.01,7.87,16.23,13.11,19.68,16.64,14.96,11.6,11.41,-4.61,-8.26,3.73,-2.75,3.29,-3.89
2017,1,18,201701,-4.84,1.61,0.65,5.37,4.51,2.84,5.64,-0.14,-3.6,-4.7,0.18,3.93,11.5,8.85,16.86,15.35,19.43,14.98,11.29,11,9.83,-4.47,-4.25,3.9,-1.61,4.34,0
2017,1,19,201701,-1.88,1.93,0.52,5.07,2.57,3.88,3.37,-0.25,-2.68,-3.09,3.01,7.61,6.71,4.91,16.28,10.35,18.92,14.64,11.13,13.09,11.54,-4.19,-2.89,3.65,0.27,4.98,1.03
2017,1,20,201701,-2.46,0.47,0.06,3.57,2.38,8.3,7.57,0.65,0.09,-2.17,3.79,10.61,7.25,6.51,17.59,12.08,19.96,16.33,14.41,13.23,11.94,-3.15,-3.61,3.64,-0.69,3.73,-0.71
2017,1,21,201701,-1.26,2.61,3.33,6.9,6.06,10.07,10.43,2.6,0.72,-1.64,4.05,10.43,9.62,9.24,17.7,14.74,20.53,15.52,13.06,13.02,12.05,-4.69,-5.18,3.4,-0.48,3.45,-0.32
2017,1,22,201701,-0.31,3.76,5.02,8.24,8.37,8.68,10.71,3.62,0.7,-2.86,3.35,9.61,11.39,10.61,16.47,15.42,21.83,15.05,12.61,12.99,10.23,-4.87,-6.09,1.1,-2.47,3.93,-0.59
2017,1,23,201701,-2.31,1.65,2.49,5.68,5.67,5.36,8.48,2.55,0.43,-4.4,1.29,5,8.25,7.88,12.64,12.44,18.28,11.66,10.95,8.23,8.58,-3.14,-5.46,4.43,0.03,3.35,-1.78
2017,1,24,201701,-2.74,2.21,-0.93,3.64,0.81,3.1,5.06,2.3,-0.18,-5.29,1.31,3.6,5.52,3.91,10.66,10.25,15.17,8.56,6.61,8.91,11.59,-3.93,-7.65,2.03,-2.23,1.18,-3.65
2017,1,25,201701,-1.05,1.08,-1.15,3.58,2.14,4.58,4.84,1.36,-0.74,-4.61,-1.33,5.52,6.83,5.7,10.31,9.58,15.28,10.7,8.61,10.47,11.2,-9.26,-10.14,-0.98,-5.83,0.65,-2.82
2017,1,26,201701,-1.32,2.6,1.26,6.32,4.01,1.45,3,1.13,-1.29,-6.06,-3.78,0.55,8.65,6.26,13.96,12.34,18.93,9.09,6.3,4.16,5.11,-11,-10.32,-2.56,-6.29,1.37,-1.76
2017,1,27,201701,-1.92,1.41,-0.72,3.06,0.15,-0.48,-0.17,-1.31,-3.75,-7.33,-3.81,-0.53,1.64,0.46,5.25,4.12,15.13,3.21,2.27,2.07,3.93,-11.66,-9.84,-3.32,-7.04,0.98,-3.53
2017,1,28,201701,-4.11,-0.29,-2.05,0.57,-1.83,-1.57,-1.08,-2.32,-6.35,-6.37,-1.42,-0.61,0.32,-0.78,3.33,2.7,9.87,2.4,1.52,2.44,4.31,-8.53,-7.76,-3.54,-6.93,1.66,-3.24
2017,1,29,201701,-3.29,-0.13,-2.37,1.35,-1.48,-1.69,-1.34,-4.53,-8.57,-6.28,1.13,1.26,0.77,-0.02,3.88,2.46,9.5,3,1.19,4.57,5.24,-4.48,-4.68,-0.56,-4.26,3.27,-2.5
2017,1,30,201701,-4.72,-1.77,-5.01,-0.12,-3.47,-2.45,-3.04,-6.14,-10.09,-4.64,3.11,2.39,-0.18,-1.83,4.77,2.6,10.77,4.22,2.38,7.22,8.12,-2.5,-4.25,1.45,-2.5,4.73,-1.35
2017,1,31,201701,-7.75,-4.75,-6.69,-0.92,-3.55,2.39,0.19,-3.94,-3.22,-2.15,3.66,5.15,1.07,-0.23,7.76,4.83,11.58,8.29,6.11,9.78,9.42,-1.18,-4.94,2.66,-1.39,5.8,-1.43
2017,2,1,201702,-6.72,-1.09,-2.82,2.54,-0.14,2.23,1.64,-2.08,-5.27,-8.95,0.33,3.7,4.38,2.51,11.94,9.77,14.87,10.65,8.46,10.32,11.35,-2.05,-7.41,3.28,-0.27,6.06,-4.39
2017,2,2,201702,-4.71,-1.76,-3.76,2.69,-1.52,-3.85,-2.2,-7.74,-14.53,-15.4,-5.73,-1.56,5.64,1.99,13.55,11.43,17.01,10.33,5.62,7.72,10.2,-5.67,-10.21,4.17,0.27,6.66,-5.19
2017,2,3,201702,-8.3,-4.32,-7.2,-2.12,-6.54,-6.09,-6.01,-10.05,-15.95,-16.27,-5.99,-4.1,0.54,-2.99,13.53,8.88,18.15,5.53,1.59,3.05,6.38,-5.47,-9.65,5.33,0.63,7.65,-3.33
2017,2,4,201702,-9.27,-5.15,-7.52,-3.74,-7.18,-6,-6.95,-8.12,-12.11,-11.3,-2.64,-3.81,-3.22,-5.38,6.65,1.63,16.08,0.81,-1.98,1.53,7.43,-2.1,-4.28,5.69,1.54,7.03,0.16
2017,2,5,201702,-6.53,-3.04,-5.06,-1.47,-3.64,0.22,-0.36,-3.41,-6.32,-10.25,1.4,2.34,-0.47,-1.01,6.85,3.16,16.74,6.46,4.52,9.23,13.24,-0.71,-3.76,5.27,1.7,6.66,1.08
2017,2,6,201702,-5.98,-1.45,-3.52,2.05,0.15,2.91,2.08,-4.74,-8.66,-9.55,3.97,8.2,4.16,3.37,10.91,7.12,17.36,11.75,8.64,15.15,16.36,-0.34,-3.37,6.17,3,7.16,0.55
2017,2,7,201702,-8.97,-0.37,-1.87,4.62,3.37,11.63,10.83,-1.15,-2.43,-9.54,4.88,14.27,9.59,9.43,14.76,12.19,19.25,15.82,14.47,17.02,16.13,0.37,-5.27,6.93,3.75,8.74,-1.62
2017,2,8,201702,-2.85,4.38,2.08,9.82,7.46,1.78,6.27,-3.28,-8.86,-16.14,-3.16,3.39,12.93,11.07,17.55,15.79,21.31,16.19,13.72,13.69,14.9,1.39,-6.21,8.65,4.46,10.33,-1.07
2017,2,9,201702,-8.4,-1.05,-6.03,2.68,-2.09,-6.5,-3.91,-8.57,-15.56,-16.35,-4.43,-4.19,5.93,1.95,14.01,11.84,19.97,7.76,3.88,5.39,11.2,1.05,-2.32,10.56,5.65,11.34,2.69
2017,2,10,201702,-14.58,-10.13,-9.75,-5.31,-7.55,-3.1,-5.21,-7.35,-9.58,-4.78,4.87,1.37,-3.45,-5.06,4.47,0.88,12.89,3.61,0.96,7.36,12.44,4.99,2.39,12.1,6.85,10.23,1.85
2017,2,11,201702,-12.8,-4.9,-4.33,0.93,-0.8,5.76,4.26,-1.16,-3.07,-1.56,9.18,11.17,4.34,3.82,9.33,6.88,15.77,12.52,10.21,16.86,18.04,5.1,-0.64,11.23,5.67,6.81,-2.44
2017,2,12,201702,-7.46,-1.47,-2.26,3.26,2.58,7.88,8.15,-0.52,-1.72,-2.2,5.03,10.96,12.36,9.77,16.34,15.13,18.26,18.1,16.83,16.78,17.4,0.39,-5.93,10.08,2.11,5.27,-4.13
2017,2,13,201702,-5.07,-1.09,-2.68,1.98,-0.52,1.06,0.87,-1.9,-4,-3.59,1.96,2.42,5.62,2.43,14.13,10.71,18.61,9.85,5.61,9.55,12.22,-1.03,-5.18,8.44,-0.91,5.77,-3.21
2017,2,14,201702,-7.65,-5.33,-4.78,-1.08,-1.4,3.19,2.07,-0.41,-2.08,-2.69,3.07,4.87,2.12,1.22,10.38,6.26,18.4,8.37,4.54,8.85,9.86,-3.61,-4.64,7.15,-0.78,6.53,-2.98
2017,2,15,201702,-5.29,-2.32,-1.78,2.08,-0.29,0.7,0.57,-2.68,-4.86,-4.5,2.5,2.67,4.57,1.93,13.71,10.38,19.37,9.17,5.84,7.34,7.33,-3.38,-3.11,6.32,-0.69,7.15,0.05
2017,2,16,201702,-3.95,-0.99,-3.51,-0.09,-3.04,0.27,-1.42,-4.71,-4.58,-1.44,5.56,3.33,-0.17,-1.54,6.48,4.27,15.05,4.19,2.21,6.44,7.69,-0.76,-0.54,5.76,0.93,8.18,2.75
2017,2,17,201702,-5.51,-4.2,-4.87,-1.11,-2.61,5.96,2.79,-1.46,-1.37,1.68,8.14,8.24,1.26,0.86,7.2,5.14,11.92,6.95,5.52,9.12,10.36,0.54,-0.29,6.75,1.71,6.89,0.67
2017,2,18,201702,-6.04,-2.74,-1.84,2.8,3.31,8.91,7.53,3.06,1.49,2.19,8.67,10.64,6.66,6.22,10.83,8.78,15.97,11.38,8.45,13.15,13.74,1.4,-0.3,7.61,3.76,6.7,0.57
2017,2,19,201702,-0.27,2.24,2.23,8.61,7.02,9.74,8.9,3.37,2.6,3.2,10.7,12.64,11.02,9.73,14.13,12.01,19.56,14.44,11.42,15.75,16.07,2.47,0.82,5.29,3.38,5.54,0.52
2017,2,20,201702,-1.35,0.92,-0.2,5.78,4.58,12.45,10.03,2.94,3.98,6.11,13.33,15.5,10.39,9.27,15.4,12.6,19.2,15.48,13.48,16.98,14.35,1.37,-0.52,5.33,2.67,7.26,0.96
2017,2,21,201702,-5.33,-1.97,-1.4,2.43,3.8,14.76,11.39,5.53,7,4.98,9.33,15.08,8.37,8.39,15.49,12.06,19.43,15.5,14.18,13.7,12.42,2.33,1.35,8.2,4.51,7.78,1.07
2017,2,22,201702,-1.07,1.51,3.94,5.47,7.83,14.79,14.18,7.85,7.06,5.1,10.76,14.83,9.48,9.98,17.8,14.03,19.58,15.71,15.34,14.88,14.53,3.54,-0.29,10.3,4.73,5.65,-1.26
2017,2,23,201702,0.83,4.56,6.78,9.57,10.41,13.07,14.37,7.17,4.28,-0.03,7.24,13.79,13.3,12.35,17.62,16.49,19.3,16.6,15.78,15.95,16.12,-0.81,-4.45,5.95,1.2,1.41,-4.38
2017,2,24,201702,3.51,9.67,8.53,13.25,13.89,12.85,15.48,2.51,-1.79,-4.44,0.11,12.04,15.69,14.79,18.08,17.16,19.97,17.89,17.23,14.27,14.04,-8.32,-7.32,1.07,-3.58,-0.23,-5.78
2017,2,25,201702,5.08,12.16,10.45,13.66,12.54,0.72,6.86,-0.33,-5.96,-6.07,-4.01,-0.44,14.59,12.49,16.51,16.49,20.35,11,8.74,4.86,7.1,-9.7,-8.49,1.22,-4.37,1.34,-4.77
2017,2,26,201702,0.93,4.23,-0.58,4.74,-0.68,-0.91,-1.38,-3.01,-3.67,-4.57,-1.24,0.15,2.77,0.51,6.52,6.55,15.59,3.93,1.95,4.72,8.62,-8.51,-8.62,3.04,-3.05,2.07,-4.07
2017,2,27,201702,-2.71,1.01,-0.1,2.72,0.21,4.29,2.25,-0.63,-2.34,-4.1,1.07,6.19,3.67,2.47,9.31,7.1,17.66,8.91,6.96,11.83,15.25,-5.6,-6.86,4.11,-0.51,3.14,-3.65
2017,2,28,201702,0.09,4.31,3.19,8.8,5.91,12.08,7.81,3.02,2.19,-2.24,5.94,14.98,10.75,8.09,17.07,15.3,21.96,15.58,12.78,18.09,17.67,-2.13,-7.15,6.19,0.21,2.85,-2.66
2017,3,1,201703,3.19,9.34,8.78,13.41,12.16,12.64,14.57,4.75,0.89,-3.14,2.53,11.66,16.76,14.57,19.93,19.46,22.18,19.45,18.06,16.12,15.28,-6.33,-7.2,3.63,-1.96,2.73,-1.9
2017,3,2,201703,2.19,6.79,1.56,8.8,3.98,1.41,1.91,-4.29,-3.85,-5.24,0.99,3.1,8.89,5.94,14.63,13.84,20.21,8.92,6.14,7.18,8.12,-5.92,-5.4,3.06,-1.65,4.15,-1.34
2017,3,3,201703,-8.28,-3.82,-6.67,-0.24,-2.92,-1.39,-1.46,-6.45,-8.5,-6.71,1.69,1.5,1.36,-0.11,6.34,4.63,15.1,5,3.09,7.23,8.42,-3.32,-3.67,4.66,-0.4,5.79,-0.5
2017,3,4,201703,-13,-7.91,-10.1,-3.48,-5.83,1.99,-1.79,-6.06,-4.53,-1.98,6.1,5.76,-1.32,-2.88,5.68,2.34,13.55,5.21,3.39,8.65,10.43,-0.4,-1.71,7.23,2.01,6.69,0.56
2017,3,5,201703,-13.72,-10.58,-11.77,-6.66,-7.56,6.65,1.24,-2.95,-0.13,2.73,9.92,9.68,-0.63,-1.74,8.54,4.47,16.35,8.22,6.53,11.77,13.69,1.73,-0.38,8.2,3.41,5,-1.31
2017,3,6,201703,-9.71,-5.52,-4.48,-2.51,-1.13,11,8.08,4.11,6.19,6.3,12.08,13.21,2.85,3.17,13.44,7.56,17.55,14.09,11.63,16.12,17.31,0.14,-3.85,5.71,1.34,1.39,-3.5
2017,3,7,201703,-2.84,0.95,2.94,5.17,6.03,12.74,11.67,7.62,6.99,0.83,4.5,12.37,10.34,9.09,14.91,12.78,18.87,16.36,14.4,15.85,16.53,-6.91,-6.35,4.27,-0.07,3.5,-1.77
2017,3,8,201703,2.87,7.7,6.09,10.5,8.12,4.69,5.82,0.36,-1.14,-3.66,4.07,5.29,11.87,9.53,16.67,15.49,20.3,12.41,9.34,9.72,13.27,-1.51,-3.34,7.59,2.46,6.43,1.02
2017,3,9,201703,0.18,3.63,0.59,6.22,3.52,5.01,4.64,-3.79,-5.37,-5.75,8.04,9.23,7.53,6.35,12.31,10.31,19.93,11.54,8.68,15.3,17.77,1.69,-1.91,10.71,4.9,9.26,1.85
2017,3,10,201703,-6.18,-0.78,-2.87,4.08,0.18,1.27,1.64,-6.91,-9.95,-12.32,1.83,5.79,6.4,4.4,14.6,10.41,19.93,14.56,10.59,16.01,18.35,0.86,-1.82,11.93,6.25,11.1,3.92
2017,3,11,201703,-14.37,-8.58,-11.65,-4.72,-7.93,-3.48,-4.8,-9.54,-11.97,-11.88,0.56,-0.2,-0.91,-3.9,9.09,4.43,17.37,5.8,1.18,9.45,16.51,1.09,-1.72,12.33,6.74,11.02,2
2017,3,12,201703,-15.94,-11.64,-12.42,-5.31,-7.16,-2.72,-4.05,-7.71,-9.51,-9.82,2.02,-0.22,-1.81,-4.21,9.38,4.17,18.28,5.07,1.15,5.69,11.56,0.32,-0.85,12.02,6.31,11.37,2.4
2017,3,13,201703,-11.22,-8.62,-9.58,-4.78,-5.85,-0.85,-1.91,-6.14,-6.25,-9.3,1.3,2.57,-0.64,-1.97,6.97,3.65,17.59,5.92,2.69,7.58,11.86,-0.78,-2.53,11.74,5.87,11.71,2.9
2017,3,14,201703,-6.83,-2.91,-5.91,0.39,-3.34,-2.76,-2.47,-7.17,-7.59,-8.65,-0.8,-0.87,1.95,0.48,9.42,7.9,17.22,5.82,3.65,5.14,10.38,2.26,1.32,12.81,7.22,13.2,5.36
2017,3,15,201703,-4.95,-4.87,-8.79,-4.75,-8.15,-5.39,-5.22,-6.58,-7.34,-6.5,0.58,-3.03,-4.79,-6.45,2.56,-0.12,10.01,0.97,-2.32,4.1,12.15,3.31,3.29,13.55,8.7,12.62,6.42
2017,3,16,201703,-6.86,-6.15,-7.8,-3.98,-5.89,-2.6,-3.09,-3.42,-4.99,-1.15,8.13,2.47,-3.59,-4.3,0.57,-1.41,6.88,1.14,-1.44,8.03,15.52,5.03,4.18,13.17,9.04,11.39,3.61
2017,3,17,201703,-6.92,-4.75,-5.27,-0.9,-3.18,5.49,-0.29,-1.53,0.4,3.23,12.44,11.26,-0.69,-1.47,4.91,2.22,10.12,6.74,4.45,15.65,18.67,5.02,1.51,13.51,9.13,11.39,1.33
2017,3,18,201703,-5.84,-3.7,-5.25,0.59,-0.69,6.03,3.92,0.91,0.68,0.24,8.68,9.93,6.86,4.73,10.82,8.91,15.17,13.23,12.18,17.51,19.22,5.25,4.12,14.09,10.24,11.83,4.96
2017,3,19,201703,-4.1,-0.8,-2.36,2.59,1.03,3.68,3.04,1.39,1.19,4.16,13.81,7.67,5.91,3.58,10.96,8.52,16.54,10.41,5.92,17.69,20.01,7.5,5.9,13.75,10.54,11.23,1.84
2017,3,20,201703,-3.78,-1.62,-3.27,0.58,0.46,9.69,5.33,3.88,4.47,5.43,15.71,14.63,5.82,4.43,10.16,7.75,14.56,12.7,10.33,19.34,19.65,6.95,3.54,14.61,10.68,11.46,1.79
2017,3,21,201703,-1.62,0.72,1.15,3.97,4.99,9.56,8.65,2.18,1.03,0.31,10.81,13.82,10.61,9.04,15.82,13.38,17.22,17.13,16.91,18.82,19,6.14,3.11,13.9,10.6,10.68,3.88
2017,3,22,201703,-4.42,-2.19,-5.53,1.42,-1.25,2.52,1.09,-4.64,-3.97,-2.44,5.37,6.12,7.96,4.24,18.08,14.82,19.28,13.79,11.17,15.29,19.04,5.22,3.9,12.66,9.4,8.74,2.94
2017,3,23,201703,-11.07,-7.8,-8.36,-3.77,-4.51,2.59,0.23,-2.38,-0.52,2.68,11.14,8.02,0.67,-0.3,12.89,5.81,19.56,11.43,6.98,16.1,19.25,6.84,3.28,9.61,6.84,5.74,0.45
2017,3,24,201703,-5.09,-1.43,-1.41,1.82,2.22,12.77,9.74,3.85,3.91,5.29,14.04,15.91,5.12,5.56,14.85,8.95,18.96,16.67,14.06,18.04,17.05,3.12,0.28,6.82,3.39,6.85,1.67
2017,3,25,201703,-0.06,3.28,2.96,10.05,10.97,15.03,15.47,4.3,3.26,4.51,8.35,15.64,13.91,13.57,17.24,15.52,19.49,17.81,16.45,16.47,15.19,0.85,2.21,9.21,5.57,7.73,1.83
2017,3,26,201703,-4.26,0.13,0.05,6.54,9.36,13.83,14.07,3.85,4.06,5.76,8.32,12.36,14.57,13.28,18.81,16.28,20.73,18.22,16.65,15.52,16.13,2.43,0.72,8.79,4.56,7.04,0.99
2017,3,27,201703,-1.15,2.91,3.82,9.07,10.33,12.45,13.16,6.9,6.18,7.34,9.89,12.83,16.07,14.03,19.47,17.58,20.85,18.8,17.31,17.85,17.74,1.6,1.8,9.64,5.15,7.07,2.49
2017,3,28,201703,0.87,5.49,6.26,12.35,12.46,12.75,13.48,6.28,6.45,7.79,10.16,12.98,16.44,15.15,19.57,18.18,20.56,19.39,17.98,17.17,18.79,3.08,1.56,8.74,3.74,6.09,0.78
2017,3,29,201703,0.92,4.52,3.04,10.3,8.09,11.09,10.44,3.62,4.93,7.46,9.08,14.18,13.23,11.76,19.94,17.39,21.51,19.1,16.33,18.92,17.64,0.93,0.61,7.84,3.55,8.62,2.78
2017,3,30,201703,-0.58,1.65,0.58,4.95,4.16,13.21,11.36,2.88,3.88,6.41,7.55,14.78,11.76,10.31,20.24,15.87,21.74,19.06,18.6,15.67,14.57,1.39,2.82,10.12,5.99,9.81,2.65
2017,3,31,201703,-1.12,1.82,2.28,6.09,7.17,9.17,13.02,2.79,2.71,6,7.77,10.21,13.28,11.78,19.47,17.31,21.92,16.12,14.28,13.44,15.68,3.26,2.58,8,3.85,5.12,0.16
2017,4,1,201704,-0.63,1.23,1.12,6.76,6.36,6.89,7.43,3.64,4.66,6.87,7.47,9.76,11.8,10.05,15.26,14.46,20.74,14.17,12.12,15.46,17.37,0.45,1.59,5.78,3.01,7.52,2.36
2017,4,2,201704,0.18,2.1,2.36,5.93,4.68,9.45,8.1,6.75,6.73,8.2,9.18,11.45,9.95,8,16.68,13.84,20.7,15.25,12.7,16.65,16.54,0.74,2.82,8.44,4.5,10.72,3.31
2017,4,3,201704,1.08,4.87,5.73,9.08,8.84,13.09,11.24,7.93,7.81,8.98,11.29,14.21,11.31,10.78,18.81,14.98,23.32,18.74,16.54,17.68,15.51,1.99,-0.41,10.44,4.78,9.08,-0.84
2017,4,4,201704,0.83,4.67,7.37,12.04,12.48,12.91,14.03,7.6,8.03,7.78,8.8,12.87,16.6,14.66,20.73,19.36,23.58,17.97,16.66,16.43,16.7,-1.37,-2.47,8.28,2.94,7.93,-0.71
2017,4,5,201704,1.29,5.07,6.46,12.36,10.01,10.63,10.62,5.42,6.53,6.19,7.37,11.79,15.28,13.65,20.95,18.5,23.8,18.75,17.41,14.89,13.37,-3.02,-1.59,7.18,2.78,10.4,4.14
2017,4,6,201704,1.22,4.26,5.41,9.97,10.03,6.9,9.03,3.24,3.37,4.98,7.13,8.05,13.87,12.14,15.74,16.74,21.45,11.71,10.3,10.33,11.86,0.28,2.43,10.62,6.25,10.81,6
2017,4,7,201704,4.04,6.23,2.76,8.08,3.79,5.45,3.58,1.55,2.85,6.21,8.54,7.19,4.77,3.64,8.41,7.32,14.36,8.21,6.6,10.89,14.24,4.23,5.79,12.33,8.9,9.31,5.5
2017,4,8,201704,1.78,2.9,0.93,4.58,2.44,8.51,5.52,4.47,7.11,11.01,14.05,10.82,5.92,4.74,8.54,7.53,12.97,9.12,7.79,14.17,17.21,6.7,5.51,11.95,8.31,8.11,1.81
2017,4,9,201704,2.5,4.87,4.74,6.94,6.39,14.07,10.22,10.08,13.15,12.24,16.8,17.05,9.17,8.37,12,10.72,15.21,12.66,11.44,18.28,19.92,4.74,1.35,10.14,4.76,4.66,0.17
2017,4,10,201704,7.49,9.81,10.96,11.11,11.57,18.37,14.89,12.91,12.12,6.72,11.54,19.14,12.35,12.18,14.73,13.77,18.13,15.48,14.63,18.67,19.73,-0.99,-1.65,8.25,3.63,5.94,1.55
2017,4,11,201704,11.03,13.66,13.84,15.09,14.65,13.65,15.7,8.4,3.84,4.56,7.42,11.9,15.78,15.31,17.38,16.56,19.37,17.99,17.16,16.62,18.44,1.12,0.36,10.3,5.88,8.07,1.51
2017,4,12,201704,10.77,14.16,11.28,15.43,13.26,11.04,11.34,4.88,5.8,8.3,11.85,12.71,16.1,15.3,18.48,17.31,19.94,18.57,17.37,17.58,18.7,5.21,3.13,11.98,8.83,9.38,4.06
2017,4,13,201704,5.76,8.01,5.45,10.79,7.61,13.68,10.48,6.96,9.01,10.27,15.58,17.27,13.56,11.38,18.54,17.95,20.77,17.58,15.57,19.81,20.12,6.84,5.6,12.89,10.1,9.05,4.17
2017,4,14,201704,4.17,6.43,5.37,9.5,8.9,17.55,14.05,8.91,9.58,13.54,17.37,19.74,13.83,13.37,18.23,17.69,19.82,18.55,17.91,20.08,19.72,8.09,4.69,12.45,7.67,5.79,1.4
2017,4,15,201704,5.78,8.05,8.24,10.16,12.12,19.64,17.13,12.51,15.58,14.23,17.7,19.36,16.13,15.14,18.46,18.29,20.38,19,18.4,20.23,20.57,6.17,0.7,11.71,6.71,7.19,0.38
2017,4,16,201704,11.53,14.47,15.37,16.77,17.01,19.02,17.97,15.42,14.73,10.09,14.22,19.32,18.27,17.31,18.74,18.35,20.73,19.66,18.49,21.24,21.55,5.01,0.18,12.6,8.47,9.8,1.66
2017,4,17,201704,10.54,14.73,12.36,16.89,14.77,13.7,14.8,8.27,8.29,6.74,12.11,14.74,17.47,16.31,19.65,18.96,21.09,19.77,19.15,21.13,21.41,6.8,3.19,12.63,10.58,10.15,4.87
2017,4,18,201704,3.87,7.76,5.86,10.8,9.55,14.03,12.57,7.5,8.35,9.41,16.32,15.63,14.63,12.68,20.97,18.82,21.73,19.59,18.52,20.17,20.25,8.1,4.43,13.85,10.48,10.87,5.32
2017,4,19,201704,3.38,6.02,6.96,9.03,10.26,19,17.49,11.5,10.96,9.47,16.86,20.49,12.29,12.92,19.97,17.34,21.82,20.65,20.32,21.01,20.58,8.36,4.44,13.68,9.44,9.85,4.28
2017,4,20,201704,5.45,8.77,10.35,12.69,14.63,20.05,19.94,10,8.97,9.51,14.05,19.36,16.64,16.56,20.57,19.49,21.13,21.02,19.99,21.06,21,4.49,2.73,12.6,8.92,9.28,4.52
2017,4,21,201704,5.89,9.05,12,14.08,16.54,11.94,14.93,7.47,6.48,8.91,10.07,12.44,19.32,18.06,20.69,21.02,21.11,20.85,19.73,19.45,21.49,3.37,2.8,12.13,7.7,9.85,2.76
2017,4,22,201704,4.46,8.48,8,12.47,9.41,8.98,8.74,6.08,7.71,9.68,8.65,9.41,17.29,12.59,20.55,20.87,21.55,18.35,16.74,16.07,17.85,0.76,2.05,12.39,7.32,12.03,5.63
2017,4,23,201704,6.04,8.07,6.7,9.57,7.53,9.69,9.13,8.07,9.31,8.73,9.27,9.47,10.57,9.5,19.53,16.81,22.55,15.29,12.39,12.53,12.44,3.36,4.66,14.51,8.99,11.97,6.29
2017,4,24,201704,6.84,9.84,8.86,9.54,9.87,11.59,11.06,8.33,9.49,8.36,11.52,11.32,10.74,9.64,17.14,16.25,20.94,13.52,12.91,12.91,14.76,7.54,5.22,13.36,9.37,9.98,5.4
2017,4,25,201704,5.72,8.81,8.64,10.93,10.81,14.23,13.92,10.6,12.03,7.12,12.46,14.47,13.21,12.07,16.9,16.75,18.55,16.38,16.05,16.7,19.3,5.15,2.66,12.2,7.36,9.04,3.61
2017,4,26,201704,9.15,11.55,12.12,14.4,14.75,17.8,17.27,14.01,12.73,3.49,7.53,16.87,16.36,15.58,19.19,18.58,19.99,18.84,18.08,19.07,19.25,1.2,1.25,10.21,6.08,10.62,4.74
2017,4,27,201704,13.19,14.52,16.47,17.27,17.66,12.51,17.64,13.64,5.09,1.14,6.62,10.24,19.03,18.03,20.6,20.56,23.16,20.01,18.52,14,15.31,2.57,1.92,12.93,7.47,11.18,2.11
2017,4,28,201704,15.38,16.9,16.51,18.3,17.12,10.9,12.38,5.37,2.3,3.41,8.99,13.01,20.56,18.07,23.32,22.93,24.89,19.7,17.7,18.02,20.21,0.37,0.5,11.39,5.52,8.84,1.28
2017,4,29,201704,13.86,16.88,13.4,20.28,16.13,13.84,14.97,6.5,4.22,4.86,6.79,16.38,22.79,20.8,24.32,24.16,24.81,23.87,23.7,21.64,21.2,-1.87,0.36,6.88,3.02,7.6,3.37
2017,4,30,201704,6.87,10.91,8.51,16.69,15.84,14.37,18.11,4.91,3.98,5.94,5.26,15.41,22.87,21.74,23.35,22.59,24.11,23.13,22.7,16.74,14.26,-2.52,1.18,8.13,3.78,10.47,5.86
2017,5,1,201705,7.18,11.02,13.5,15.92,18.08,13.05,17.96,9.04,4.16,6.5,6.81,9.76,20.54,19.68,22.59,21.35,24.46,18.27,17.28,12.16,14.33,1.7,3.42,11.4,7.16,12.74,3.76
2017,5,2,201705,10.66,16.14,14.15,18.05,13.81,8.86,9.8,6.36,4.79,7.87,9.76,10.45,15.83,14,16.75,17.46,23.09,14.71,12.57,15.14,17.89,3.79,3.57,13.23,9.83,14.66,5.39
2017,5,3,201705,8.91,10.4,7.08,12.11,8.43,9.36,8.88,6.28,7.26,9.67,9.97,10.97,12.2,10.34,17.11,15.62,22.62,16.62,14.95,16.95,20.31,3.55,3.9,14.36,10.64,16.39,10.09
2017,5,4,201705,6.65,7.43,5.94,9.01,7.21,9.83,9.83,8.27,9.15,10.46,9.63,9.57,12.14,10.5,18.01,17.07,23.04,16.26,15.09,13.62,15.29,4.09,7.31,15.91,11.46,17.66,13.67
2017,5,5,201705,7.96,9.14,8.58,12.97,12.07,9.45,10.6,7.15,9.75,13.07,12.31,10.21,16.51,14.84,15.53,18.67,21.22,11.62,11.12,12.41,14.88,8.32,11.34,17.2,13.25,16.16,13.63
2017,5,6,201705,11.71,14.78,12.54,15.71,11.67,10.97,8.29,6.79,9.67,13.79,15.54,13.2,12.08,10.96,12.64,12.64,17.42,11.4,10.43,14.86,16.95,10.56,12.86,17.29,13.72,12.2,6.4
2017,5,7,201705,11.92,11.83,7.74,10.51,7.01,10.46,7.49,3.85,6.3,13.49,17.08,13.6,9.27,8.19,14.21,11.73,17.66,13.5,11.38,17.78,19.24,11.74,11.05,12.91,11.6,8.33,3.78
2017,5,8,201705,6.93,6.86,3.21,8.1,4.5,12.38,6.85,2.95,5.69,14.98,19.26,17.32,8.87,7.56,14.71,11.97,19.92,15.4,13.4,19.26,20.1,10.73,7.59,11.01,10.82,10.01,5.13
2017,5,9,201705,5.13,5.8,3.94,9.27,5.9,16.74,10.16,4.79,8.86,13.88,18.1,20.19,9.03,7.81,17.81,13.44,21.02,18.99,18.01,19.98,21.21,10.4,7.31,11.15,11.46,12.41,8.28
2017,5,10,201705,5.95,7.61,5.66,10.94,8.75,18.86,14.75,9.14,12.67,12.95,17.59,20.71,14.75,13.23,20.92,18.88,22.63,20.62,20.02,21.03,21.67,8.75,8.14,9.96,10.47,13.61,10.74
2017,5,11,201705,7.47,8.85,7.19,11.04,8.19,18.48,16.15,10.92,12.26,11.62,14.63,20.71,17.22,15.07,21.45,21.37,23.03,21.23,21.03,21.41,20.75,6.8,10.28,12.89,11.09,14.15,12.07
2017,5,12,201705,9.72,10.6,9.91,10.17,9.68,15.53,13.1,10.43,12.1,13.08,13.22,17.24,13.67,12.78,21.04,19.77,22.88,20.53,20.47,19.74,19.06,8.09,12.05,16.49,12.1,11.87,6.61
2017,5,13,201705,11.03,10.16,10.12,10.11,9.96,15.71,13.42,11.2,12.53,14.51,14.24,15.84,13.43,12.42,20.74,18.97,23.13,18.98,17.08,17.69,18.17,10.16,9.12,15.55,9.96,8.8,3.67
2017,5,14,201705,8.36,7.91,9.21,12.02,10.98,17.6,15.91,10.62,13.22,15.58,17.19,16.85,14.11,13.04,20.38,17.99,23.78,18.12,16.14,18.4,20.52,10.12,5.11,13.71,9.76,8.79,4.14
2017,5,15,201705,8.19,9.16,8.91,12.2,9.53,18.76,15.77,9.64,13.41,15.39,19.18,19.27,15.99,13.9,21.24,19.47,23.91,20.37,18.9,20.97,22.5,10.46,6.02,12.85,10.3,8.67,4.63
2017,5,16,201705,11.36,13.03,11.78,13.93,12.24,21.12,18.62,15.07,18.02,17.02,21.19,21.25,16.09,15.19,22.39,20.78,24.37,22.23,20.95,22.01,22.92,9.3,6.06,10.26,9.55,9.05,5.42
2017,5,17,201705,14.52,16.93,16.88,18.06,18.7,22.4,22.24,20.43,19.79,15.34,17.92,21.36,20.67,19.97,22.47,22.14,24.71,22.71,22.29,21.86,21.08,6.14,5.01,9.91,7.01,9.64,4.37
2017,5,18,201705,20.09,21.5,20.88,22.46,21.57,21.76,22.23,18.14,15.17,10.76,13.75,20.52,21.18,21.3,23.14,21.64,24.8,23.55,22.72,22.21,21.89,4.42,3.5,10.94,7.19,10.51,7.08
2017,5,19,201705,18.71,21.2,18.18,22.7,20.63,18.33,20.7,8.67,6.16,7.9,13.24,21.72,22.19,21.82,23.67,22.52,25.09,24.26,23.35,24.02,22.79,1.67,3.58,9.72,7.29,12.24,10.29
2017,5,20,201705,9.45,13.29,10.45,17.14,14.98,16.85,17.93,7.36,5.53,7.8,10.24,20.1,21.71,20.26,23.76,22.89,26.16,24.12,23.89,22.27,21.39,1.69,5.22,11.61,8.77,14.59,11.3
2017,5,21,201705,8.74,10.74,10.86,12.5,14.15,17.49,20.51,12.05,10.01,8.69,10.28,14.92,17.63,17.54,23.46,22.11,24.98,23.24,22.44,19.26,20.37,5.39,7.5,14.47,11.47,16.08,12.1
2017,5,22,201705,9.72,10.17,12.07,14.06,15.1,13.5,14.84,11.28,10.56,10.66,12.84,13.3,18.45,16.96,23.62,22.32,25.05,20.16,18,17.33,19.72,7.16,8.77,16.12,12.84,17.44,14.29
2017,5,23,201705,11.33,13.76,12.58,16.98,13.49,15.46,14.21,12.01,11.08,10.15,11.51,15.3,16.84,15.11,22.82,21.29,25.16,19.67,18.03,17.78,19.3,5.3,9.28,16.53,12.82,18.45,15.47
2017,5,24,201705,13.38,13.95,14.07,14.7,14.31,14.46,15.58,12.52,10.59,10.77,11.02,12.14,16.08,15.1,21.06,20.41,25.06,18.37,16.17,15.67,16.83,7.39,10.96,17.59,13.73,17.75,11.18
2017,5,25,201705,13.17,11.63,12.48,14.47,13.38,14.93,15.25,13.22,12.27,13.12,14.31,13.65,16.59,14.54,17.73,19.04,23.33,15.42,13.42,16.06,19.8,11.61,8.22,16.82,13.76,14.51,7.68
2017,5,26,201705,10.39,11.16,12.44,16.57,13.96,17.75,16.48,13.96,14.78,14.51,17.47,18.99,16.08,15.47,17.44,17.33,22.21,18.73,16.75,22.15,24.06,9.93,7.61,14.86,12.21,13.36,10.09
2017,5,27,201705,11.36,13.15,13.58,16.88,15.04,20.86,19.01,16.38,16.15,14.39,16.55,22.62,18.44,17.44,21.24,20.26,23.83,22.86,21.84,25.14,24.99,8.75,8.29,15.05,12.05,14.21,12.75
2017,5,28,201705,13.63,14.54,15.18,17.51,17.38,20.62,20.39,16.7,15.99,14.49,15.84,20.95,20.2,18.96,24.56,23.47,25.32,24.43,23.19,24.58,24.13,7.01,10.37,15.44,12.2,15.54,14.37
2017,5,29,201705,11.81,11.27,14.43,15.41,17.32,17.56,19.2,14.84,12.18,12.26,15.5,17.82,20.51,19.12,24.79,23.73,26.11,23.45,21.61,21.5,22.19,8.99,11.09,16.45,13.34,16.74,15.77
2017,5,30,201705,11.59,12.17,14.19,14.68,16.68,16.06,17.27,12.5,11.07,11.51,15.5,17.45,20.45,18.63,24.34,23.81,26.42,22.27,20.29,21.45,21.65,10.3,12.17,17.48,14.32,16.98,15.92
2017,5,31,201705,13.15,14.52,15.21,17.69,16.61,16.5,16.11,11.77,11.63,12.82,17.23,18.96,19.39,17.14,23.45,22.47,26.53,21.74,20.67,22.37,22.54,11.95,13.66,17.93,14.61,15.54,14.24
2017,6,1,201706,13.81,15.98,13.1,18.35,14.76,16.25,15.56,12.27,12.69,15.08,19.17,19.16,18.8,17.27,23.24,22.04,26.25,22.09,21.14,22.89,22.77,12.75,14.61,17.33,14.16,14.67,12.8
2017,6,2,201706,10.79,13.21,11.24,16.93,13.87,18.35,16.34,13.49,15.63,19.12,20.38,21.36,18.08,16.07,23.97,22.21,26.02,22.2,21.89,22.53,22.98,12.36,13.32,17.1,14.82,15.95,11.47
2017,6,3,201706,9.37,11.15,10.03,14.83,13.38,20.06,17.61,15.89,18.88,20.41,20.22,22.27,17.84,16.28,24.14,22.16,25.67,22.13,21.44,23.09,23.27,12.53,12.84,18.6,15.7,17.53,13.56
2017,6,4,201706,11.89,12.83,11.53,15.26,14.65,22.55,19.78,18.82,20.53,19.39,20.22,22.71,19.28,18.08,24.64,23.17,25.62,22.64,22.04,23.2,23.42,12.71,15.3,19.74,16.4,17.26,12.81
2017,6,5,201706,12.68,14.5,15.22,19.51,19.12,22.31,21.68,16.76,17.96,19.5,21.33,22.82,21.26,20.15,24.36,23.39,25.88,23.41,22.56,22.91,23.2,14.99,14.96,20.06,16.46,16.08,9.73
2017,6,6,201706,10.24,10.79,12.31,17.19,14.89,18.71,16.86,14.13,15.6,19.01,20.9,20.95,19.53,17.43,23.1,22.55,25.22,22.36,22.21,23.34,23.67,14.93,13.62,20,17.09,17.07,12.73
2017,6,7,201706,12.17,11.48,11.25,12.93,11.82,16.38,14.91,14.72,16.3,18.39,19.49,16.89,15.67,13.63,22.51,20.95,24.46,20.18,18.1,21.58,23.27,14.59,15.35,20.04,17.38,16.86,15.87
2017,6,8,201706,15.8,13.98,14.5,14.77,14.35,16.27,15,16.59,17.44,18.55,19.14,17.12,15.08,14.26,20.54,18.11,24.18,18.33,17.15,19.2,22.73,15.34,16.44,19.66,16.95,15.51,14.92
2017,6,9,201706,14.56,14.92,16.03,15.65,15.76,18.51,17.43,16.84,18.81,20.26,20.26,17.98,16.64,15.85,20.43,18.9,24,19.43,18.1,19.94,23.33,14.95,14.34,18.32,15.6,13.97,8.81
2017,6,10,201706,15.06,17.16,17.03,18.74,17.98,19.94,19.66,18.67,19.84,21.17,22.82,19.57,19.33,18.38,22.28,21.72,25.02,21.27,19.98,22.17,24.38,15.2,11.36,18.1,15.15,13.1,7.11
2017,6,11,201706,18.94,20.32,20.29,21.87,20.71,22.22,21.19,20.47,22.35,20.23,24,23.13,22.23,21.36,24.71,23.34,26.17,23.37,22.75,24.03,24.84,14.95,9.85,17.28,13.92,11.51,7.43
2017,6,12,201706,21.82,22.36,21.78,23.73,22.63,25.29,24.18,22.19,23.39,19.79,23.87,25.01,23.34,23.11,24.87,23.99,25.88,24.45,24.49,24.99,25.48,14.3,11.38,15.9,12.05,9.97,9.68
2017,6,13,201706,22.21,23.51,22.3,24.58,23.53,26.38,25.34,21.88,22.5,20.66,24.46,25.64,23.55,23.28,24.52,23.96,25.59,24.63,24.78,24.99,25.77,11.44,10.05,14.21,11.79,11.75,8.85
2017,6,14,201706,14.77,19.57,18.33,24.4,22.28,25.8,24.73,20.22,22.61,20.83,22.23,25.59,23.23,23.34,24.5,24.26,25.48,24.96,24.91,25.83,26.12,10.68,9.49,16.13,13.6,14.69,9.09
2017,6,15,201706,13.03,14.66,16.1,18.33,20.77,25.59,24.36,21.81,21.68,18.55,22.07,26.1,23.15,22.35,24.42,24.8,25.65,25.02,24.4,26.83,26.51,13.24,11.17,17.9,15.85,16.6,10.83
2017,6,16,201706,12.89,15.24,17.58,18.66,20.56,23.93,23.81,20.61,19.85,18.67,23.63,24.93,22.36,21.81,24.06,24.74,25.22,24.83,24.13,26.74,26.43,14.49,12.76,18.55,16.83,18.44,11.37
2017,6,17,201706,16.3,18.66,20.05,21.64,21.59,24.81,23.39,20.68,20.35,18.21,23.19,26.31,23.07,22.22,25.42,24.53,25.85,25.39,24.76,26.84,26.76,15.84,12.52,19.18,17.75,19.63,10.86
2017,6,18,201706,20.32,21.54,22.28,23.86,23.15,23.92,23.82,20.37,18.16,15.64,19.04,23.82,23.83,23.58,25.24,25.03,26.36,25.43,24.94,26.12,26.51,14.24,11.9,20.58,18.38,21.12,13.06
2017,6,19,201706,21.67,22.1,21.89,24.25,22.38,19.71,20.59,15.68,14.77,15.6,18.75,19.84,23.11,22.18,25.11,24.81,25.96,24.68,23.18,24.41,26.03,14.79,14.01,22.44,19.88,22.58,16.97
2017,6,20,201706,19.41,20.95,18.22,23,19.23,19.64,18.82,15.22,15.38,16.61,20.98,21.44,21.66,20.11,24.57,24.33,26.19,23.64,21.63,24.48,26.4,16.32,17.08,23.7,21.23,22.56,18.02
2017,6,21,201706,16.41,18.38,16.57,20.5,18.44,21.47,19.93,14.77,15.2,18.86,24.11,23.35,20.64,19.44,25.17,24.47,26.9,22.95,22.07,24.01,26.11,18.24,17.25,23.89,21.1,22.01,13.7
2017,6,22,201706,15.65,17.71,16.29,21.89,20.14,24.02,22.82,18.26,19.29,19.76,24.27,24.07,22.32,21.63,26.16,24.83,27.27,23.29,22.88,24.01,25.51,17.93,13.76,23.38,19.98,21.53,12.22
2017,6,23,201706,17.94,20.95,20.32,23.43,21.36,22.89,21.09,19.37,17.21,15.42,19.78,23.37,23.81,22.56,26.6,26.05,27.03,23.58,22.2,24.53,27.04,13.99,11.17,22.42,18.92,21.23,13.48
2017,6,24,201706,19.82,21.81,19.82,23.97,20.65,18.18,19.47,15.52,13.96,12.67,15.26,18.23,23.85,21.93,25.23,25.45,26.99,24.11,22.62,22.81,25.46,11.69,11.94,22.58,18.26,21.74,15.88
2017,6,25,201706,17.28,18.87,16.75,21.09,17.56,15.12,16.56,13.49,11.51,12.21,16.45,17.12,21.11,18.96,24.93,24.19,27,21.52,19.01,21.58,24.16,13.47,13.49,23.09,18.73,22.21,17.74
2017,6,26,201706,15.12,17.02,14.49,18.95,15.37,14.45,15.17,12.88,11.26,13.26,17.73,16.88,17.27,16.04,23.34,21.76,26.8,19.68,18.17,21.49,23.8,14.43,15.75,22.95,19.61,20.73,19.19
2017,6,27,201706,14.68,16.41,13.71,18.42,14.58,15.97,14.9,13.06,13.46,15.32,19.27,19.37,17.36,15.98,23.28,20.91,26.69,20,18.45,22.8,24.26,16.21,17.15,21.42,18.45,18.56,16.24
2017,6,28,201706,13.72,15.04,13.52,16.5,14.2,19.06,16.76,15.19,15.11,19.28,23.35,22.41,17.08,15.84,22.63,20.56,26.22,21.32,19.7,24.32,24.41,15.28,14.77,19.3,17.43,17.69,13.87
2017,6,29,201706,15.26,17.27,16.89,19.17,18.1,23.72,21.25,19.45,20.05,18.97,22.8,24.16,19.87,19.27,23.72,22.16,26.51,22.99,21.69,25.21,25.77,15.15,13.04,19.62,16.73,17.74,13.77
2017,6,30,201706,18.28,20.37,20.43,22.61,21.64,23.56,22.96,20.2,18.98,17.93,19.81,24.14,22.57,21.98,23.91,23.12,26.89,23.61,21.71,25.9,26.95,13.04,12.49,19.53,17.22,18.22,16.03
2017,7,1,201707,20.36,22.39,20.61,23.3,21.99,22.23,22.44,18.97,18.31,17.66,17.86,22,22.92,22.45,25.68,24.26,26.98,25.5,24.14,25.68,26.49,12.96,14.56,20.19,18.29,19.24,16.8
2017,7,2,201707,20.36,22.1,19.94,23.7,21.36,21.29,21.53,18.34,18.44,19.19,21.8,21.89,23.54,22.34,26.52,25.85,27.31,25.73,24.37,25.75,26.14,15.98,17.01,20.2,19.22,19.01,16.43
2017,7,3,201707,18.94,21.14,19.17,23.16,20.75,22.91,21.87,17.71,18.23,20.13,23.75,22.73,23.29,22.22,26.51,25.54,27.65,25.4,24.18,26.15,26.57,15.92,17.71,20.69,19.31,19.36,16.06
2017,7,4,201707,16.86,19,17.64,22.63,20.7,23.81,23.11,17.88,19.38,22.53,23.07,23.27,23.6,22.53,26.35,25.53,27.44,25.5,23.89,26.19,26.89,16.32,17.85,21.91,19.43,19.54,15.8
2017,7,5,201707,17.63,18.69,18.07,22.53,20.85,24.21,22.45,19.08,21.38,24.3,22.68,23.82,23.56,22.43,27.26,26.13,27.63,26,24.64,25.9,26.48,16.95,19.11,22.02,19.59,19.7,17.69
2017,7,6,201707,18.36,18.61,20.54,20.93,21.33,25.07,23.33,21.99,23.79,24.05,24.2,23.98,23.44,21.87,26.82,26.52,27.2,25.86,24.53,26.04,25.91,18.44,19.63,23.16,19.86,20.82,18.54
2017,7,7,201707,18.99,18.34,20.32,21.44,21.1,25.03,23.53,21.81,22.01,20.93,24.33,25.12,23.49,22.38,26.76,26.21,27.57,25.96,24.96,26.49,25.68,18.28,19.6,23.92,20.48,22.37,19.22
2017,7,8,201707,18.66,20.02,19.29,23.35,20.47,21.98,22.11,17.39,17.41,20.64,22.62,22.84,23.44,22.49,25.96,25.85,27.12,25.81,24.91,26.35,25.79,17.25,19.65,23.97,20.68,22.63,17.76
2017,7,9,201707,17.46,18.74,16.3,20.45,17.25,21.56,19.48,17.48,19.18,22.12,23.37,23.02,21.29,19.74,25,24.7,26.6,24.03,22.38,25.66,26.19,17.18,19.78,23.87,20.7,22.26,17.58
2017,7,10,201707,17.68,19.03,17.85,21.12,18.68,24.52,21.24,19.73,21.81,23.32,25.3,25.02,22.34,20.64,25.49,24.01,26.83,24.49,23.21,25.64,25.54,17.79,19.4,23.5,20.07,21.6,16.43
2017,7,11,201707,19.66,21.54,20.58,24.11,21.76,25.99,24.2,21.73,22.88,23.27,25.89,25.97,23.45,22.84,25.46,24.95,26.88,25.2,24.44,26.03,25.53,17.93,17.76,23.07,19.69,20.83,14.43
2017,7,12,201707,20.01,22.67,20.79,25.12,22.7,25.89,24.77,22.07,23.6,22.56,25.32,26.32,25.04,24.02,25.91,26.33,26.77,25.33,25.35,26.26,25.6,17.52,16.78,23,19.62,20.47,15.48
2017,7,13,201707,16.87,22.3,20.48,25.83,23.49,26.45,25.45,21.43,21.04,19.07,23.87,26.38,25.76,24.83,26.29,26.65,26.48,25.77,25.3,26.43,25.73,16.7,18.04,23.1,19.93,20.53,16.5
2017,7,14,201707,16.39,18.16,20.21,24.49,22.49,23.71,24.46,19.3,17.45,19.84,24.29,25.66,25.25,24.08,26.74,27,26.82,25.71,24.86,26.44,25.63,17.04,19.38,23.68,19.84,20.66,16.92
2017,7,15,201707,17.57,19.54,19.79,23.49,21.56,21.27,21.58,18.17,19.04,21.97,24.77,24.99,24.31,22.94,26.77,26.7,27,25.27,24.48,26.61,25.98,16.8,19.38,23.86,19.95,21.26,18.04
2017,7,16,201707,19.65,21.1,19.2,22.81,20.05,23.36,22.14,19.5,21.01,21.98,24.87,25.71,22.9,22.25,25.66,25.34,27.12,25.28,24.4,26.85,25.68,16.89,19.45,23.72,19.77,21.63,14.73
2017,7,17,201707,20.83,22.27,20.64,23.71,21.61,23.15,22.43,17.18,17.52,23.59,24.7,24.61,23.36,22.51,24.76,24.49,26.67,25.15,25.26,26.66,26.11,17.98,17.54,23.5,19.83,21.4,13.46
2017,7,18,201707,20.1,22.07,21.33,24.55,22.6,22.79,23.29,19.22,19.59,22.93,25.89,25.61,23.82,23.35,24.91,24.34,26.42,25.36,25.12,26.75,26.13,18.3,16.89,23.29,19.76,20.05,15.11
2017,7,19,201707,21.3,23.84,21.7,25.36,23.81,25.98,25.2,21.85,22.89,22.87,27,26.47,23.88,23.83,26.34,25,26.85,26.17,25.4,27.53,26.45,19.25,18.43,23.39,19.95,19.31,15.68
2017,7,20,201707,21.76,23.86,22.25,25.67,24.01,26.47,25.51,22.04,23.43,24.31,26.52,26.99,24.62,24.51,27.2,25.87,27.25,27.21,26.34,27.64,26.59,19.18,18.71,22.72,19.54,18.99,15.01
2017,7,21,201707,21.16,23.06,21.77,26,24.03,27.7,26.34,22.22,21.97,23.89,26.53,27.42,25.26,24.59,27.36,26.84,27.23,27.6,27.15,27.77,26.47,18.7,17.92,22.55,19.27,19,14.14
2017,7,22,201707,19.36,21.98,20.31,25.76,23.21,27.54,26.03,21.92,23.19,23.89,26.15,27.41,25.65,24.89,26.98,26.85,26.55,27.57,27.45,27.39,26.66,17.99,16.54,22.81,19.75,19.84,15.83
2017,7,23,201707,16.15,20.76,19.82,24.67,22.08,26.85,25.52,21.08,21.88,21.11,24.79,27.43,25.91,24.75,26.31,27.11,26.19,26.59,26.52,27.28,27.05,17.38,17.99,23.12,20.41,21.61,18.39
2017,7,24,201707,14.64,16.34,17.81,23.32,20.55,23.63,23.36,18.36,18.39,21.41,24.2,25.34,25.28,24.12,25.87,26.23,26.85,26.22,26.53,27.48,26.82,17.33,18.52,22.54,20.32,21.21,17.5
2017,7,25,201707,14.24,14.91,15.35,20.83,18.25,22.03,19.26,16.94,17.7,23.04,25.56,25.63,23.42,21.22,26.25,26.15,27.45,25.85,26.31,27.51,26.64,18.34,17.48,21.97,20.39,20.46,17.21
2017,7,26,201707,16.47,16.22,16.3,19.49,18.16,23.7,19.69,19.02,21.34,22.49,25.69,27.11,21.65,19.83,26.03,25.76,27.73,25.95,26.94,27.11,26.9,17.68,16.86,21.86,20.31,20.77,17.86
2017,7,27,201707,16.72,17.37,18.88,20.71,20.12,26.16,23.65,20.51,20.84,21.52,23.61,26.25,24.2,22.49,26.05,25.54,27.78,26.53,25.63,27.04,26.58,17.63,18.15,23.21,20.51,20.85,17.2
2017,7,28,201707,18.6,20.37,19.11,23.31,21.12,23.14,22.81,18.84,19.38,21.17,22.27,25.2,23.73,22.37,26.93,26.04,27.92,26.13,25.31,27.36,26.56,17.38,18.03,23.03,19.8,21.23,16.55
2017,7,29,201707,15.41,18.88,15.72,21.75,17.59,20.02,18.85,17.41,19.03,21.6,22.88,21.61,20.41,17.94,26.11,24.86,27.88,24.93,23.14,26.68,26.92,17.37,18.37,21.58,19.76,20.73,16.68
2017,7,30,201707,14.06,15.77,16.03,18.71,16.7,18.89,19.08,19.61,19.77,21.93,22.24,19.63,18.19,17.45,23.96,21.34,26.95,22.6,20.3,23.98,26.61,16.29,18.32,21.45,19.67,21.07,17.42
2017,7,31,201707,17.69,19.11,19.42,20.04,19.8,20.6,21.25,21.05,20.91,22.17,21.52,20.24,19.15,19.88,22.49,20.92,25.98,23.13,20.44,22.93,25.49,16.26,18.52,22.92,19.61,21.68,17.47
2017,8,1,201708,19.22,21.03,20.44,22.66,20.77,22.33,21.87,21.37,20.99,22.23,21.84,21.6,20.96,21.18,22.05,21.48,25.41,23.53,21.89,23.68,25.49,16.07,17.99,22.99,19.68,22.67,18.81
2017,8,2,201708,19.87,22.33,21.05,23.25,21.41,22.08,22.35,20.77,20.66,19.61,22.13,22.38,21.91,22.03,23.89,22.42,26.53,24.11,23.19,24,24.59,15.56,17.23,23.28,19.71,23.48,19.63
2017,8,3,201708,20.02,21.16,20.36,23.53,21.12,22.7,21.98,19.16,18.29,16.84,20.81,23.26,22.23,21.97,25.16,23.34,26.81,24.45,23.37,24.73,23.99,15.28,16.1,23.62,19.98,23.24,20.27
2017,8,4,201708,20.46,21.19,20.98,23.82,21.97,18.78,21.13,18.51,14.88,15.23,17.22,19.2,22.72,22.27,24.51,24.62,26.95,24.24,23.05,24.46,25.16,14.96,16.61,22.82,19.87,22.82,19.78
2017,8,5,201708,19.27,19.99,19.45,22.75,19.29,16.83,16.3,15.78,15.68,16.89,18.91,16.8,21.33,19.11,24.71,24.13,27.44,22.69,19.56,24.44,26.13,16.11,16.6,22.3,19.42,21.82,17.82
2017,8,6,201708,16.27,17.74,15.48,18.59,16.14,18.42,17.06,16.92,17.8,17.34,20.16,19.47,18.32,16.94,25.48,23.91,27.37,23.19,20.73,25.68,26.68,15.13,15.35,21.49,18.67,20.74,17.62
2017,8,7,201708,14.41,16.77,15.91,18.83,16.24,20.19,17.63,17.18,17.04,17.27,19.02,22.36,21.46,19.2,26.22,25.6,27.28,24.28,23.36,25.38,26.58,13.89,15.04,21.77,18.74,20.18,18.63
2017,8,8,201708,15.39,17.59,16.87,19.91,18.08,19.48,19.06,17.57,17.62,18.1,18.78,21.26,21.08,19.85,25.98,24.3,27.47,24.31,22.36,24.58,25.03,13.03,15.58,21.52,18.42,20.09,18.94
2017,8,9,201708,16.44,18.38,17.32,20.47,17.92,18.87,18.37,18.67,18.27,18.98,19.9,19.97,20.36,18.92,25.06,22.75,27.72,23.64,21.91,24,24.96,14.26,15.73,21.67,19.07,20.31,19.23
2017,8,10,201708,18.26,20.18,18.86,20.53,18.42,20.36,19.29,18.81,18.08,18.09,20.72,21.54,20.54,18.89,24.81,22.9,27.23,24.5,22.78,25.34,26.27,15.43,15.08,22.36,19.33,20.51,19.36
2017,8,11,201708,19.06,19.87,18.65,20.56,19.01,21.89,21.51,18.89,16.94,17.8,20.25,23.36,21.92,20.68,25.28,23.55,27.08,24.49,23.08,26.23,26.76,14.86,15.94,22.94,19.49,20.76,19.34
2017,8,12,201708,18.33,20.08,19.24,22.52,20.84,20.17,21.48,17.33,16.79,18.24,20.18,21.45,22.06,21.82,25.77,23.79,27.14,25.52,23.79,25.72,26.96,15.75,16.72,22.43,18.97,20.77,18.74
2017,8,13,201708,18.69,21.22,18.85,22.74,19.04,19.32,19.48,17.69,17.63,18.08,21.07,19.65,22.4,21.06,26.66,25.27,27.26,25.47,22.98,24.9,26.78,15.71,16.38,22.82,19.01,19.53,16.65
2017,8,14,201708,17.45,19.77,18.04,21,18.15,21.12,20.13,19,18.84,18.47,22.99,22.37,22.69,20.27,26.38,25.63,27.64,25.86,24.17,25.32,26.65,15.91,15.53,21.86,18.39,18.39,13.52
2017,8,15,201708,18.16,19.54,19.41,22.46,20.71,24.25,22.81,18.88,18.33,19.23,23.08,24.77,23.55,22.47,26.19,25.9,27.77,25.81,24.28,26.06,26.66,15.68,14.14,19.95,17.65,17.3,12.97
2017,8,16,201708,17.7,20.98,19.25,23.72,21.23,24.17,23.51,18.96,18.6,19.68,22.81,25.27,23.81,23.38,26.26,26.17,27.77,25.58,25.04,26.49,26.85,13.65,13.91,18.35,16.99,17.61,14.36
2017,8,17,201708,14.6,17.65,17.15,23.01,20.61,25.67,24.5,20.53,19.63,19.77,20.5,25.09,24.38,23.32,26.87,26.89,27.77,25.89,25.28,26.52,26.92,13.6,15.11,19.41,17.32,19.11,15.59
2017,8,18,201708,15.97,19.17,20.79,24.42,23.3,21.93,23.2,19.69,18.19,19.47,21.66,21.82,25.23,24.07,26.96,26.93,27.68,26.34,24.88,25.83,26.48,14.86,15.62,19.71,18.22,20.13,15.46
2017,8,19,201708,17.91,22.34,20.76,25,21,21.97,20.82,18.55,18.27,19.73,22.3,23.71,24.15,22.52,26.29,26.61,27.22,25.23,23.08,27.04,26.39,15.83,16.01,20.59,18.63,20.45,14.77
2017,8,20,201708,18.98,20.95,18.72,22.24,19.81,22.31,21.88,19.85,19.75,20.3,24.03,23.9,23.54,21.94,26.07,26.23,27.65,26.26,25.38,27.16,26.09,15.99,15.13,20.98,18.31,19.85,13.97
2017,8,21,201708,18.54,19.92,19.51,21.65,20.76,25.65,24.2,21.71,22.15,19.77,24.85,26.69,24.07,22.83,26.62,26.17,27.27,27.24,26.29,27.39,26.27,15.98,14.87,20.86,17.79,19.61,15.46
2017,8,22,201708,20.8,22.25,21.64,24.86,22.9,25.21,24.34,21.26,19.34,16.96,22.09,25.44,24.58,23.85,25.86,25.59,27.29,26.42,26.09,26.62,26.13,15.63,15.31,21.19,18.21,19.67,17.29
2017,8,23,201708,20.92,22.98,19.93,24.84,21.05,17.4,19.06,15.54,14.11,15.89,18.19,18.42,23.85,22.68,26.66,25.98,27.24,25.2,24.17,24.99,25.79,15.57,16.85,21.9,18.49,20.12,17.88
2017,8,24,201708,15.4,17.3,15.37,19.62,15.9,17.09,16.53,13.72,14.29,17.46,19.75,18,21.06,18.1,25.9,25.33,27.26,21.94,19.05,23.03,25.32,15.06,16.97,21.81,18.23,19.74,16.41
2017,8,25,201708,13.93,16.65,14.84,19.2,16,16.99,15.57,13.33,13.14,17.89,21.16,19.01,19.41,17.38,25.49,23.89,26.85,21.03,18.7,22.56,24.69,14.83,16.31,21.34,17.91,20.12,13.79
2017,8,26,201708,12.97,14.62,13.22,18.57,15.19,17.66,15.84,14.68,14.62,19.04,21.82,19.73,19.9,17.39,24.12,22.99,26.5,22.06,19.06,22.97,23.79,16.01,16.11,22.3,18.94,20.73,14.78
2017,8,27,201708,13.81,15.4,14.37,17.64,15.08,18.97,16.35,15.77,17.11,19.58,22.36,21.13,19.1,17.73,24.09,22.27,26.06,22.75,20.07,23.77,23.19,16.05,16.46,22.75,19.37,21.85,17.2
2017,8,28,201708,14.41,15.26,14.87,17.83,15.95,20.54,18.55,16.69,17.92,18.84,20.98,21.58,19.18,18.19,22.07,20.69,25.27,22.92,21.4,24.13,23.25,15.78,17.32,22.73,19.29,22.4,19.3
2017,8,29,201708,14.49,14.95,14.63,17.8,15.4,20.44,19.18,17.62,17.15,19.59,19.05,20.71,18.83,17.82,23.3,21.59,25.58,22.27,21.26,22.72,22.43,15.56,18.38,22.55,19.04,22.58,19.48
2017,8,30,201708,14.48,14.94,15.09,17.92,16.49,20.21,19.46,18.34,18.25,19.91,19.78,20.46,19.18,18.46,23.09,21.18,27.09,22.42,21.32,21.73,21.69,15.76,18.2,22.48,18.75,21.66,17.62
2017,8,31,201708,14.11,15.98,15.38,19.61,17.87,20.91,19.92,16.17,15.97,19.45,20.27,20.9,20.75,19.85,24.18,22.83,27.89,22.65,20.94,21.88,21.98,15.8,17.59,22.01,17.91,20.57,15.64
2017,9,1,201709,9.69,12.28,10.34,15.23,12.24,17.42,15.76,12.03,12.07,18.52,20.1,19.14,18.63,16.97,24.48,23.16,27.35,21.42,19.37,22.37,23.2,15.2,16.03,21.14,17.68,21.59,15.86
2017,9,2,201709,9.85,10.25,9.57,13.66,10.89,14.85,14.03,12.49,12.96,18.95,21.14,18.15,16.89,15.02,22.8,22.17,26.41,20.29,17.35,22.75,23.95,15.72,16.65,21.68,17.93,22.91,18.18
2017,9,3,201709,11.88,13.24,11.79,17.16,13.91,19.38,16.95,16.21,17.19,19.83,22.3,21.32,18.85,16.97,21.92,21.09,26.06,20.72,17.69,23.65,24.71,16.7,17.91,22.08,18.99,23.33,19.96
2017,9,4,201709,14.58,16.18,15.46,18.17,16.27,21.06,19.04,17.64,17.93,18.28,22.13,23.34,18.95,18.55,22.96,20.89,26.51,22.65,20.71,24.64,24.04,16.66,16.58,22.41,19.18,22.3,19.68
2017,9,5,201709,17.99,19.64,18.3,21.38,19.63,17.38,19.62,13.73,11.42,11.92,15.69,18.65,20.98,20.48,24.65,22.76,26.71,23.42,21.34,23.17,24.12,13.37,13.98,22.43,18.63,21.96,19.79
2017,9,6,201709,17.61,19.16,15.53,21.77,16.25,12.54,12.63,11.27,10.08,12.04,12.92,12.86,19.56,17.05,23.79,23.25,26.54,18.86,15.52,18.01,21.57,12.73,14.65,22.11,17.76,20.97,19.64
2017,9,7,201709,16.14,17.86,13.25,17.15,12.85,13.44,12.59,11.66,10.46,13.74,15.31,14.13,14.89,13.56,17.97,18.19,25.36,14.88,13.52,16.45,18.8,14.07,15.68,21.66,17.89,19.88,18.98
2017,9,8,201709,13.24,14.23,11.66,14.8,12.1,15.35,14.03,11.7,11.87,15.36,19.01,16.63,13.79,13.62,18.76,15.8,25.46,15.8,14.32,17.86,19.29,15.13,15.85,21.14,17.26,18.76,17.89
2017,9,9,201709,12.75,13.26,10.88,14.17,10.88,16.49,13.69,11.18,11.43,16.21,19.58,18.95,14.42,13.37,18.65,16.51,25.13,17.01,15.53,18.58,20.17,15.29,16.67,20.28,16.63,18.37,16.5
2017,9,10,201709,12.66,13.68,11.42,14.15,10.92,15.53,12.12,12.25,13.54,19.24,19.92,18.91,13.24,12.13,18.15,16.27,24.31,16.98,15.76,19.16,20.19,15.82,16.42,20.75,16.83,19.34,15
2017,9,11,201709,13.35,14.09,12.43,15.05,12.58,14.55,13.5,14,14.3,19.66,20.41,16.67,14.85,13.89,17.75,17.69,23.01,16.2,14.71,18.59,20.28,16.21,16.11,21.81,17.5,21.15,15.54
2017,9,12,201709,15.37,16.38,15.05,16.99,15.1,16.38,15.33,16.39,17.59,20.45,20.58,16.41,16.71,15.53,17.37,18.79,22.84,15.83,15.24,17.87,20.48,16.22,16.85,21.97,18.27,20.92,16.91
2017,9,13,201709,16.63,17.68,16.83,18.14,17.26,17.64,17.05,17.44,18.81,20.93,20.7,17.88,19.56,18.41,20.04,21.16,24.95,17.12,16,19.11,21.85,15.7,15.81,21.49,17.91,19.25,14.7
2017,9,14,201709,18.39,20.53,19.01,20.7,18.12,19.4,17.53,18.71,18.84,20.03,21.31,19.56,18.61,17.55,22.11,21.33,25.91,20.27,17.78,21.19,23.56,14.92,13.44,20.44,17.13,17,11.59
2017,9,15,201709,18.61,19.93,18.7,21.16,18,20.91,18.78,19.14,19.6,18.03,22.48,21.3,19.45,18.49,23.88,22.02,26.53,22.77,20.86,23.36,24.64,13.27,9.17,17.49,15.01,14.7,9.7
2017,9,16,201709,19.27,20.51,19.57,21.84,19.7,22.3,20.02,19.92,20.28,15,20.14,22.42,20.71,19.47,24.57,23.39,26.41,23.42,22.33,24.29,24.54,10.92,6.12,17.48,12.83,14.69,9.38
2017,9,17,201709,19.55,19.98,19.65,22.01,20.34,22.51,20.63,19.92,18.64,11.99,16.62,22.45,20.38,20.12,24.2,22.41,25.76,23.56,22.37,24.33,24.23,10.09,6.88,17.87,13.96,15.02,9.99
2017,9,18,201709,18.81,19.41,19.6,20.89,20.14,21.27,21.45,17.06,12.47,13.12,18.97,21.95,20.79,20.46,22.92,22.09,25.48,24.23,22.34,24.76,24.85,11.53,9.81,17.38,14.31,15.27,10.21
2017,9,19,201709,18.18,18.37,19.47,19.93,20.01,22.71,21.74,16.89,15.79,16.92,21.09,22.91,20.53,20.32,22.99,21.72,25.48,24.64,22.77,25.21,25.38,11.63,9.47,16.68,13.83,14.21,7.43
2017,9,20,201709,19.14,19.3,19.02,21.32,19.89,23.68,22.19,19.34,19.01,17.45,19.7,24.58,20.85,20.76,24.47,22.7,26.29,25.14,23.49,25.81,25.45,10.17,6.05,16.93,12.97,14.21,7.01
2017,9,21,201709,18.35,19.81,19.27,21.73,19.87,25.75,23.87,21.85,20.61,15.92,19.88,25.76,21.62,21.31,25.2,24.13,26.11,25.48,24.72,25.96,25.55,11.76,7.85,17,13.21,12.57,6.29
2017,9,22,201709,14.7,15.67,18.05,19.88,19.35,25.35,24.14,23.38,22.77,19.92,23.67,25.02,21.52,21.09,24.54,23.88,25.63,25.06,23.72,25.86,25.04,12.57,6.26,15.62,11.33,9.68,6.94
2017,9,23,201709,17.48,18.45,18.73,20.81,18.92,24.66,22.81,23.79,22.71,17.71,21.95,24.24,20.75,19.91,24.23,23.66,25.23,24.56,23.34,25.19,24.69,11.55,4.75,13.68,10.78,9.69,7.51
2017,9,24,201709,20.21,19.96,21.06,21.31,20.75,23.21,21.55,22.99,21.8,16.06,19.5,23.48,20.1,19.65,23.77,22.34,25.18,22.91,22.62,24.32,24.1,7.94,4.46,10.82,9.4,10.38,8.38
2017,9,25,201709,22.16,21.79,22.49,21.95,22.1,22.13,21.41,21.71,20.38,13.6,16.35,23,20.48,20.87,23.29,21.52,25.8,22.54,21.56,23.41,23.5,6.01,4.95,10.33,9.47,11.81,9.94
2017,9,26,201709,21.73,21.15,22.24,21.3,22.22,22.58,21.99,20.98,19.31,12.69,14.3,22.05,21.08,21.4,22.92,22.26,26.57,23.06,21.85,22.78,22.5,5.91,6.3,11.59,10.02,13.63,11.99
2017,9,27,201709,21.19,21.56,22.1,22.17,22.12,20.37,21.35,17.53,12.77,11.63,14.3,19.58,22.6,22.18,24.12,23.87,26.64,23.67,22.63,22.16,21.11,7.88,8.05,13.68,10.36,14.25,13
2017,9,28,201709,17.93,19.92,16,20.72,17.36,14.4,15.86,12.66,12,12.91,13.86,15.46,21.34,19.64,24.36,23.24,26.59,22.35,20.92,20.49,20.68,7.8,9.2,14.52,11.03,15.1,13.45
2017,9,29,201709,8.66,10.5,10.22,12.74,12.27,14.64,13.9,13.05,11.83,11.89,14.64,15.43,15.91,13.98,24.16,21.42,26.33,19.9,17.45,19.25,19.88,8.22,9.75,16.26,12.16,15.2,12.89
2017,9,30,201709,8.33,11.2,9.75,13.77,10.87,12.45,11.63,9.7,10.57,12,15.49,14.55,13.9,12.23,23.05,19.78,25.85,18.21,14.95,18.51,19.19,9.09,9.85,17.01,12.88,14.44,9.79
2017,10,1,201710,8.7,10.3,8.6,12.96,8.57,12.25,10.46,10.95,11.14,14.1,17.23,14.74,10.75,10.04,18.79,14.08,24.51,18.36,14.08,19.14,20.19,10,6.97,15.69,11.81,13.2,6.99
2017,10,2,201710,9.51,10.56,10.17,12.92,10.78,18.34,13.53,13.65,14.53,13.14,17.37,19.65,13.44,12.54,19.06,16.35,23.89,18.39,15.35,21.91,22.71,7.42,3.48,14.95,10.23,11.44,5.67
2017,10,3,201710,9.73,11.93,11.99,13.89,12.45,21.55,16.49,17.2,19.25,13.47,17.71,22.41,14.73,14.43,21.01,17.49,24.24,20.98,19.02,23.55,23.64,6.1,2.27,13.91,9.74,9.84,5.94
2017,10,4,201710,13.24,13.29,14.49,15.03,14.36,22.07,19.63,18.91,15.08,9.87,15.73,22.15,15.11,15.37,20.14,17.6,23.87,19.83,17.8,23.28,23.32,9.27,3.87,16.54,11.71,10.35,6.53
2017,10,5,201710,16.46,17.67,17.69,17.81,18.04,19.48,19.03,12.88,9.44,10.62,17.43,21.12,16.91,17.3,20,18.87,23.69,19.58,18.28,21.93,23.2,11.91,5.36,17.38,11.8,11.18,7.66
2017,10,6,201710,12.45,15.5,13.81,20.16,18.24,20.07,18.67,13.7,13.39,11.92,18.17,21.01,18.88,19.57,21.78,20.63,24.99,20.41,18.81,22.24,23.76,9.62,5.29,15.34,11.5,12.01,8.06
2017,10,7,201710,12.98,16.2,16.11,20.37,19.57,20.21,20.59,17.66,16.05,12.63,15.7,19.99,20.24,20.2,23.69,22.05,26.49,22.57,20.73,22.2,22.78,5.94,6.43,12.62,10.02,13.92,8.49
2017,10,8,201710,17.61,19.71,19.28,21.98,20.83,17.78,20.27,17.1,14.68,11.87,13.72,17.37,21.59,20.9,24.37,23.3,26.4,22.68,21.51,21.34,20.71,8.03,5.18,13.78,10.08,13.35,6.14
2017,10,9,201710,17.4,19.72,17.1,22.48,19.25,18.81,18.44,15.82,12.64,7.5,10.98,18.65,22.45,20.5,23.94,23.93,26.65,22.52,20.5,22.28,22.12,3.21,1.33,12.45,6.89,11.01,5.23
2017,10,10,201710,17.17,19.27,17.08,21.82,18.67,18.32,19.36,13.05,8.5,5.42,7.01,18.63,22.39,21.12,25.14,24.34,26.64,24.05,22.59,20.69,18.68,0.28,2.48,10.21,5.46,10.56,6.19
2017,10,11,201710,12.72,15.65,13.43,18.62,15.96,14.31,18.46,11.02,8.49,6.88,7.55,12.22,21.77,20.63,25.54,24.63,25.88,22.97,21.28,15.42,14.79,4.31,5.04,13.61,7.94,10.98,5.15
2017,10,12,201710,6.98,11.74,10.42,15.83,12.01,15.07,15.9,11.81,12.44,10.72,11.55,14.44,19.22,16.92,24.07,23.97,24.99,19.92,17.48,17.87,18.73,8.2,4.53,14.96,9.41,9.49,3.19
2017,10,13,201710,6.95,9.02,9.92,14.63,13.3,16.13,16.84,14.76,12.96,9.72,14.43,17.35,17.95,17.17,22.91,21.75,24.85,19.83,17.8,21.48,22.49,7.36,2.2,14.58,9.92,9.82,4.2
2017,10,14,201710,11.98,15.19,14.31,18.9,16.31,19.11,17.62,13.58,9.46,7.84,15.63,21.47,18.54,18.2,22.28,20.5,24.72,21.41,19.95,23.66,23.83,6.79,1.66,14.02,9.68,10.34,2.69
2017,10,15,201710,15.5,17.93,17.42,19.35,18,17.4,18.72,12.92,8.39,6.73,9.58,17.01,19.6,19.25,22.9,21.02,25.16,22.25,20.4,20.46,21.26,2.51,1.34,12.13,6.6,11.12,4.59
2017,10,16,201710,13.38,15.83,11.28,16.56,12.44,9.6,10.41,7.96,7.07,7.36,9.31,9.45,16.26,14.18,22.15,19.95,25.15,16.07,13.17,13.56,13.85,5.61,4.71,13.63,7.83,12.97,7.12
2017,10,17,201710,4.84,6.46,4.91,7.09,5.92,9.86,9.15,9.96,9.35,10.82,11.59,10.12,8.98,8.04,16.28,12.48,23.49,11.91,9.97,11.79,12.94,6.92,6.29,15.44,9.7,13.74,8.63
2017,10,18,201710,7.91,8.64,9.2,9.43,8.62,11.45,10.51,11.75,11.61,11.81,13.07,11.97,9.43,9.95,12.52,10.48,21.47,12.89,11.17,14.07,15.11,7.78,7.13,16.15,10.87,13.46,8.16
2017,10,19,201710,10.44,12.19,11.24,12.37,10.54,13.57,12.1,11.64,10.71,10.45,14.07,14.53,11.49,11.54,14.83,13.54,22.35,13.97,12,16.48,17.28,8.44,7.82,16.54,11.47,12.33,8.49
2017,10,20,201710,10.66,12.06,10.67,13.17,11.56,15.35,14.11,11.91,12.56,13.88,15.17,15.49,13.33,13.09,15.99,14.5,22.96,15.54,13.39,17.65,19.71,9.44,8.11,14.8,10.41,11.15,5.99
2017,10,21,201710,8.6,11.3,11.07,12.85,12.12,16.19,14.79,14.68,14.71,14.87,16.42,17.58,15,14.35,17.75,16,23.43,18,15.05,21.1,21.71,5.5,3.22,12.04,7.22,8.42,4.03
2017,10,22,201710,11.14,13.86,13.15,14.64,13.78,18.31,16.56,15.51,14.54,10.2,8.92,16.35,15.26,15.21,20.4,17.78,24.16,19.88,18.19,18.8,19.27,1.5,3.6,10.52,6.56,10.87,8.24
2017,10,23,201710,11.94,14.3,14.27,16.51,14.71,12,15.98,13.55,8.29,9.42,9.69,10.61,17.26,16.2,21.43,20.55,24.79,17.22,16.58,13.29,14.69,5.73,5.26,13.33,9.18,13.72,7
2017,10,24,201710,15.45,17.62,16.24,18.87,15.42,8.36,10.09,9.6,6.48,5.28,6.5,8.22,16.12,14.37,14.1,17.14,21.63,11.32,9.94,11.17,14.04,2.95,4.2,13.92,8.98,15.76,8.36
2017,10,25,201710,16.56,17.41,11.37,15.83,8.63,5.08,6.13,5.68,2.64,6.56,7.8,5.93,10.06,8.51,10.07,11.32,16.57,8,7,8.61,11.57,5.45,6.61,13.09,8.59,15.72,9.11
2017,10,26,201710,13.5,13.71,7.78,11.21,7,7.73,5.53,5.04,5.09,6.77,10.34,10.72,8.17,6.84,8.84,9.17,13.31,9.15,8.15,12.57,14.29,5.49,5.18,13.98,9.36,15.39,9.46
2017,10,27,201710,8.84,8.79,7.28,9.64,7.49,6.57,8.16,7.1,4.9,-0.53,0.98,5.7,8.69,8.63,12.24,10.38,17.01,13.41,11.36,11.4,12.79,-0.99,1.63,12.39,7.65,15.08,9.14
2017,10,28,201710,8.03,9.89,9.38,11.92,9.44,2.14,5.11,4.38,1.65,-0.85,-0.72,1.22,11.22,10.78,15.47,13.9,21.23,9.58,7.09,4.45,5.64,0.9,4.45,11.83,6.76,14.56,9.83
2017,10,29,201710,11.27,14.03,11,16.14,10.16,2.97,3.46,4.1,0.71,2.94,5.08,1.59,13.44,9.56,9.71,15.38,16.36,4.9,4.03,4.86,7.3,4.87,6.09,12.67,8.44,14.49,9.45
2017,10,30,201710,12.37,13.39,9.11,12.27,6.89,4.14,3.45,3.89,2.77,2.05,5.47,5.17,6.83,5.89,5.41,6.32,10.62,6.34,4.5,9.36,11.51,2.01,1.39,12.81,9.06,12.97,6.64
2017,10,31,201710,6.43,7.38,4.82,8.28,4.02,2.95,3.19,3.19,0.45,-1.31,0.29,2.86,7.13,5.53,10.36,9.07,13.56,9.32,6.59,8.25,11.48,0.79,-0.52,12.66,6.83,11.08,3.32
2017,11,1,201711,4.32,5.26,4.14,6.95,3.72,4.04,3.96,2.53,-0.41,0.74,4.55,6.22,9.48,6.34,13.87,13.64,17.73,12.53,10.68,11.96,14.29,4.11,2.71,12.27,7.39,10.93,5.6
2017,11,2,201711,8.57,12.96,10.07,15.67,11.24,12.6,13.2,7.03,4.14,2.94,8.67,14.63,14.54,13.28,17.17,17.47,21.09,18.42,16.9,18.57,18.88,5.52,2.06,12.02,8.32,10.53,4.95
2017,11,3,201711,13.99,16.27,12.92,16.77,13.62,11.48,14.51,6.39,1.86,0.29,4.38,12.33,16.65,15.17,19.49,19.09,21.38,20.47,19.33,18.71,19.12,3.9,2.43,12.03,8.2,9.6,3.58
2017,11,4,201711,4.87,8.01,4.77,10.81,6.86,11.24,10.19,3.94,3.26,1.69,7.26,14.59,14.31,11.8,20.22,18.63,21.48,20.29,19.03,19.48,20.28,5.41,1.19,13.07,8.43,9.53,1.58
2017,11,5,201711,4.03,7.94,7.2,13,10.22,15.85,17.24,8.14,4.93,0.82,7.6,16.76,14.39,14.26,19.57,18.21,21.37,21.05,20.05,20.87,20.89,4.25,-1.61,12.07,7.57,8.43,1.03
2017,11,6,201711,12.3,14.71,11.88,16.38,13.64,7.74,13.39,4.47,-0.97,-3.25,2.03,8.26,16.96,15.9,19.57,19,22.62,20.09,18.97,17.37,20.11,2.14,-2.31,11.19,6.3,7.44,0.79
2017,11,7,201711,4.03,7.99,3.44,10.29,4.84,5.72,6.54,1.8,-1.17,-3.44,0.73,5.37,13.65,9.49,20.39,19.01,22.54,18.43,16.48,14.44,18,0.71,-4.59,12.24,5.35,7.63,-0.63
2017,11,8,201711,0.2,4.64,1.31,7.86,3.19,3.58,4.09,1.02,-1.82,-3.54,0.84,4.49,7.53,6.06,19.49,14.51,22.55,14.53,10.49,10.89,11.69,-0.43,-3.63,11.54,4.45,9.17,2.21
2017,11,9,201711,-0.16,2.64,1.76,8.15,3.33,2.89,3.64,0.62,-3.03,-5.88,0.97,3.8,8.19,6.59,15.7,11.14,22.32,10.99,8.73,8.7,8.81,0.41,-2.35,11.71,5.93,9.87,4.02
2017,11,10,201711,-0.9,2.71,-1.99,5.77,0.13,-2.75,-1.26,-5.87,-9.02,-8.42,-0.75,-0.26,6.16,3.13,12.22,10.62,20.2,7.21,5,7.98,11.07,1.39,0.41,11.72,6.63,8.53,4.01
2017,11,11,201711,-6.13,-4.92,-6.52,-2.97,-5.31,-1.67,-2.35,-3.38,-3.15,-2.84,4.49,1.12,-0.81,-1.95,8.86,4.49,19.23,6.26,3.47,8.61,13.78,2.99,0.82,11,6.75,8.61,3.78
2017,11,12,201711,-3.93,-1.84,-3.2,0.49,-2.53,3.49,1.49,0.79,-0.37,-0.65,6.47,7.9,1.85,1.88,10.78,5.96,20.68,11.33,9.23,13.71,16.32,1.56,-0.2,10.84,5.98,8.74,4.22
2017,11,13,201711,-0.71,2.29,0.24,4.36,1.64,2.85,4.59,1.75,-0.87,0.73,5.49,5.28,7.32,6.09,14.18,11.19,21.2,12.2,9.74,13.27,16.48,4.02,1.56,12.49,7.38,9.06,4.93
2017,11,14,201711,-0.06,3.45,1.14,4.35,2.28,4.24,3.87,2.69,2.1,3.41,9.86,8.19,5.74,4.33,11.16,8.85,19.64,8.76,6.54,13.04,17.47,5.09,2.26,11.92,7.99,9.18,3.49
2017,11,15,201711,-0.24,2.6,1.43,6.86,2.65,8.65,4.1,4.05,4.56,2.15,8.9,10.95,4.51,4.47,8.55,7.18,18.01,9.31,8.2,14.54,17.46,2.58,-0.66,11.04,6.47,9.15,3.19
2017,11,16,201711,2.05,5.22,3.99,9.84,5.35,2.93,4.71,2.44,-0.84,-2.96,3.92,4.28,7.63,7.28,10.39,8.89,17.02,11.75,9.19,12.76,16.39,3.13,2.03,11.33,7.71,10.6,3.35
2017,11,17,201711,1.8,3.18,0.14,4.69,1.61,2.83,2.44,0.53,0.5,1.27,9.06,7.08,4.6,3.42,11.04,7.77,17.25,10.92,6.56,16.18,18.68,6.3,2.26,11.7,7.8,9.52,1.71
2017,11,18,201711,-1.95,0.49,-0.26,3.23,1.37,10.05,8.46,3.7,1.83,-0.45,7.22,13.13,5.73,5.5,12.63,8.75,18.89,15.47,13.6,17.55,17.68,0.13,-2.71,9.25,3.15,6.33,0.8
2017,11,19,201711,4.72,8.61,3.72,10.21,5.77,1.05,3.84,0.44,-3.91,-3.3,1.96,2.74,9.91,8.11,13.09,13.46,18.76,9.35,6.97,7.06,8.24,-2.34,-2.65,6.16,0.85,6.02,1.56
2017,11,20,201711,-2.4,0.65,-1.08,3.06,0.21,1.27,0.18,0.63,-1.2,0.26,4.28,3.34,2.41,1.28,5.56,4.74,14.26,3.26,2.15,5.55,7.36,-0.39,-0.37,7.04,2.62,8.03,4.71
2017,11,21,201711,-0.83,3.48,1.82,4.4,1.86,3.48,2.77,1.9,-0.95,-2.33,4.95,5.04,3.99,3.68,11.67,7.56,18.8,6.25,4.7,7.68,10.7,1.47,0.53,8.15,5.76,10.54,5.45
2017,11,22,201711,3.18,6.99,2.38,8.2,3.09,-1.77,0.91,-1.84,-5.51,-5.18,0.03,-0.98,8.85,6.07,14.43,14.12,20.26,7.14,4.83,6.74,9.94,2.52,3.66,10.62,7.16,12.58,8.38
2017,11,23,201711,-1.38,0.4,-1.95,1.2,-1.31,-0.4,-0.78,-0.73,-2.33,0.79,6.44,0.28,1.79,0.37,11.06,6.88,19.63,3.4,1.54,4.17,8.06,5.3,6.13,11.45,8.22,13.58,9.14
2017,11,24,201711,-0.82,0.75,0.81,1.54,0.91,3.08,1.55,1.98,2.31,6.12,10.45,6.23,2.5,2.07,10.43,5.91,18.22,5.58,4.54,8.12,11.15,5.62,5.37,12.1,8.4,12.4,4.97
2017,11,25,201711,2.4,3.77,2.63,4.6,2.83,7.18,5.38,3.36,1.42,2.09,8.59,9.51,5.23,5.13,11.03,7.78,16.35,8.61,7.53,10.99,12.57,3.99,1.85,11.64,7.44,11.81,3.02
2017,11,26,201711,1.54,3.9,1.52,5.8,3.15,3.48,1.87,-0.31,-1.58,1.39,7.22,6.45,5.55,4.08,10.73,8.67,16.13,7.82,5.57,9.87,13.13,3.78,3.43,11.8,8.04,12.16,6.84
2017,11,27,201711,-2.57,1.06,-0.16,3.4,1.08,5.41,2.86,0.77,1.23,3.36,8.94,7.95,3.81,2.61,7.7,6.12,15.14,6.33,5.57,9.65,13.4,5.57,4.62,11.56,7.9,9.38,4.03
2017,11,28,201711,-5.11,-1.27,-0.67,3.91,2.87,8.31,6.1,4.66,4.85,4.32,8.79,10.26,6.29,5.7,10.12,7.67,18.15,7.76,6.61,11.33,14.35,3.17,-0.35,8.32,4.1,5.97,1.72
2017,11,29,201711,1.9,5.34,3.7,7.54,4.8,6.39,6.59,1.85,-0.67,-0.05,3.68,9,7.42,6.6,16.27,13.04,20.77,10.99,8.5,12.84,13.26,0.32,-0.67,8.16,2.66,6.6,1.56
2017,11,30,201711,-1.95,1.44,0.05,4.55,2.26,7.36,5.28,1.83,0.42,1.64,3.87,9.62,7.63,6.18,16.09,12.92,19.92,13.67,11.18,13.11,12.32,0.62,-1.81,10.7,3.8,6.8,1.24
2017,12,1,201712,2.17,5.02,3.38,7.23,3.62,3.25,3.29,1.75,0.08,0.4,3.03,4.34,8.77,6.47,16.58,13.8,19.65,12.55,10.93,10.15,12.75,1.71,-0.65,11.25,5.12,7.39,1.8
2017,12,2,201712,-0.38,1.58,1.25,3.79,1.94,3.82,2.99,2.75,1.45,1.19,5.21,7,5.76,4.38,15.78,12.24,19.53,11.8,9.18,11.84,15.04,2.46,-0.57,11,5.76,7.36,1.88
2017,12,3,201712,-0.18,2.31,2.22,5.14,2.84,6.14,3.93,2.63,1.44,1.54,6.74,10.54,7.9,5.65,15.76,12.28,19.84,11.78,10.06,14.24,16.33,3.34,0.93,10.87,5.81,7.07,1.58
2017,12,4,201712,-0.38,3.28,2.1,5.32,3.06,10.39,5.32,4.3,6.34,3.47,9.27,14.87,6.48,5.34,13.99,10.28,19.37,12.22,10.35,16.45,17.44,-0.1,-3.36,7.67,1.78,3.21,-1.33
2017,12,5,201712,0.93,4.2,5.2,9.62,5.93,6.98,8.98,5.01,0.8,-4.15,-0.67,6.14,9.22,8.43,16.01,13.01,20.73,15.2,12.73,11.76,13.68,-6.35,-5.62,3.59,-1.4,1.86,-1.38
2017,12,6,201712,5.73,8.97,3.32,9.29,2.8,-0.36,-0.33,-3.35,-6.79,-5.97,-0.46,0.89,8.99,4.9,14.86,14.87,20.7,6.62,4.42,4.34,6.1,-5.86,-5.4,3.73,-1.77,3.19,-0.93
2017,12,7,201712,-0.47,0.73,-0.75,1.94,-0.8,-2.54,-1.82,-3.95,-8.56,-9.86,-4.39,-1.79,2.93,0.58,7.29,7.47,17.06,4.45,2.5,2.58,4.02,-8.53,-5.76,1.22,-3.16,4.22,-0.75
2017,12,8,201712,-1.42,-0.18,-2.2,1.16,-2.42,-5.6,-4.75,-4.1,-7.6,-6.34,-3.08,-5.81,1.35,-1.07,6.08,4.88,17.17,1.17,-0.97,-1.5,0.77,-4.05,-3.5,0.05,-2.76,5.04,-0.24
2017,12,9,201712,-2.16,-0.44,-3.15,0.58,-3.25,-3.32,-4.58,-3.6,-5.15,-5.77,0.04,-3.49,0.42,-1.56,4.57,3.35,14.26,-0.28,-1.69,0.34,3.55,-1.87,-3.25,2.66,-0.33,5.77,-0.6
2017,12,10,201712,-2.06,-0.24,-2.32,0.18,-2.31,-2.52,-2.51,-3.66,-6.19,-4.51,1.57,-1.66,-0.9,-1.84,0.65,0.62,7.21,0.31,-1.31,3.15,6.15,-1.82,-2.72,4.32,0.32,5.88,-0.64
2017,12,11,201712,-3.06,-0.57,-2.43,0.7,-1.8,-0.58,-2.02,-3.98,-5.07,-1.97,3.3,2.34,-0.18,-0.46,2.38,1.64,7.36,2.65,1.23,5.84,7.07,-0.75,-2.01,4.74,0.16,5.71,-0.79
2017,12,12,201712,-3.41,0.85,-1.56,3.19,-0.82,-2.18,-2.01,-5.64,-8.89,-6,0.94,0.58,1.69,0.86,5.17,4.11,11.15,4.02,2.36,5.36,7.11,-0.89,-1.92,4.68,0.24,5.14,-1.5
2017,12,13,201712,-3.19,-2.3,-6.74,-3.44,-7.03,-3.02,-5.4,-7.23,-7.15,-2.15,3.47,0.3,-4.26,-5.8,1.46,-0.54,9.52,0.65,-1.5,4.01,6.18,0.23,-1.74,4.7,0.5,5.48,-0.1
2017,12,14,201712,-11.43,-5.83,-9.71,-2.14,-5.51,-1.34,-2.42,-6.82,-5.92,-3.23,2.06,1.16,-0.47,-1.65,4.15,2.06,11.28,3.46,0.68,5.42,7.67,-1.9,-2.9,4.84,0.28,6.28,-0.39
2017,12,15,201712,-12.27,-7.64,-9.84,-4.88,-7.49,-1.13,-4.13,-5.78,-5.78,-2.5,1.42,1.53,0.2,-2.76,6.9,4.25,16.46,3.26,0.12,4.79,6.24,-4,-2.95,3.53,-0.43,6.46,-0.33
2017,12,16,201712,-8.08,-3.45,-5.04,-1.89,-3.65,2.1,-0.18,-4.46,-3.93,-1.23,2.02,2.79,-0.57,-1.8,4.24,2.46,15.15,2.23,0.27,3.82,4.98,-1.05,-2,3.43,-0.22,5.57,-0.54
2017,12,17,201712,-10.62,-5.3,-7.86,0.8,-0.75,2.22,0.42,-3.38,-2.79,-1.52,1.59,4.03,1.16,0.78,6.45,3.4,17.16,6.28,2.34,8.19,7.25,-3.67,-4.56,4.05,-1.57,3.55,-1.04
2017,12,18,201712,-9.92,-3.41,-3.73,3.57,1.3,5.65,3.46,-0.9,-1,-0.89,2.05,6.8,6.2,4.72,14.15,10.4,20.62,11.99,8.57,10.56,10.67,-3.14,-2.63,3.59,-0.32,4.6,2.17
2017,12,19,201712,-2.04,1.64,1.06,6.38,4.57,6.19,5.91,1.27,-0.07,-0.37,3.8,8.33,8.65,7.31,16.16,12.75,21.32,14.11,11.25,14.04,13.92,-1.28,-1.78,3.82,1.03,5.65,2.82
2017,12,20,201712,-0.95,1.56,-0.42,4.45,1.51,2.42,2.2,-3.02,-5.91,-5.44,2.39,7.09,8.67,5.35,17.59,13.62,20.67,15.69,13.64,14.66,13.09,-0.82,-2,4.44,1.23,5.05,0.18
2017,12,21,201712,-8.32,-3.26,-4.99,0.33,-1.62,1.61,0.08,-3.21,-4.24,-6.99,1.83,7.56,4.36,1.54,15.17,10.06,20.08,11.69,10.68,12.2,12.06,-2.2,-7.01,2.96,-0.94,1.39,-2.96
2017,12,22,201712,-11.29,-3.77,-4.49,2.75,1.29,5.73,5.46,-1.6,-3.2,-8.09,-3.85,6.46,5.01,5.26,13.21,10.15,19.25,14.43,12.24,11.23,13.25,-7.47,-7.87,-2.1,-3.32,1.08,-1.46
2017,12,23,201712,-5.58,1.41,-0.35,8.75,6.06,1.35,5.05,-2.33,-7.81,-9.17,-4.46,1.24,11.75,10.44,16.46,14.71,19.92,15.24,13.36,7.49,7.07,-5.59,-8.61,0.6,-1.57,3.63,-2.17
2017,12,24,201712,-3.56,0.96,-2.61,5.28,0.02,-3.48,-1.45,-6.06,-10.45,-9.95,-6.42,-1.94,7.27,3.48,15.45,14.73,19.9,6.72,4.14,3.17,5.81,-7.61,-12.05,3.94,0.11,4.89,-5.02
2017,12,25,201712,-6.96,-0.29,-3.41,2.53,-2.46,-6.49,-4.67,-7.21,-12.19,-15.39,-9.21,-5.91,0.86,-1.33,6.26,6.58,15.94,1.03,-1.52,-0.25,3,-5.58,-10.37,5.38,1.6,5.82,-2.63
2017,12,26,201712,-9.17,-5.98,-8.97,-4.04,-8.1,-10.15,-8.73,-13.52,-19.22,-19.74,-10.82,-6.07,-3.15,-5.46,2.9,1.24,13,0.21,-0.67,0.18,5.41,-6.91,-11.07,5.23,1.55,6.01,-4.56
2017,12,27,201712,-16.08,-9.75,-12.82,-5.69,-9.65,-15,-12.19,-12.69,-18.1,-18.89,-14.07,-12.67,-2.08,-5.41,5.61,1.97,17.11,0.64,-2.69,-1.68,3.84,-7.11,-9.75,6.29,0.76,6.14,-2.65
2017,12,28,201712,-20.08,-13.44,-15.61,-8.86,-11.36,-13.4,-12.6,-12.77,-17.69,-15.4,-9.23,-11.3,-7.45,-10.21,3.64,-1.54,15.58,-1.98,-5.77,-2.7,2.89,-3.03,-6.53,6.55,1.22,6.72,0.22
2017,12,29,201712,-19.64,-15.5,-16.14,-9.72,-11.11,-8.12,-8.82,-10.51,-14.58,-16.74,-6.29,-5.27,-6.6,-8.05,2.07,-2.46,13.67,-0.24,-3.08,0.47,5.18,-1.66,-5.96,6.81,2.13,7.2,2.47
2017,12,30,201712,-17.21,-13.18,-13.45,-7.86,-9.26,-9.05,-7.21,-9.88,-16.61,-19.84,-11.12,-5.54,-3.29,-5.72,3.51,0.53,12.16,1.94,-1.2,2.83,7.34,-3.15,-8.14,7.04,2.65,7.34,2.11
2017,12,31,201712,-16.56,-11.55,-14.63,-7.81,-10.62,-14.65,-12.1,-11.77,-17.72,-22.04,-15.44,-13.37,-6.32,-9.2,2.77,-0.88,12.08,-0.86,-5.6,-1.5,4.99,-6.34,-10.9,6.16,1.37,6.58,-1.2
2018,1,1,201801,-19.91,-16.45,-16.56,-11.08,-12.05,-18.1,-13.8,-12.14,-19.32,-23.03,-17.4,-16.85,-9.17,-10.73,-0.77,-5.6,11.64,-6.52,-8.93,-9.18,-3.88,-8.36,-12.24,6.32,0.04,7.3,-1.71
2018,1,2,201801,-18.28,-13.03,-12.28,-8.88,-11.26,-19.42,-16.03,-11.71,-18.6,-20.44,-15.18,-16.61,-10.89,-11.91,-5.55,-8.23,6.21,-9.03,-11.46,-9.47,-5.44,-7.59,-10.19,5.97,-0.28,7.82,-1.56
2018,1,3,201801,-12.22,-8.74,-10.87,-7.66,-11.75,-13.73,-13.53,-11.46,-15.06,-15.75,-8.4,-10.54,-8.28,-9.75,-4.22,-6.01,7.31,-6,-7.82,-5.51,-2.4,-5.46,-6.3,5.36,0.03,8.72,-0.27
2018,1,4,201801,-7.99,-4.31,-9.01,-2.9,-8.65,-13.97,-10.35,-12.6,-17.37,-17.16,-7.23,-12.42,-5.54,-7.45,-4.82,-3.96,3.54,-6.04,-8.06,-3.62,1.31,-3.74,-5.13,7.52,1.62,9.39,0.16
2018,1,5,201801,-10.38,-9.93,-14.72,-9.3,-13.29,-13.07,-12.87,-14.8,-18.23,-15.41,-5.85,-8.81,-10.42,-11.53,-5.11,-7.42,3.11,-6.14,-8.41,-1.96,4.41,-2.48,-3.9,7.57,2.78,9.65,2.42
2018,1,6,201801,-20.46,-16.86,-19.15,-12.69,-15.29,-16.4,-13.46,-13.92,-19.51,-17,-7.1,-9.35,-12.24,-13.03,-3.49,-7.24,4.81,-4.56,-7.44,0.4,6.6,-0.66,-1.51,8.4,4.18,9.45,2.47
2018,1,7,201801,-21.83,-18.27,-18.6,-14.45,-15.33,-9.8,-11.8,-11.45,-12.59,-7.73,-0.82,-4.01,-12.5,-12.49,-3.1,-8.25,7.82,-2.62,-5.59,3.86,10.61,0.53,-2.08,9.11,3.87,7.59,0.79
2018,1,8,201801,-10.63,-7.49,-7.4,-7.11,-7,-0.58,-2.43,-3.21,-6.01,-5.65,0.29,1.4,-5.63,-4.28,2.35,-2.62,14.39,4.42,1.04,8.45,10.27,-0.49,-1.97,8,2.82,8.55,1.74
2018,1,9,201801,-3.62,-2.11,-2.99,-1.15,-2.47,-1.76,-2.52,-5.19,-6.93,-4.91,2.62,1.93,3.29,0.84,10.86,6.95,18.08,8.15,5.75,7.05,8.66,2.55,-0.45,10.18,5.09,8.95,3.39
2018,1,10,201801,-8.48,-4.01,-5.51,-2.16,-2.9,3.38,1.12,-2.61,-2.64,-2.92,5.07,6.39,3.74,2.4,14.64,10.08,18.32,12.31,11.25,10.23,10.38,3.69,-0.74,7.86,5.16,7,1.19
2018,1,11,201801,-1.73,-0.22,0.92,1.89,2.46,10.93,9.45,3.23,-0.72,-11.22,-0.79,9.96,6.5,6.25,16.29,12.43,19.1,15.92,14.56,12.76,11.57,-2.77,-7.2,5.61,2.15,7.17,1.83
2018,1,12,201801,3.85,4.53,6.61,7.01,9.05,-4.24,5.25,-4.09,-13.55,-21.15,-10.19,-6.65,12.89,11.76,15.43,15.92,19.28,10.17,8.86,0.57,2.96,-3.92,-5.48,6.37,1.54,8.01,3.47
2018,1,13,201801,0.95,5.19,-6.01,4.86,-2.8,-10.69,-7.67,-11.77,-18.92,-21.75,-9.47,-10.58,5.22,0.05,4.33,8.62,12.75,-2.37,-3.45,-3.1,1.11,-3.92,-4.79,6.41,1.62,7.6,3.71
2018,1,14,201801,-13.36,-8.84,-14.17,-7.6,-11.58,-11.22,-10.01,-10.97,-18.95,-15.49,-4.47,-7.94,-6.34,-8.46,-0.47,-1.68,6.82,-4.34,-6.24,-2.29,1.97,-2.05,-2.58,6.7,2.19,8.38,4.2
2018,1,15,201801,-15.37,-8.91,-13.9,-6.53,-11.21,-6.23,-7.75,-9,-11.13,-17.63,-5.25,-5.34,-6.76,-7.32,-0.02,-3.04,9.47,-0.95,-2.35,0.1,5.92,-3.34,-5.82,7.48,2.76,8.96,4.03
2018,1,16,201801,-11.1,-4.28,-6.95,-1.03,-4.92,-12.2,-7.72,-7.14,-10.61,-19.44,-14.5,-13.07,-1.97,-2.27,1.19,-0.45,12.27,-1.6,-4.08,-4.79,0.64,-9.38,-7.64,6.74,0.9,9.12,4.3
2018,1,17,201801,-4.93,-0.66,-4.76,0.94,-5.08,-9.59,-8.68,-7.81,-11.72,-13.03,-11.99,-9.88,-1.96,-4.78,1.1,1.38,10.65,-7.02,-8.5,-8.56,-4.71,-6.57,-4.43,6.09,0.34,9.31,3.5
2018,1,18,201801,-6.78,-3.65,-9.16,-3.76,-9.04,-7.87,-8.48,-6.78,-9.29,-6.93,-5.81,-7.82,-5.49,-7.32,-3.44,-2.62,3.26,-6.25,-7.43,-5.34,-2.12,-2.49,-1.34,5.83,2.1,9.47,4.61
2018,1,19,201801,-7.43,-5.02,-7.29,-2.62,-6.25,-4.46,-5.64,-4.33,-6.54,-3.46,0.14,-3.02,-2.08,-3.41,-0.57,-0.15,5.41,-2.5,-3.6,-0.55,2.9,1.11,0.19,6.68,3.12,7.2,1.52
2018,1,20,201801,-3.16,-1.32,-2.83,0.41,-1.95,-0.57,-1.85,-1.38,-3.88,-2.66,1.8,2.75,1.01,0.35,2.35,1.58,10.32,2.9,1.32,7.13,8.8,1.77,-2.84,6.69,1.87,3.72,0.15
2018,1,21,201801,-2.46,0.22,-1.93,1.71,0.38,3.81,1.75,-0.93,-2.14,-3.65,1.41,8.67,5.17,4.07,7.93,5.91,15,9.04,7.14,12.96,12.55,-2.4,-5.82,1.56,-0.79,1.95,0.08
2018,1,22,201801,-4.63,0.85,0.19,5.66,4.74,9.28,6.66,0.53,-0.81,-5.14,0.71,10.01,9.61,9.15,11.09,9.22,18.2,12.32,10.56,11.5,9.02,-7.37,-6.96,-0.83,-3.13,3.45,0.69
2018,1,23,201801,-1.82,4.7,2.94,8.13,6.12,2.25,4.96,-1.08,-4.26,-7.65,-2.74,1.16,10.66,8.14,13.9,13.59,19.36,7.74,6.44,3.93,4.78,-7.21,-6.29,0.96,-1.96,4.4,0.63
2018,1,24,201801,-1.07,2.28,-2.35,3.8,-0.25,-1.79,-0.89,-6.15,-8.79,-8.02,-2.3,-0.22,2.97,1.62,5.08,5.47,13.71,3.14,2.34,3.44,4.66,-6.08,-5.01,2.15,-1.22,5.32,3.18
2018,1,25,201801,-12.33,-5.65,-8.43,-1.89,-3.97,-0.19,-1.73,-4.48,-7.28,-6.84,-0.19,2.1,0.64,-1.08,3.85,2.83,11.6,3.07,2.23,4.65,5.11,-2.74,-3.23,3.48,-0.15,4.68,1.22
2018,1,26,201801,-13.52,-7.19,-6.26,-1.75,-1.88,2.64,1.2,-1.47,-2.77,-3.98,2.03,4.74,1.25,0.59,4.9,3.15,13.7,4.76,3.55,6.85,9.05,-3.18,-4.85,3.46,-0.63,2.94,-0.34
2018,1,27,201801,-6.72,-1.82,-1.15,1.53,0.96,6.22,4.06,1.11,-2.49,-5.31,0.65,7.75,3.62,3.15,11.84,7.52,17.74,10.29,7.57,11.6,11.83,-6.96,-6.74,2.2,-1.48,3.48,1.25
2018,1,28,201801,1.62,4.69,2.17,7.36,4.98,2.31,3.8,-2.22,-5.87,-9.16,-0.44,3.79,10.04,8.05,15.03,12.95,19.36,12.68,10.75,9.11,9.47,-4.45,-5.13,3.99,0.14,6.18,3.54
2018,1,29,201801,-3.36,0.97,-1.7,4.74,0.9,-0.91,0.6,-5,-8.74,-12.22,-4.05,0.03,7.36,4.04,14.34,12.62,18.94,7.69,5.12,5.37,7.8,-2.62,-3.05,5.82,1.73,8.25,4.85
2018,1,30,201801,-7.99,-2.76,-4.65,0.43,-2.83,-4.63,-4.13,-7.99,-12.41,-9.7,-1.73,-3.17,-0.12,-1.87,4.59,3.15,11.64,1.37,-0.56,1.93,5.98,0.03,-0.05,7.09,3.22,9.09,3.95
2018,1,31,201801,-11.56,-6.96,-9.18,-4.69,-7.67,-0.41,-2.34,-4.51,-5,-4.55,2.6,1.91,-3.91,-4.38,2.18,-0.69,9.09,2.11,0.41,5.23,8.56,0.92,-2.51,7.91,3.89,8.26,0.45
2018,2,1,201802,-4.99,-1.42,-2.42,0.91,-0.63,-1.25,0.97,-6.09,-11.6,-14.01,-1.47,1.28,1.5,1.51,6.35,3.98,14.69,7.34,4.53,8.26,10.85,-2.13,-6.25,8.22,3.99,9.43,1.33
2018,2,2,201802,-4.69,-1.37,-6.27,0.62,-5.38,-10.34,-8.22,-12,-17.31,-16.37,-5.06,-6.78,1.17,-2.7,9,7.07,16.22,3.21,-1.74,2.31,6.71,-1.9,-3.15,8.88,4,10.21,4.61
2018,2,3,201802,-15.02,-9.93,-11.53,-6.73,-9.4,-5.05,-7.22,-9.67,-10.69,-10.61,0.17,-2.18,-5.64,-7.11,1.84,-1.64,12.67,-0.24,-2.55,1.92,7.5,0.6,-0.83,8.63,4.77,10.07,5.82
2018,2,4,201802,-6.14,-2.25,-4.27,-0.15,-3.02,-1.06,-0.86,-6.9,-11.63,-15.93,-3.55,-0.07,-0.65,-1.06,8.05,3.42,17.75,7.3,3.32,7.62,11.95,0.15,-4.21,8.39,4.99,10.47,6.54
2018,2,5,201802,-0.59,1.65,-3.6,1.83,-3.01,-10.23,-6.71,-13,-18.32,-16.99,-8.89,-8.3,1.15,-0.93,8.43,6.05,16.76,4.04,0.66,1.2,9.21,-0.33,-2.92,8.89,5.11,10.39,5.29
2018,2,6,201802,-8.55,-3.63,-7.19,-1.04,-4.78,-6.33,-4.49,-10.53,-15.98,-17.03,-8.72,-4.02,0.85,-1.44,9.06,6.49,16.36,7.03,2.71,4.96,11.08,-2.42,-4.73,8.27,3.66,9.23,3.16
2018,2,7,201802,-6.24,-2.03,-5.76,0.52,-3.34,-6.15,-4.04,-10.86,-14.68,-14.71,-7.24,-4.26,5.66,0.97,14.83,12.07,19.81,10.11,5.17,4.28,8.44,-3.4,-4.67,6.18,2.38,8.8,4.33
2018,2,8,201802,-6.47,-2.7,-7.47,-1.16,-6.31,-6.63,-6.11,-10.42,-15.43,-14.48,-2.99,-2.55,1.53,-2.7,11.7,9.48,19.16,3.15,0.01,2.81,5.08,-0.23,-1.73,7.03,3.15,9.34,6.46
2018,2,9,201802,-9.28,-5.17,-7.32,-2.19,-5.09,-1.4,-2.57,-9.85,-13.49,-15.41,-2.69,1.75,1.03,-0.97,8.93,5.23,18.35,5.84,3.93,6.69,9.42,0.74,-4.63,8.78,4.8,10,4.09
2018,2,10,201802,-3.81,0.64,-1.99,3.01,0.58,-3.31,0.98,-10.03,-15.85,-17.61,-10.2,-1.04,4.94,4.25,15.37,11.64,20.72,12.72,11.12,8.7,11.19,-4.76,-8.77,7.99,3.6,8.85,0
2018,2,11,201802,0.18,4.45,0.18,9.36,3.43,-5.52,0.53,-9.33,-14.8,-15.85,-8.86,-4.71,13.64,10.58,18.72,17.59,21.43,14.96,13.6,5.68,7.18,-7.31,-9.18,5.87,-0.13,5.89,-1.16
2018,2,12,201802,-0.16,4.79,-0.96,8.85,1.84,-8.81,-3.78,-10.64,-14.42,-16.34,-8.56,-6.27,12.07,7.09,18.04,17.56,21.18,8.38,4.95,1.32,2.54,-5.32,-10.67,6.08,-0.1,4.3,-2.52
2018,2,13,201802,-9.05,-4.17,-7.2,-0.68,-3.74,-6.6,-4.09,-11.37,-12.4,-12.35,-4.83,-2.53,3.2,0.6,16.19,9.88,21.09,8.83,5.99,3.89,6.25,-2.75,-8.8,7.38,0.68,3.4,-3.38
2018,2,14,201802,-4.85,-1.1,-2.36,2.48,1.14,1.74,3.19,-4.04,-6,-5.76,2.25,6.96,5.42,5.88,13.52,8.89,19.8,14.5,12.31,11.63,12.51,0.72,-2.83,7.98,2.79,4.84,-0.17
2018,2,15,201802,-1,3.91,2.29,9.08,8.52,9.33,11.03,-0.22,-2.77,-4.63,6.32,14.42,13.49,12.83,17.78,15.9,19.72,18.42,16.97,17.7,17.34,1.36,-4.46,7.71,3.61,4.81,-1.18
2018,2,16,201802,1.89,7.9,2.96,12.52,9.3,3.33,7.15,-4.07,-8.21,-12.01,-0.73,6.26,15.75,13.34,18.8,18.35,20.29,17.35,15.24,14.27,16.39,-3.84,-8.07,7.56,1.92,4.65,-0.35
2018,2,17,201802,-6.32,-1.22,-3.82,1.75,-1.15,-2.45,-0.38,-6.26,-9.27,-8.15,-0.15,0.88,5.02,2.07,17.6,13.2,19.96,11.99,6.56,9.72,13,-2.82,-4.83,7.6,2.97,6.54,1.83
2018,2,18,201802,-2.89,0.33,-1.37,3.08,0.52,0.07,1.15,-3.44,-6.53,-8.42,3.13,3.92,5.3,3.34,16.93,12.94,19.9,11.74,7.17,10.6,14.49,0.13,-4.11,8.4,4.62,6.76,0.06
2018,2,19,201802,-3.05,-0.11,-0.64,3.33,1.1,7.93,6.77,-0.85,-2.68,-10.42,1.78,12.62,5.98,5.84,18.65,12.72,20.91,16.54,14.82,17.26,18.23,-1.25,-11.29,7.32,1.96,1.72,-5.7
2018,2,20,201802,1.96,7.2,6.02,9.74,9.89,14.68,15.75,2.73,-2.63,-11.23,-4.4,14.13,14.02,13.79,19.51,17.29,21.85,19.21,18.3,18.66,18.12,-8.15,-15.62,1.23,-1.9,-1.7,-7.84
2018,2,21,201802,5.06,11.73,10.41,14,13.97,1.71,10.8,-0.44,-8.4,-13.87,-7.78,-0.05,17.28,16.34,21.25,18.88,22.41,19.8,17.71,9.93,11.7,-9.92,-14.73,-0.47,-2.92,-0.11,-5.73
2018,2,22,201802,-1.33,5.34,0.66,10.41,4.27,1.36,2.84,-3.63,-7.16,-11.57,-4.46,0.85,16.82,11.72,21.1,19.53,21.62,17.11,15.34,8.29,6.62,-7.12,-11.64,1.05,-2.28,0.62,-4.3
2018,2,23,201802,-4.34,-0.03,-0.91,3.76,3.08,7.69,8.02,-0.03,-1.85,-8.11,-1.96,7.69,12.23,10.38,20.75,18.57,21.52,18.75,18.02,11.59,12.17,-5.99,-11.19,1.4,-2.29,0.36,-6.48
2018,2,24,201802,0.52,4.26,2.24,7.39,6.56,6.45,9.1,-0.56,-4.86,-9.89,-1.02,9.25,14.64,11.99,20.79,18.58,21.53,19.17,18.76,14.21,15.19,-7.18,-10.64,0.24,-3.31,-0.43,-2.86
2018,2,25,201802,-2.05,2.84,2.27,8.64,8.09,6.32,9.99,0.89,-2.14,-6.81,-1.86,6.37,16.04,12.91,19.37,19.17,21.64,17.17,16.32,12.16,12.23,-8.24,-8.57,0.14,-3.08,1.3,-2.05
2018,2,26,201802,0.58,3.48,2.15,7.94,5.16,4.06,4.21,-0.35,-3.5,-6.14,0.1,5.72,11.07,7.91,15.82,14.68,21.44,12.98,10.8,10.97,11.4,-5.36,-5.93,2.73,-1.04,2.92,-1.87
2018,2,27,201802,-0.41,1.97,1.07,4.27,2.63,6.71,4.65,1.64,-0.21,-4.69,3.29,8.63,5.36,4.28,13.89,9.84,20.69,11.43,8.47,12.29,14.53,-1.6,-7.12,4.09,0.59,1.59,-3.86
2018,2,28,201802,1.56,3.93,2.94,4.94,4.1,10.4,8.21,3.21,0.44,-4.85,4.3,11.76,6.35,6.37,13.89,9.14,20.21,15.56,12.26,16.8,17.96,-1.56,-6.83,3.5,0.15,1.48,-1.42
2018,3,1,201803,2.53,6.95,5,8.83,7.8,9.57,10.24,0.8,-0.85,-5.75,2.21,10.89,10.87,9.75,19,16.11,21.72,17.39,15.02,14.92,14.98,-2.88,-6.1,3.04,0.46,4.27,1.24
2018,3,2,201803,1.14,4.88,1.02,6.46,2.84,3.36,2.63,-0.86,-2.66,-5.59,2.58,4.48,5.78,3.88,12.62,10.35,19.57,9.66,7.03,9.53,11.58,0.14,-3.26,5.5,2.21,3.92,0.29
2018,3,3,201803,0.43,2.75,-0.1,3.57,-0.61,2.84,0.97,-1.86,-0.24,-2.98,6.73,4.99,1.45,0.26,6.75,3.92,13.13,5.97,3.62,9.83,13.64,2.53,-3.32,6.78,3.15,3.79,-1.21
2018,3,4,201803,0.07,2.1,-0.81,3.59,-0.87,3.07,0.53,-1.83,-0.04,-0.61,9.92,5.85,2,0.54,6.31,3.87,11.66,6.45,4.42,11.26,17.02,2.4,-4.49,6.41,1.7,2.32,-1.24
2018,3,5,201803,-0.73,0.98,-2.35,0.77,-2.82,3.21,0.21,-2.37,-0.78,-0.32,7.08,9.33,1.08,-0.28,7.59,4.45,12.77,9.02,7.08,13.64,16.5,-3.67,-6.64,2.58,-0.97,2.17,-1
2018,3,6,201803,-2.06,0.46,-2.51,1.64,-1.88,3.35,3.04,-2.3,-1.75,-3.23,0.4,3.48,1.36,1.54,11.8,6.59,16.39,12.25,8.86,8.85,10.58,-5.81,-6.79,3.7,-1.54,4.24,-0.75
2018,3,7,201803,-2.13,0.69,-0.99,3.06,0.18,0.58,1.76,-2.21,-5.17,-6.83,-1.37,0.62,3.88,2.6,9.14,8.84,16.94,5.35,3.85,4.01,7.2,-4.13,-6.13,6.01,0.35,6.73,0.54
2018,3,8,201803,-1.44,0.79,-1.56,1.41,-2.14,-1.6,-1.94,-3.04,-5.61,-7.13,0.28,-0.32,0.73,-0.86,3.67,2.81,10.15,3.6,2.15,4.86,8.2,-1,-3.14,9.28,3.89,7.82,3.52
2018,3,9,201803,-1.66,-0.83,-2.2,-0.11,-2.53,-0.74,-1.6,-2.65,-4.82,-6.73,4.43,2.35,-1.12,-2.21,3.75,2.34,8.97,3.73,2.03,8.42,12.06,1.69,-0.67,8.82,5.24,8.98,3.91
2018,3,10,201803,-1.91,-0.6,-2.2,-0.09,-2.39,2.23,0,-3.17,-4.61,-4.42,6.02,6.6,0.99,-0.18,7.73,5.32,12.46,9.19,7.76,14.3,16.44,1.76,-1.28,9.84,5.62,9.25,2.62
2018,3,11,201803,-2.15,-0.85,-2.61,0,-2.46,2.49,-0.13,-2.89,-2.82,-3.92,3.16,6.83,3.67,1.02,12.21,9.81,17.77,13.32,11.23,14.67,15.85,-1.75,-2.97,10.63,5.78,9.31,3.71
2018,3,12,201803,-1.28,0.24,-1.89,1.48,-1.27,1.69,-0.61,-1.77,-1.45,-5.05,1.65,3.23,2.97,1.02,11.59,8.53,18.2,7.41,5.08,7.24,8.68,-0.34,-1.23,11.29,5.27,10.1,5.03
2018,3,13,201803,-1.26,0.74,-1.25,1.9,-1.07,0.59,-0.24,-2.35,-2.9,-6.11,1.75,1.97,1.45,0.27,4.89,3.66,9.87,4.9,3.35,6.31,8.77,0.71,-0.42,12.1,6.61,10.96,6.65
2018,3,14,201803,-1.23,-0.81,-2.24,-0.42,-2.8,-0.33,-1.74,-3.63,-4.09,-4.18,3.61,1.51,-0.74,-2.06,4.15,2.68,9.72,3.26,1.21,6.26,9.45,3.48,1.8,12.69,7.38,8.2,5.18
2018,3,15,201803,-1.67,-0.73,-2.31,0.93,-1.62,3.19,0.45,-2.59,-3.53,-4.44,8.26,6.63,0.48,-0.28,4.52,2.86,9.19,5.54,3.93,9.58,12.54,5.15,1.02,9.16,5.29,4.52,1.72
2018,3,16,201803,-3.32,-2.7,-4.6,0.3,-2.58,2.55,-0.56,-5.24,-5.42,-5.02,8.18,9.37,2.81,0.23,8.99,8.09,12.53,9.02,8.56,15.4,16.8,1.53,-1.03,5.74,2.45,4.03,1.69
2018,3,17,201803,-8.66,-4.27,-5.39,-0.28,-2.7,4.5,0.95,-2.81,-2.77,-4.06,4.31,9.34,3.03,0.55,14.47,9.31,17.21,15.47,14.56,15.36,16.47,0.36,-1.39,6.48,3.08,3.67,1.55
2018,3,18,201803,-12.46,-7.43,-7.31,-0.38,-1.91,4.24,2.2,-0.51,-1.15,-2.08,5.42,7.2,6.59,2.81,17.33,12.94,19.12,15.08,11.81,14.99,17.94,1.59,-1.93,5.94,2.12,3.33,1.47
2018,3,19,201803,-10.71,-5.98,-5.86,1.65,-0.29,5.65,4.12,-1.73,-0.9,-1.34,6.22,9.15,6.24,4.39,17.08,10.94,20.73,15.84,12.95,15.63,15.43,-1.42,-2.63,3.41,0.47,4.94,1.94
2018,3,20,201803,-8.05,-4.81,-7.2,0,-2.23,2.86,1.71,-4.24,-3.44,-1.73,3.64,5.17,7.03,3.92,18.57,15.21,21.69,12.61,12.05,10.27,10.68,-2.64,-2.41,5.53,1.88,6.8,2.31
2018,3,21,201803,-5.74,-1.65,-4.74,1.12,-1.07,1.5,0.43,-3.79,-3.36,-1.8,4.78,3.66,1.88,1.43,8.82,7.48,15.67,6.63,3.83,8.89,11,0.1,-0.71,9.09,5.45,8.39,4.15
2018,3,22,201803,-2.5,0.11,-2.85,1.66,-1.45,1.85,0.18,-2.87,-2.31,-0.63,7.87,5.11,1.65,0.53,5.13,4.03,10.4,5.1,3.01,10.25,14.25,4.36,2.67,12.44,9.05,10.28,5.69
2018,3,23,201803,-2.7,-0.2,-2.05,0.76,-1.85,4.2,0.64,-2.85,-2,0.1,10.94,8.49,1.21,0.08,5.9,3.95,10.44,8.35,6.3,14.54,18.18,7.67,3.87,13.22,8.76,6.76,1.7
2018,3,24,201803,-1.04,0.59,-1.94,1.22,-1.37,3.46,0.6,-3.35,-2.65,-0.48,9.84,10.22,1.6,0.49,10.93,5.62,14.16,11.99,11.06,17.96,19.56,4.19,0.71,10.37,6.2,5.28,0.87
2018,3,25,201803,-1.68,0.42,-2.43,1.95,-2.29,2.36,0.15,-3.95,-2.94,-0.56,4.71,5.65,2.94,0.99,14.56,7.64,18.23,15.12,12.3,15.34,19.63,3.88,-1.3,9.4,5.29,4.05,0.1
2018,3,26,201803,-3.13,-0.22,-1.55,1.9,-0.48,3.79,2.75,-0.74,-0.59,-0.14,8.23,8.83,2.62,1.74,10.19,5.71,18.5,14.54,10.95,18.26,20.47,1.96,-2.53,6.63,3.74,3.76,0.55
2018,3,27,201803,-2.77,0.16,-0.69,2.13,0.67,11.63,8.58,4.35,3.98,0.99,8.15,14.45,2.9,3.24,12.09,7.42,18.73,14.97,11.88,19.27,19.76,-0.29,-2.66,5.56,3.28,5.53,2.92
2018,3,28,201803,-0.31,2.51,2.94,5.08,5.63,9.65,11.86,3.94,3.2,2.31,6.84,11.09,9.31,9.42,16.94,13.7,18.62,18.37,16.69,16.92,17.14,0.11,0.57,5.75,4.2,8.99,4.39
2018,3,29,201803,1.6,5.69,4.5,9.58,10.08,10.03,12.69,4,0.99,-1.52,6.12,10.91,16.16,14,18.27,17.55,19.84,18.72,17.81,16.38,16.19,0.29,-0.02,9.06,5.44,11.58,4.29
2018,3,30,201803,3.39,8.98,4.98,12.17,9.38,5.06,5.75,-0.99,-2.3,-2.1,4.73,6.48,16.06,12.38,18.14,17.99,20.4,13.87,12.25,12.05,14.12,0.97,0.31,11,6.72,12.11,5.55
2018,3,31,201803,1.15,4.47,1.48,5.53,2.94,6.32,5.06,0.34,-1,-3.94,7,8.38,6.72,4.9,12.39,10.65,19.01,10.34,8.85,12.44,16.2,4.05,0.02,12.13,8.67,12.35,5.4
2018,4,1,201804,1.35,4.62,2.32,6.53,5.02,2.37,5.18,-3.59,-6.92,-8.04,-0.89,4.53,8.45,7.42,13.46,11.22,19.2,12.6,11.31,13.86,17.63,2.28,-1.37,12.62,8.82,11.75,3.6
2018,4,2,201804,-2.11,0.96,-0.71,5.12,2.47,0.46,2.39,-2.69,-4.45,-4.88,0.4,2.12,11.1,7.42,16.07,14.94,20.71,14.03,12.6,12.45,17.62,4.51,0.5,11.74,8.8,11.08,1.63
2018,4,3,201804,-0.22,2.02,1.18,4.45,4.08,9.81,9.99,-0.11,-0.69,-5.5,4.37,11.92,11.73,10.33,18.7,16.58,21.75,18.82,17.93,19.05,19.26,1.97,-4.48,11.06,5.97,10.06,1.05
2018,4,4,201804,3.13,7.72,5.26,10.35,8.22,1.89,6.6,-2.45,-4.71,-6.76,-0.26,0.75,13.83,10.78,17.79,17.89,21.17,13.14,10.13,8.28,11.19,-0.57,-1.32,11.71,6.23,11.1,4.45
2018,4,5,201804,-3.3,-0.26,-3.81,2.21,-0.87,1.48,0.95,-3.05,-4.07,-2.93,5.66,3.57,3.43,1.88,8.95,7.18,17.38,6.31,4.2,7.69,12.79,4.22,1.26,12.6,8.65,11.3,6.56
2018,4,6,201804,-4.19,-0.18,-0.94,4.35,2.29,3.86,4.96,-1.6,-3.66,-6.8,3.21,6.65,7.15,5.95,12.38,9.71,18.33,11.16,8.14,13.79,18.73,4.36,-0.67,12.86,9.58,11.26,7.55
2018,4,7,201804,-0.08,3.24,-0.64,5.85,1.01,-1.96,-0.28,-4.8,-6.82,-8.43,-4.73,-1.08,8,4.86,16.05,14.08,20.88,10.89,6.07,6.77,12.06,0.82,-0.22,15.06,9.7,13.27,7.5
2018,4,8,201804,-2.92,-0.57,-3,1.32,-1.84,-0.75,-0.43,-3.85,-5.12,-5.17,0.85,-0.11,2.35,0.4,11.88,7.7,19.85,4.96,2.16,3.68,7.83,5.17,2.16,15.94,8.92,10.02,4.84
2018,4,9,201804,-4.45,-0.86,-3.22,0.62,-1.81,2.27,0.86,-2.12,-2.25,-2.47,4.45,3.87,3.43,0.95,13.97,7.85,21.02,10.49,7.03,9.38,14.53,2.97,1.06,12.19,7.59,10.61,5.09
2018,4,10,201804,-3.58,0.95,-1.08,3.48,0.48,3.42,2.59,-0.57,-1.38,-0.61,6.38,5.69,5.65,2.82,13.89,9.88,21.07,10.82,7.49,10.31,13.31,3.4,2.93,12.87,8.74,13.51,7.99
2018,4,11,201804,-0.96,1.65,-0.2,3.71,1.74,6.94,5.4,1.47,0.76,2.3,12.11,9.98,5.77,4.57,12.24,9.13,18.32,10.12,8.48,12.19,14.99,7.3,5.98,14.37,10.79,11.82,6.31
2018,4,12,201804,2.18,4.67,3.44,7.3,6.4,14.08,11.63,4.04,4.11,4.18,14.5,15.34,9.14,8.7,13.8,11.81,18.15,13.45,12.22,16.51,18.87,8.83,4.5,13.32,8.74,7.42,3.54
2018,4,13,201804,5.57,10,8.5,12.96,13.23,16.36,15.3,4.19,2.77,1.95,12.77,18.77,14.34,14.1,16.7,15.4,20.69,16.79,15.56,19.98,20.4,2.29,-0.37,6.36,3.57,5.5,2.93
2018,4,14,201804,3.73,10.92,7.68,15.47,14.91,16.14,16.19,0.26,-1.9,-2.47,1.16,15,17.21,16.06,20.24,18.82,22.18,19.13,17.63,14.28,12.96,-2.23,0.22,5.32,2.83,8.91,6.23
2018,4,15,201804,-4.19,1.51,0.46,8.35,11.09,6.27,11.85,-3.1,-4.22,-4.11,-1.85,1.68,18.02,15.98,19.86,20.06,22.36,13.23,13.03,5.31,9.39,0.87,3.39,9.53,6.38,10.25,6.64
2018,4,16,201804,-2.24,1.94,1.2,9.04,5.66,-1.19,2.35,-1.55,-3.8,-3.42,0.59,-0.4,11.45,8.28,8.96,12.53,15.87,5.33,3.17,6.05,12.77,5.34,5.36,11.6,7.77,7.69,4.41
2018,4,17,201804,1.9,4.14,0.47,4.09,-0.19,1.72,0.21,-2.03,-2.93,-2.07,5.98,5.59,2.19,0.37,7.65,6.14,13.57,7.81,5.31,13.23,17.29,6.12,2.23,10.03,5.6,4.58,2.19
2018,4,18,201804,1.03,2.48,0.1,3.54,1.02,6.23,4.46,-0.45,-2.64,-0.01,7.48,10.95,8.35,5.1,14.64,12.86,17.69,15.36,14.38,16.63,17.68,-0.14,-0.12,7.33,4.48,6.42,3.56
2018,4,19,201804,1.93,3.87,0.73,6.77,3.36,4.25,5.44,0.25,-1.09,1.3,4.44,4.48,11.05,7.82,16.93,15.93,20.08,12.61,9.63,10.34,13.14,2.21,2.61,9.83,5.99,6.59,5.29
2018,4,20,201804,1.91,3.11,0.43,3.76,1.58,5.61,3.98,1.48,0.97,3.15,5.93,6.48,4.82,3.71,11.03,7.9,19.01,8.79,7.21,9,13.04,4.62,5.02,7.57,6.94,7.94,6.33
2018,4,21,201804,2.8,4.59,2.44,5.76,3.31,7.51,5.78,3.88,3.38,5.83,6.5,8.44,6.04,5.24,12.12,9,20.73,11.05,9.21,10.94,15.58,2.03,6.16,9.7,6.83,11.48,7.2
2018,4,22,201804,2.83,4.85,3.56,7.12,5.92,10.3,9.03,5.46,4.86,7.41,7.77,10.98,9.18,9.02,16.45,11.6,21.98,15.5,13.28,14.21,14.66,3.99,6.38,13.34,9.67,13.48,5.05
2018,4,23,201804,3.57,5.99,5.8,8.6,8.5,10.86,10,6.8,6.62,9.26,10.62,11.61,10.48,10.39,17.79,14.42,23.07,15.49,13.72,13.89,15.02,7.3,6.39,14.11,10.12,13.45,5.66
2018,4,24,201804,6.6,7.58,8.52,9.28,9.41,13.37,11.52,9.58,9.35,8.45,10.64,13.02,11.05,10.06,16.65,15.33,21.71,15.31,13.64,15.59,17.92,5.81,3.5,14.58,10.57,13.64,8
2018,4,25,201804,8.36,9.91,9.77,12.59,11.23,11.85,11.93,6.43,5.05,6.58,7.8,12.56,11.97,11.56,16.66,15.69,19.94,15.76,14.04,14.95,17.58,2.36,5.17,14.55,10.41,13.81,10.87
2018,4,26,201804,9.66,11.56,8.69,13.41,9.13,9.92,9.28,5.11,6.57,8.49,8.76,11.27,12.64,11.21,16.64,16.14,20.08,14.94,13.6,13.32,14.1,4.77,7.27,15.13,11.1,14.45,12.52
2018,4,27,201804,8.57,9.44,7.56,11.44,9.5,10.98,10.51,5.78,6.31,8.17,10.19,12.16,13.07,11.43,16.43,17.13,20.64,13.76,12.81,14.72,15.74,5.81,9.21,15.57,11.14,12.33,12.29
2018,4,28,201804,10.31,11.27,8.97,13.04,9.77,8.66,8.81,3.3,2.78,6.88,11.2,10.58,13.31,11.37,15.25,15.7,19.65,14.99,13.36,15.28,16.87,8.89,10.38,15.53,10.52,9.94,8.34
2018,4,29,201804,9.8,10.02,5.47,10.41,4.78,6.36,4.8,2.62,4.7,9.1,12.89,8.94,8.87,6.47,14.76,12.68,19.15,12.41,8.97,16.12,18.56,10.28,8.61,13.33,9.97,9.31,5.75
2018,4,30,201804,6.97,5.82,4.18,6.52,4.59,9.63,7.94,6.98,9.21,13.78,17.04,12.29,7.17,6.58,12.61,9.5,19.77,11.91,9.4,16.71,19.8,8.91,6.11,11.49,8.63,9.13,5.62
2018,5,1,201805,7.31,8.02,8.08,10.42,9.09,15.74,12.75,13.33,15.54,12.88,17.62,17.47,11.48,10.82,15.85,13.72,20.4,16.07,14.25,19.11,21.22,6.98,4.79,10.75,7.98,8.65,5.91
2018,5,2,201805,13.15,14.63,14.57,15.79,14.88,19.42,17.54,16.11,16.78,12.44,17.58,20.43,15.62,15.35,17.93,16.79,21.19,19.56,18.24,22.02,22.72,6.91,5.54,9.5,8.27,9,7.73
2018,5,3,201805,16.26,18.13,17.68,18.61,18.45,22.34,20.68,16.13,14.48,13.25,16.13,22.26,18.26,18.49,18.53,18.11,21.3,20.75,20.17,22.45,22.12,5.05,7.14,9.21,7.88,11.37,10.66
2018,5,4,201805,15.41,19.19,18.15,20.54,20.12,20,20.82,14.25,14.45,13.76,13.68,19.48,19.66,19.81,18.95,18.49,21.74,21.16,20.58,20.26,19.67,5.96,9.18,12.34,9.86,13.84,12.09
2018,5,5,201805,13.6,15.54,13.47,17.31,14.58,16.69,15.47,13.07,13.55,14.71,15.44,16.73,18.87,16.87,20.55,19.55,21.54,20.55,20.79,18.73,18.26,8.45,10.96,14.85,11.87,15.12,12.42
2018,5,6,201805,11.71,12.01,12.5,14.69,11.96,17.38,15.82,11.77,13.37,15.1,17.15,17.7,16.3,13.39,20.39,20.15,23.32,18.43,17.34,19.21,19.27,10.58,12.39,16.8,13.2,15.04,13.32
2018,5,7,201805,10.18,12.13,10.56,14.77,12.7,15.23,14.77,9.65,13.03,15.84,17.56,17.75,15.21,14.29,18.5,18.01,22.74,19.06,17.83,20.63,20.32,11.68,11.93,17.38,13.76,14.34,11.91
2018,5,8,201805,9.86,12.31,10.95,14.05,13.69,15.05,14.21,13.21,15.31,16.54,18.77,17.33,14.88,14.67,18.95,17.19,22.41,18.82,16.9,21.4,20.9,11.99,10.84,17.14,14.85,15.58,13.12
2018,5,9,201805,11.91,12.95,14.52,13.33,15.26,17.96,17.14,14.62,13.4,15.61,18.45,21.04,15.4,15.23,20.53,18.01,22.19,20.39,19.02,21.81,21.09,11.99,12.29,17.52,15.19,15.67,13.36
2018,5,10,201805,11.86,12.48,14.91,14.14,16.09,19.63,19.86,13.6,11.9,10.72,18.72,20.37,17.73,17.37,21.58,19.58,22.17,21.55,20.68,21.46,21.47,13.1,11.05,17.44,14.55,14.56,9.12
2018,5,11,201805,9.78,12.97,10.49,16.84,13.82,18.51,16.9,4.91,5.82,8.18,17.19,20.55,19.02,17.85,22.11,21.4,22.78,21.87,21.8,21.4,22.04,12.27,8.9,16.69,12.88,13.16,6.91
2018,5,12,201805,5.54,8.22,7.04,14.57,13.2,18.02,18.53,6.73,7.65,9.7,16.93,21.23,20.89,19.83,23.27,22.58,23.3,22.19,21.94,22.81,23.23,11.2,7.32,14.97,10.8,11.37,9.54
2018,5,13,201805,8.3,10.54,9.77,13.84,14.78,20.03,19.44,10.09,10.84,12.62,17.87,22.94,21.22,20.06,23.16,22.68,22.84,23.02,22.37,23.95,23.81,10.83,7.98,13.12,11.01,12.19,12.55
2018,5,14,201805,10.88,12.53,13.43,14.27,16.81,23.42,22.42,15.2,16.79,16.44,20.23,23.97,21.81,20.69,23.26,22.62,23.05,24.45,23.85,24.27,23.81,9.93,9.78,13.13,11.42,13.26,14.16
2018,5,15,201805,14.23,17.71,16.7,20.91,20.41,23.16,23.18,16.78,16.48,16.13,18.76,22.83,22.69,21.99,22.21,22.6,23.72,24.41,23.78,23.85,23.76,9.85,11.14,14.36,12.69,13.91,14.64
2018,5,16,201805,10.42,15.24,13.87,19.04,17.06,20.44,20.84,14.51,14.62,17.38,19.13,21.99,20.96,20.89,21.92,21.77,24.16,23.77,23.03,23.29,23.83,11.42,12.91,15.21,13.16,13.02,14.18
2018,5,17,201805,12.09,15.42,15.63,16.41,17.77,20.41,20.67,14.76,16.34,17.83,20.28,21.3,19.98,19.19,22.29,21.83,24.42,23.52,22.13,23.17,23.87,12.37,12.59,15.01,12.96,12.22,12.85
2018,5,18,201805,9.2,14.47,12.75,16.12,16.7,20.08,18.96,11.84,13.93,16.6,19.86,20.61,19.35,17.77,23.22,22.42,24.46,22.84,21.88,22.94,23.72,11.75,10.58,13.85,12.47,13.83,11.95
2018,5,19,201805,7.88,8.95,11.28,13.15,14.91,21.16,19.97,14.05,15.9,13.32,18.21,21.33,19.1,17.95,23.65,21.99,24.83,23.64,22.3,24,23.45,9.94,8.45,14.52,12.47,14.93,11.64
2018,5,20,201805,12.93,16.07,15.23,19.5,18.85,21.73,20.74,12.6,12.72,12.39,14.3,22.84,21.37,20.57,24.16,22.9,23.76,24.55,23.54,23.81,23.37,8.02,9.52,15.27,13.2,14.22,12.16
2018,5,21,201805,12.11,14.78,12.88,18.24,16.27,21.02,20.52,11.89,11.16,13.76,15.66,22.79,21.99,20.49,23.07,23.48,23.14,24.27,23.74,23.32,22.89,10.99,11.8,15.05,13.9,13.39,11.72
2018,5,22,201805,12.41,13.87,13.22,15.83,17.5,22.62,21.91,13.25,13.82,17.14,20.01,21.98,21.4,19.84,22.64,22.9,23.8,23.53,22.62,23.78,23.4,12.52,13.25,14.44,13.91,14.16,14.04
2018,5,23,201805,13.44,15.12,15.13,18.69,18.36,20.57,19.6,14.96,18.04,20.42,21.82,23.4,21.83,20.45,23.38,22.89,24.25,23.87,23.1,24.38,23.92,12.43,12.8,14.47,14.13,15.16,15.35
2018,5,24,201805,11.1,14.6,14.3,17.57,15.79,21.15,18.6,17.92,20.63,21.83,22.27,23.12,19.97,18.08,24.16,23.31,24.9,24,23.4,24.33,24.18,13.05,13.17,15.47,14.86,14.97,14.84
2018,5,25,201805,14.71,16.11,16.47,17.88,17.81,22.55,20.11,19.96,21.85,21.64,22.49,23.54,20.14,19.49,24.04,22.62,24.97,24.1,23.51,24.59,24.99,13.56,14.28,16.02,14.98,13.71,14.47
2018,5,26,201805,18.26,19.79,18.99,21.88,21.14,24.42,22.08,21.11,22.25,21.76,22.91,24.46,22.15,22.12,24.16,23.08,24.34,23.83,23.06,24.49,25.39,14.21,14.67,15.29,13.63,11.8,11.37
2018,5,27,201805,12.49,16.51,18.49,21.64,21.59,25.27,23.97,21.54,22.17,22.69,23.51,25.22,22.69,22.35,23.51,23.72,23.72,23.99,23.19,24.86,25.52,14.2,13.43,14.01,13.28,13.39,10.85
2018,5,28,201805,10.71,12.63,17.46,16.67,20.5,25.17,24.13,21.68,23.06,22.6,23.13,25.7,22.7,21.6,22.85,22.74,24.46,24,23.63,25.26,25.55,12.91,12.64,15.05,13.45,16.03,13.05
2018,5,29,201805,16.77,18.84,20.73,20.43,22.68,24.78,23.94,21.56,23.3,22.13,22.24,24.88,21.67,21.75,22.66,23.12,25.12,23.1,21.8,25.51,25.28,11.9,12.29,16.71,14.35,17.77,11.88
2018,5,30,201805,14.71,18.58,19.62,21.38,22.82,23.62,22.88,21.82,21.78,20.95,20.86,23.89,22.22,21.76,23.6,23.94,25.58,24.24,22.1,25.79,25.6,12.5,13.25,18.01,15.91,16.89,9.37
2018,5,31,201805,16.57,16.58,19.63,18.38,20.81,24.17,23.17,21.45,20.96,20.76,21.74,24.21,22.84,21.42,24.66,24.25,25.74,25.32,24.15,26.34,26.02,13.96,13.65,16.89,15.28,13.38,9.47
2018,6,1,201806,19.4,19.77,20.86,21.36,22.33,24.36,23.82,18.45,19.31,20.52,23.53,24.78,23.48,22.29,26.02,25.09,26.19,25.64,24.69,26.79,26.49,13.85,11.41,16.07,13.64,12.5,8.21
2018,6,2,201806,19.15,21.53,19.88,23.88,21.75,23.08,21.67,13.56,14.15,17.46,21.88,25.16,22.21,21.8,25.53,24.2,26.13,26.02,24.03,26.83,26.67,11.36,9,17.14,14.14,16.11,11.23
2018,6,3,201806,11.33,14.62,15.85,17.84,18.28,21.87,21.59,14.9,15.03,14.76,16.91,20.86,20.96,20.02,25.97,24.12,26.52,26.3,24.68,24.25,25.49,12.3,12.38,18.32,16.07,18.74,14.09
2018,6,4,201806,7.68,9.78,12.71,14.61,14.86,16.91,16.67,13.43,14.06,16.75,18.65,18.36,18.61,16.9,25.4,23.29,27.16,21.61,19.33,21.93,24.81,13.8,15.14,18.95,17.12,18.59,12.16
2018,6,5,201806,8.62,12.49,11.89,17.82,14.63,19.22,17.05,12.43,15.4,19.24,21.31,19.94,17.33,16.53,21.02,19.83,25.79,20.31,19.2,23.39,25.83,15.56,14.83,18.75,17.25,16.31,10.15
2018,6,6,201806,10.34,13.05,11.79,15.49,12.67,19.67,16.16,11.74,13.92,20.67,23.74,22.76,17.6,16.25,21.93,20.77,24.97,21.26,20.16,24.47,26.44,15.8,14.42,18.8,17.05,15.12,11.76
2018,6,7,201806,12.43,14.14,13.55,16.21,14.9,23.06,18.2,16.01,18.52,19.37,23.98,24.49,18.33,15.97,23.56,22.21,25.68,22.44,21.93,25.23,26.5,15.89,15.88,18.35,16.88,15.14,13.8
2018,6,8,201806,14.52,16.1,16.47,17.89,18.4,23.7,22.54,16.65,17.06,20.6,23.69,24.99,21.05,19.1,24.94,23.8,25.92,24.5,22.96,25.42,25.88,15.61,15.82,18.42,16.63,15.62,13.1
2018,6,9,201806,13.1,17.65,16.05,21.31,20,24.26,23.24,17.16,18.15,22.15,24.86,24.95,22.75,22.08,24.99,23.74,25.46,25.03,23.79,25.6,25.56,15.92,15.91,18.86,16.99,15.65,10.65
2018,6,10,201806,11.47,15.53,14.66,18.98,17.63,24.33,22.88,16.55,17.85,22.18,25.08,25.78,22.9,21.48,25.13,24.07,25.78,25.1,24.24,25.35,25.68,15.48,13.17,18.08,14.93,12.9,6.7
2018,6,11,201806,10.77,13.75,13.86,15.85,16.69,23.61,21.7,16.26,17.11,19.71,24.4,25.59,21.4,19.47,24.84,25.06,25.67,24.5,23.85,25.99,26.09,13.47,8.12,17.76,14.63,15.22,7.98
2018,6,12,201806,12.91,13.79,14.99,14.6,16.3,25.06,22.63,17.75,18.83,18.18,22.5,26.63,18.04,17.83,24.69,22.47,25.45,24.72,24.36,26.39,26.6,13.75,9.08,18.98,16.45,17.94,10.07
2018,6,13,201806,17.11,16.44,17.91,18.56,19.77,25.36,24.52,20.26,20.31,16.67,22.02,25.89,21.48,21.05,24.68,23,26,24.9,24.41,26.53,26.11,16.31,12.94,20,18.53,18.78,12.51
2018,6,14,201806,15.49,18.9,16.87,21.52,19.19,21.07,20.96,16.5,17.24,19.38,24.56,23.98,23.04,21.92,25.22,25.08,26.21,25.5,24.92,26.53,25.72,17.29,15.29,21.06,18.43,18.12,10.56
2018,6,15,201806,12.68,15.32,14.54,17.39,15.73,22.6,20.28,17.23,19.57,22.78,25.24,25.92,19.77,17.84,25.79,25.45,26.29,25.25,25.81,26.32,25.53,16.76,12.83,20.83,17.52,16.94,11.33
2018,6,16,201806,15.84,16.31,15.96,18.9,17.04,26.37,22.63,20.47,24.03,21.77,25.4,27.17,20.16,19.11,26.24,24.91,26.49,25.57,25.54,26.46,25.78,16.6,12.23,18.95,16.26,15.94,11.92
2018,6,17,201806,17.3,18.27,18.55,20.14,21.07,27.56,25.94,23.95,25.26,21.09,24.82,27.03,23.07,22.19,25.89,25.97,26.61,26.11,26.47,26.6,25.58,15.2,12.06,17.49,15.28,14.21,13.36
2018,6,18,201806,19.27,20.64,22.41,23.11,24.2,26.94,26.72,23.92,23.51,19.3,23.4,26.69,25.13,24.45,26.34,26.14,26.68,25.96,25.72,26.3,25.54,14.3,12.04,17.41,14.55,14.78,14.21
2018,6,19,201806,18.31,21.47,20.06,24.58,22.9,25.75,25.41,19.28,18.24,18.86,23.3,25.84,25.41,24.37,26.93,26.75,27.19,25.81,24.97,25.69,25,14.7,11.6,17.72,15.89,16.76,15.12
2018,6,20,201806,15.15,16.62,16.12,20.68,18.65,24.42,23.97,18.22,18.37,19.43,22.01,25.02,24.45,23.15,27.06,26.88,27.68,25.93,24.43,25.34,24.38,13.83,12.91,18.89,17.18,18.66,17.11
2018,6,21,201806,15.54,18.57,16.41,21.41,19.33,23.1,22.5,17.47,18.41,19.46,18.77,22.12,23.88,22.41,26.64,26.38,27.97,25.82,24.21,24.97,25.13,14.41,14.92,20.4,18.22,18.85,16.88
2018,6,22,201806,12.46,16.69,14.47,20.26,17.48,19.95,20.96,16.49,18.33,19.75,19.5,19.9,22.36,20.78,26.75,26.47,27.8,25.38,23.6,24.89,26.58,15.49,14.89,20.65,18.37,18.84,15.02
2018,6,23,201806,14.49,15.83,16.69,20.26,17.88,20.3,20.32,16.89,18.66,20.14,21.1,21.5,21.18,19.98,26.4,26.08,27.25,25.04,23.36,25.9,27.23,14.17,13.88,20.11,17.83,19.33,13.26
2018,6,24,201806,16.29,18.48,17.33,22.72,19.47,22.53,21.37,17.02,19.4,20.25,21.93,23.73,23.34,21.82,26.96,26.27,27.64,26.33,25.14,26.19,27.17,14.31,13.12,20.56,17.23,19.36,14.85
2018,6,25,201806,15.23,17.77,15.67,21.14,17.96,22.14,20.27,15.38,18.41,20.14,19.81,24.57,22.64,21.11,28.08,26.73,27.33,26.99,26.12,26.61,26.4,11.98,15.01,20.12,18.13,19.18,15.46
2018,6,26,201806,13.15,14.68,13.47,17.65,15.6,23.85,20.76,15.66,17.86,20.18,20.57,24.8,20.86,19.83,26.76,25.23,27.51,26.4,25.39,26.76,26.51,15.55,15.84,20.98,19.08,18.78,11.42
2018,6,27,201806,16.13,17.56,16.99,19.66,18.91,24.41,23.16,18.64,19.82,21.42,24.82,25.85,21.83,20.96,26.9,24.93,27.6,26.59,25.46,27.07,26.71,17.92,14.79,20.66,19.46,18.17,12.77
2018,6,28,201806,17.69,19.25,19.23,22.38,21.29,25.38,23.2,20.65,22.59,22.93,26.79,28.47,23.69,22.59,26.54,25.95,27.82,27.17,25.72,27.69,27.08,18.26,16.31,20.49,18.75,16.85,11.99
2018,6,29,201806,20.07,21.62,21.2,23.79,22.07,27.36,24.92,23.08,24.75,25.2,26.12,28.51,24.28,23.29,26.12,26.26,27.15,27.42,26.72,27.63,26.79,16.82,14.1,19.97,17.41,16.86,11.59
2018,6,30,201806,21.17,22.78,22.46,24.23,23.32,28.27,25.92,26.2,26.62,23.12,25.29,28,25.63,24.04,27.08,26.59,26.95,27.18,27.17,27.32,26.83,15.46,12.02,19.3,16.89,18.36,13.34
2018,7,1,201807,23.21,24.67,25.15,25.36,24.25,27.74,26.15,25.64,24.53,19.75,22.11,27.02,26.19,24.76,25.73,26.5,26.5,27.03,26.27,26.41,26.29,14.07,12.63,18.89,17.18,19.4,13.91
2018,7,2,201807,23.71,25.2,25.34,25.93,25.1,25.11,26.33,22.89,19.99,19.88,21.9,25.02,25.99,25.44,25.87,26.53,27.22,26.69,26.01,27.13,26.5,15.73,14.01,19.58,18.4,19.45,11.99
2018,7,3,201807,23.98,25.16,24.79,26.68,25.69,25.24,25.76,22.3,21.9,22.38,25.57,26.6,26.75,26.17,27.12,27.23,27.45,26.41,26.03,27.31,26.44,17.32,13.13,19.82,17.96,18.41,10.18
2018,7,4,201807,23.48,25.55,23.97,26.13,25.59,26.73,26.27,24.59,25.12,24.42,25.84,27.79,25.97,26.17,26.65,26.1,26.45,26.7,27.05,26.79,26.28,17.34,12.95,20.24,17.96,17.84,12.71
2018,7,5,201807,24.25,25.2,24.69,25.59,24.89,28.17,27.45,25.17,24.16,20.91,25.18,27.9,25.53,25.31,25.62,25.84,26.02,27.29,26.92,27.06,25.31,17.98,16.09,22.03,18.61,17.56,16.43
2018,7,6,201807,22.52,24.11,22.22,25.31,23.25,24.85,24.59,18.19,17.66,19.9,23.9,27.33,25.45,24.64,25.85,26.21,26.27,26.65,26.68,27.36,25.41,17.67,19.16,23.59,18.59,19.16,16.79
2018,7,7,201807,14.04,16.14,14.1,18.84,15.1,18.62,17.23,16.6,17.69,22.5,24.52,23.57,22.12,19.5,25.81,25.12,26.2,24.88,24.47,26.64,25.58,18.76,19.45,23.97,19.5,20.94,14.65
2018,7,8,201807,16.48,17.07,16.51,17.89,16.02,19.22,18.59,18.09,19.35,24.22,23.89,22.5,19.34,18.02,25.02,23.02,26.36,24.65,24.19,25.54,25.17,18.76,18.62,24.04,20.19,21.37,15.47
2018,7,9,201807,19.06,18.87,18.73,19.15,17.97,23.8,22.49,20.78,22.04,23.5,23.9,25.24,19.06,18.45,24.82,22.58,26.85,25.18,24.75,25.7,25.05,18.66,19.63,24.14,20.12,20.83,16.79
2018,7,10,201807,20.38,21.28,20.42,21.05,21.01,25.92,24.6,21.47,21.61,23.49,24.6,26.66,21.74,22.33,25.84,23.19,26.95,26.03,25.23,26.36,25.35,18.2,20.52,22.81,19.69,20.72,15.59
2018,7,11,201807,17.5,20.74,18.71,23.36,20.71,24.15,23.05,18.44,20.99,24.08,25.48,27.33,23.58,23.51,26.71,25.01,27.08,26.59,25.84,27.08,25.68,18.85,18.19,22.67,19.98,20.76,15.11
2018,7,12,201807,15.85,17.82,17.28,22.01,18.45,22.75,19.76,19.4,21.92,24.15,25.94,26.65,23.75,21.19,27.03,26.12,27.02,26.21,26.43,27.12,25.72,18.14,17.7,22.58,20.16,21.59,17.46
2018,7,13,201807,17.67,18.22,19.17,21.1,19.88,24.01,20.99,21.52,24.19,23.54,25.47,26.74,22.48,21.17,27.34,25.69,27.43,26.27,25.79,27.55,25.94,17.69,18.55,22.86,20.31,22.09,19.23
2018,7,14,201807,17.25,19.11,21.36,21.02,21.93,25.44,23.74,22.96,23.53,23.58,25.1,27.57,22.47,22.57,26.98,25.1,27.69,26.72,25.91,27.64,26.08,18.55,18.99,23.26,20.59,22.52,17.86
2018,7,15,201807,19.54,21.88,22.61,23.16,23.67,26.56,24.92,23.57,24.16,22.75,25.06,27.58,23.28,23.44,26.12,24.77,27.86,26.85,25.71,27.66,26.49,18.59,17.57,23.3,20.87,22.79,18.09
2018,7,16,201807,21.46,23.32,23.09,25.57,24.38,25.89,24.82,23.85,22.94,20.37,24.75,27.04,24.39,24.1,26.52,25.53,27.96,26.43,25.42,27.82,26.73,17.61,18.59,23.28,21.1,22.08,18.87
2018,7,17,201807,21.94,23.89,23.49,25.77,23.72,23.2,24.18,18.71,17.23,19.82,24.82,25.88,24.71,23.82,26.41,25.95,27.49,26.44,25.98,28.05,26.23,18.52,19.14,24.23,21,22.31,18.81
2018,7,18,201807,19.18,21.04,17.08,22.73,18.47,21.04,19.52,16.27,17.88,21.21,24.05,24.49,23.19,21.22,26.15,25.94,27.11,25.58,24.97,27.59,26.34,18.75,18.61,24.41,21.04,22.17,17.09
2018,7,19,201807,15.13,17.1,16.08,19.31,17.53,21.88,20.28,18.63,19,21.61,25.32,25.61,20.53,18.73,26.41,25.28,27.18,25.29,23.75,27.55,27.15,18.65,18,24.68,21.4,22.46,16.33
2018,7,20,201807,18.02,19.01,18.63,21.29,19.57,24.03,21.92,20.29,19.73,20.87,24.69,26.26,22.42,21.17,25.4,24.62,27.29,26.32,25.4,28.57,27.31,19.11,17.77,24.48,21.45,21.93,14.56
2018,7,21,201807,17.85,17.87,19.08,20.52,19.77,21.3,21.01,20.02,19.09,20.66,24.62,23.54,21.26,21.33,25.95,23.95,27.73,26.98,25.91,28.14,27.12,19.58,18.31,24.02,21.19,21.69,14.02
2018,7,22,201807,17.49,19.49,18.36,22.5,19.63,21.49,20.35,20.08,19.4,21.65,24.18,22.91,20.21,19.93,26.25,24.76,28.51,24.94,22.48,27.08,27.23,19.58,17.65,23.64,21.13,21.34,14.88
2018,7,23,201807,20.83,21.74,20.37,23.68,20.62,21.3,20.16,19.13,19.76,20.48,23.32,22.87,22.56,20.94,24.73,24.63,27.66,23.44,21.25,25.93,27.24,18.67,16.88,24.15,21.42,22.5,17.69
2018,7,24,201807,22.19,22.73,20.55,23.65,20.51,23.03,22.17,20.85,21.49,19.89,22.7,23.76,22.56,21.82,25.02,24.47,26.89,23.57,22.05,25.21,26.98,18.47,17.99,24.96,21.59,23.33,18.4
2018,7,25,201807,21.88,22.48,20.68,23.2,20.85,22.34,22.86,20.72,19.61,20.05,22.62,22.69,22.22,21.77,25.08,24.4,26.89,24.43,23.38,25.37,26.4,18.79,18.08,24.94,21.68,23.2,18.99
2018,7,26,201807,20.69,21.8,20.92,23.48,21.56,21.72,21.71,19.27,17.91,17.18,22.2,22.99,23.17,22.54,26.17,25.18,27.36,24.86,23.48,25.44,25.71,17.37,17.18,24.74,21.35,23.09,18.98
2018,7,27,201807,21.48,23.11,21.46,24.9,21.8,19.21,20.82,16.56,15.49,16.75,20.41,20.78,24.23,22.48,26.2,25.65,27.66,24.66,23.51,25.79,25.38,16.58,17.12,24.65,20.91,22.19,18.53
2018,7,28,201807,21.54,23.01,20,24.43,20.89,19.58,19.29,17,17.34,18.12,21.48,21.7,23.34,21.65,25.84,25.27,27.48,23.62,21.26,25.63,25.86,16.98,16.91,24.52,20.15,21.71,18.07
2018,7,29,201807,20.24,21.64,18.54,22.91,18.41,20.47,20.24,18.17,18.48,18.74,21.77,21.82,22.11,20.09,25.59,25.05,26.92,23.71,21.86,25.7,26.74,17.02,16.65,24.27,20.2,21.48,18.59
2018,7,30,201807,18.82,19.97,18.44,21.46,19.17,21.35,20.87,19.3,19.27,19.04,19.58,22.23,22.9,21.3,25.46,24.8,26.59,24.78,23.1,25.94,27.09,14.88,16.1,24.31,20.42,21.9,19.63
2018,7,31,201807,19.63,20.79,19.68,22.39,20.1,21.11,21.11,20.12,19.9,19.86,18.62,21.71,23.08,21.89,25.5,25.04,26.4,25.57,24.54,24,25.86,14.22,17.48,24.17,20.71,22.35,20.09
2018,8,1,201808,20.31,21.22,20.93,24.27,21.91,20.56,21.39,20.46,19.65,19.4,20.06,21.22,24.04,22.95,24.61,24.95,26.45,23.94,22.74,22.91,24.13,15.94,18.64,24.55,20.92,22.03,18.38
2018,8,2,201808,21.63,24.36,21.69,25.68,22.09,21.36,21.54,18.72,18.05,18.24,21.79,22.16,23.23,22.27,24.28,24.66,26.55,23.64,22.05,23.5,24.57,16.91,18.71,24.45,20.9,21.24,16.35
2018,8,3,201808,22.65,24.15,21.54,24.86,21.68,22.55,22.19,19.8,17.99,21.98,23.4,23.8,22.32,21.53,24.42,24,26.57,24.5,23.11,24.74,25.13,17.4,17.61,24.26,20.06,20.21,14.78
2018,8,4,201808,22.18,22.95,21.73,23.33,21.84,23.65,23.63,21.45,22.19,23.71,23.69,23.34,22.94,22.12,25.84,24.46,26.89,25.25,23.9,24.78,25.44,17.38,15.85,24.09,19.36,20.28,14.82
2018,8,5,201808,20.85,22.67,22.14,24.88,23.05,24.42,24.28,23.49,22.78,22.54,24.13,24.99,24.25,23.61,26.69,25.65,27.06,25.81,24.88,25.74,25.64,17.68,15.74,24,18.82,19,15.87
2018,8,6,201808,23.03,24.4,23.35,25.71,23.93,25.51,24.71,23.27,22.95,21.3,23.85,26.37,25.07,24.29,26.89,26.29,26.77,26.5,25.47,26.35,25.54,17.05,15.22,23.26,18.69,18.72,17.07
2018,8,7,201808,23.94,25.15,23.43,26.25,23.66,25.23,25.13,21.27,20.47,20.69,23.27,25.95,24.94,24.13,26.65,26.4,26.84,26.6,25.51,26.53,25.93,16.61,16.22,23.45,19.17,20.12,17.94
2018,8,8,201808,22.25,24.26,22.18,25.99,23.19,24.58,24.07,20.79,20.61,22,23.2,25.89,24.77,23.93,26.78,26.55,27.52,26.4,25.14,26.72,26.39,16.5,17.43,23.43,19.67,20.59,19.54
2018,8,9,201808,21.97,23.97,21.47,25.99,22.27,23.81,23.22,21.41,22.18,22.25,23.15,25.09,23.89,23.4,26.49,25.99,27.3,26.19,24.73,26.2,26.47,16.37,18.57,23.42,20.34,21.45,20.54
2018,8,10,201808,19.34,21.59,20.01,23.35,21.36,24.53,23.34,20.6,21.07,22.67,23.67,25.27,23.73,22.84,25.87,24.98,27.19,25.78,24.28,26.28,26.2,16.5,19.4,23.26,20.09,21.79,20.68
2018,8,11,201808,17.51,21.49,19.17,24.36,21.64,23.07,22.94,21.07,21.85,23.76,22.7,24.06,24.02,23.14,25.41,25.28,26.91,25.42,23.69,25.93,25.32,16.15,19.93,23,19.26,21.15,17.79
2018,8,12,201808,18.75,20.17,19.04,23.2,20.18,23.24,21.98,21.24,22.65,24.21,22.58,24.08,23.45,22.14,25.85,25.54,26.66,25.44,24.72,25.84,24.9,15.95,19.29,22.73,19.05,20.57,14.9
2018,8,13,201808,19.6,20.45,20.12,22.36,20.15,23.23,21.6,21.48,22.7,23.43,22.67,24.7,22.67,21.18,26.26,25.43,26.87,25.28,23.42,25.46,24.88,16.44,17.28,22.85,19.04,20.06,15.53
2018,8,14,201808,19.55,18.91,18.59,20.76,18.61,22.8,22.05,22.31,21.98,21.13,22.12,24.19,21.41,20.48,25.85,25.28,26.89,24.81,23.36,25.15,25.16,16.32,16.23,22.92,19.59,19.84,17.06
2018,8,15,201808,20.76,22.26,20.93,23.23,21.32,23.86,22.38,21.79,22.21,20.28,21.33,23.95,21.67,21.4,25.53,25.09,26.65,25.22,23.9,25.69,25.92,16.79,16.52,22.83,20.08,19.94,18.23
2018,8,16,201808,20.76,23.91,22.2,25.16,22.86,24.97,23.61,22.07,22.4,21.4,22.72,25.33,23.35,22.86,25.84,25.97,26.83,25.84,24.59,27.04,26.75,17.08,17.09,22.4,19.89,20.47,18.56
2018,8,17,201808,18.6,22.9,21.72,25.24,23.13,25.75,24.32,22.18,22.14,21.79,22.93,25.86,24.69,23.8,26.2,26.03,26.82,26,25.58,27.41,27.02,17.35,17.98,23.08,19.99,21.01,17.24
2018,8,18,201808,19.73,23.37,21.31,25.55,22.39,24.17,23.55,21.61,20.86,22.05,22.84,24.34,23.84,23.05,25.65,25.5,27.07,25.46,24.68,26.8,26.74,17.1,17.4,23.33,19.61,20.94,15.55
2018,8,19,201808,18.15,20.1,18.72,22.36,19.58,23.35,22.57,21.23,20.97,21.26,21.69,23.89,22.69,21.57,25.1,25.11,27.14,24.78,24.26,26.48,26.62,14.36,15.12,23.3,19.1,20.54,16.78
2018,8,20,201808,16.86,18.43,18.48,21.24,19.57,23.87,22.1,21.1,20.86,17.95,17.74,23.47,23.21,21.65,25.37,25.44,26.89,25.14,24.45,25.23,26.2,12.75,14.46,22.74,18.46,19.94,16.67
2018,8,21,201808,17.32,18.51,18.73,21.93,20.64,23.04,23.31,20.52,19.69,16.59,17.78,21.94,23.7,22.38,25.47,25.7,27.22,25.28,23.84,23.7,25.52,14.64,13.52,22.71,18.76,19.22,16.25
2018,8,22,201808,18.42,20.34,19.26,23.21,19.92,19.4,19.67,17.52,15.71,15.9,18.36,20.74,22.48,20.71,25.75,25.36,27.31,24.12,22.7,23.73,25.75,15.2,14.46,21.74,18.13,18.78,16.69
2018,8,23,201808,16.63,17.86,15.89,19.57,16.36,17.26,16.54,17.5,16.03,18.05,20.29,18.39,18.78,17.33,24.1,22.83,27.04,21.17,19.17,23.45,25.58,15.67,15.69,22.05,18.02,18.63,15.69
2018,8,24,201808,16.5,17.51,17.2,18.62,16.88,17.23,17.16,17.81,16.84,20.26,22.75,21.42,17.63,17.41,23.79,20.21,26.9,21.28,18.86,24.67,25.96,15.21,15.27,22.01,18.16,17.83,13.85
2018,8,25,201808,19.08,19.51,19.03,21,18.63,23.32,20.12,19.23,19.46,21,23.52,25.26,20.33,19.29,25.03,22.58,26.7,24.02,21.78,26,26.37,16.28,14.52,21.84,17.7,17.41,12.05
2018,8,26,201808,18.3,18.81,20.21,21.72,20.74,25.95,24.29,22.41,21.89,21.84,25.11,26.48,22.31,21.48,25.78,24.72,26.62,25.99,24.26,26.8,26.4,16.81,13.77,21.67,17.22,17.34,11.78
2018,8,27,201808,21.06,22.86,22.56,24.59,23.92,26.47,25.9,24.05,24.42,21.61,24.64,26.43,24.65,24.33,25.86,25.5,26.51,26.27,25.15,26.87,26.42,16.42,12.17,21.09,17.2,16.59,11.87
2018,8,28,201808,23.09,24.85,24.55,26.11,24.8,26.43,25.57,24.25,23.57,17.56,22.81,26.42,25.19,24.62,26.27,25.73,26.51,26.02,25.45,26.72,26.63,14.26,9.76,19.44,16.23,16.55,12.48
2018,8,29,201808,24.06,25.64,24.49,26.31,24.6,25.67,25.1,21.33,19.1,15.89,19.11,25.54,25.37,24.78,25.92,25.72,26.26,25.91,25.17,26.39,26.44,13.4,11.84,19.81,16.58,17.45,14.31
2018,8,30,201808,21.42,24.6,21.57,25.91,23.21,22.41,23.6,16.32,15.42,17.47,21.71,23.98,24.81,24.11,25.23,25.92,25.84,25.71,24.99,26.61,26.28,15.71,14.29,20.85,17.84,17.03,13.89
2018,8,31,201808,15.19,19.4,17.36,23.03,20.29,22.72,22.49,17.64,18.6,21.38,24.54,24.5,24.87,23.15,25.32,25.78,26.03,25.33,24.92,26.44,26.24,15.97,13.96,21.09,17.13,16.22,12.71
2018,9,1,201809,15.13,17.39,19.63,21.91,20.65,24.71,23.85,21.6,22.67,20.83,23.94,25.23,24.33,22.83,25.66,25.67,26.23,25.24,24.59,25.94,26.18,15.33,12.9,21.31,16.56,16.45,12.15
2018,9,2,201809,18.12,19.87,20.55,22.17,22.05,25.03,24.14,22.93,22.63,20.04,23.5,25.13,24.1,23.13,25.56,25.41,26.22,25.35,24.94,25.5,26.1,14.3,12.7,20.26,16.13,17.67,12.31
2018,9,3,201809,21.44,22.56,23.19,24.4,23.82,25.86,25.07,23.02,21.4,18.61,22.91,25.86,24.69,24.09,25.13,25.51,25.61,25.66,25.15,25.14,25.01,14.02,13.6,19.88,16.42,18.77,13.23
2018,9,4,201809,22.11,24.47,23.5,25.78,24.11,25.85,26.05,22.83,22.44,21.16,21.92,25.25,25.24,24.62,25.36,25.92,26.01,25.55,24.9,24.52,24.13,14.48,13.13,19.78,16.79,19,12.45
2018,9,5,201809,19.6,22.76,23.31,26.11,24.55,25.19,25.29,23.16,21.76,17.06,20.94,24.74,25.44,24.77,25.63,26.05,26.67,24.99,24.65,25.28,24.66,14.18,12.79,20.2,17.22,18.86,13.86
2018,9,6,201809,21.77,24.27,23.34,26.39,24.08,23.61,24.53,17.84,15.42,15.25,19.17,23.75,25.22,24.83,26.07,25.62,26.62,25.14,24.69,24.47,24.69,13.46,14.86,20.71,17.42,18.6,15.78
2018,9,7,201809,16.1,20.31,18.77,24.96,21.59,21.96,21.9,15.35,14.33,16.58,18.77,22.95,24.98,23.59,25.63,25.38,26.07,25.54,24.86,23.66,23.87,13.41,15.84,20.76,17.17,19.12,15.65
2018,9,8,201809,12.68,17.12,14.92,21.36,17.68,18.59,17.95,14.11,13.92,16.94,18,19.79,24.04,21.41,25.64,25.36,25.63,25.35,25.28,23.43,22.88,13.42,15.72,21.35,16.73,19.06,14.04
2018,9,9,201809,9.81,12.74,10.35,15.69,11.57,16.14,14.55,12.92,13.16,16.5,17.31,16.94,19.97,17.26,25.47,24.78,25.78,24.22,23.52,22.22,22.09,14.52,14.33,21.21,16.48,18.07,12.38
2018,9,10,201809,10.29,13.43,10.8,17.6,13.71,16.15,15.46,13.92,13.02,17.21,18.31,17.04,20.34,18.52,25.36,24.44,26.28,22.61,20.49,21.63,22.16,14.78,13.69,21.12,16.91,17.23,12.43
2018,9,11,201809,14.46,18.32,15.85,22.13,18.62,17.85,17.19,16.26,15.53,19.43,20.01,18.78,22.54,20.63,25.58,24.93,26.89,22.22,19.6,21.88,21.73,15.74,13.56,20.34,16.22,16.33,10.8
2018,9,12,201809,17.83,20.54,18.54,22.99,19.99,18.59,18.28,17.47,17.88,18.98,20.75,19.29,23.31,21.65,26,25.23,27.26,23.46,21.4,22.54,21.37,15.36,12.22,19.31,15.51,15.08,9.4
2018,9,13,201809,18.74,19.34,19.83,21.8,21.01,19.25,20.31,18.38,18.27,20.2,22.21,21.45,23.35,22.5,26.02,25.26,27.26,24.82,23.15,24.2,23.31,14.42,11.1,18,14.67,13.33,9.18
2018,9,14,201809,19.03,19.25,20.79,21.75,21.09,21.07,21.73,19.5,19.02,20.29,23.31,23.7,22.65,22.28,26.23,23.64,27.54,25.67,24.74,25.26,23.97,14.13,10.59,18.73,14.72,13.77,9.42
2018,9,15,201809,17.87,18.63,20.85,21.26,20.84,21.93,22.57,20.57,21.88,21.06,23.58,24.59,21.49,21.27,25.09,22.88,27.79,25.77,24.14,25.86,23.44,15.11,12.63,20.31,16.24,14.95,10.37
2018,9,16,201809,19.79,20.43,21.73,21.39,21.1,22.61,22.89,21.61,22.13,22.53,22.66,23.41,21.1,20.71,23.47,23.19,27.59,24.4,22.57,25.61,23.17,16.04,13.79,21.15,15.85,14.15,9.85
2018,9,17,201809,20.39,20.49,21.27,21.9,20.27,23.93,22.11,22.2,21.73,18.89,23.09,23.99,21.27,20.63,25.75,23.96,27.78,24.64,22.21,25.9,23.6,16.21,12.48,21.49,16.04,14.86,9.1
2018,9,18,201809,19.96,21.36,20.67,22.39,18.88,23.34,22.52,19.12,19.17,17,23.46,24.13,20.61,20.16,25.67,24.69,27.48,25.31,22.48,26.42,24.87,16.39,12.17,21.35,16.33,14.75,9.32
2018,9,19,201809,15.93,19.61,18.46,21.95,20.05,23.73,22.87,16.21,17.41,16.59,23.57,25.3,21.9,21.76,25.55,24.06,27.62,25.49,23.46,26.52,25.66,15.96,11.01,20.69,15.9,14.43,9.21
2018,9,20,201809,13.68,16.07,15.85,20.7,18.44,24.91,23.41,17.35,17.49,15.79,23.01,25.43,22.47,21.78,25.23,24.3,27.74,25.53,23.92,26.42,24.81,14.31,9.49,19.52,13.81,15.16,9.27
2018,9,21,201809,13.15,16.03,18.63,19.52,21.04,23.37,23.91,19.86,17.08,12.44,18.32,23.23,22.69,22.42,25.09,24.28,27.18,25.63,24.01,25.21,23.92,10.43,8.16,18.66,13.76,16.21,11.3
2018,9,22,201809,14.24,17.43,15.52,20.49,17.91,14.61,16.41,11.54,9.27,10.72,13.32,15.57,22.42,21.14,24.62,23.47,26.14,24.56,23.48,20.97,20.83,11.38,11.49,19.81,14.4,16.29,12.57
2018,9,23,201809,8.5,12.55,10.31,15.66,13.1,14.55,14.91,12.16,11.36,12.32,15.7,15.97,18.66,16.79,24.68,23.79,26.03,22.94,21.54,20.3,19.48,12.22,11.48,19.08,13.87,16.37,9.68
2018,9,24,201809,7.93,12.65,11.3,17.23,13.89,17.27,16.61,14.17,13.94,14.09,17.53,18.59,18.32,17.47,24.91,23.34,26.48,23.62,22.7,21.3,21.29,12.5,9.16,19.37,13.14,15.49,7.96
2018,9,25,201809,7.91,12.22,12.7,18.82,16.76,22.26,20.9,17.85,16.12,12.1,16.52,22.28,20.84,19.55,25.05,23.83,26.61,24.2,22.84,23.53,23.16,9.48,6.88,19.32,13.12,15.35,9.5
2018,9,26,201809,17.09,19.87,17.83,22.8,19.86,17.29,19.95,15.02,10.54,9.63,11.59,17.15,22.44,21.35,25.52,24.43,26.84,23.67,21.98,21.02,22.15,6.79,7.24,18.87,12.59,16.49,10.72
2018,9,27,201809,15.62,18.31,14.25,20.23,14.52,13.2,13.61,11.07,9.21,10.74,12.28,14.17,19.92,17.03,25.45,24.77,27,20.8,17.99,17.43,17.83,8.06,8.5,18.07,12.87,17.81,12.73
2018,9,28,201809,11.85,13.71,13.57,19.62,15.2,13.08,13.02,11.36,9.18,7.13,11.73,14.31,19.75,17.22,24.52,24.67,27.16,19.67,17.12,18.85,20.55,9.21,7.69,18.41,14.74,17.56,13.41
2018,9,29,201809,11.87,13.74,12.8,17.57,13.93,10.37,12.61,7.68,4.71,4.57,10.11,13.59,18.91,16.02,24.71,24.02,27.04,20.5,18.03,20.68,22.12,10,8.37,18.5,15.25,15.61,12.42
2018,9,30,201809,10.28,12.77,9.97,16.31,12.68,15.36,14.72,8.19,6.52,6.47,14.18,17.91,19.17,16.32,24.96,23.03,26.5,21.26,19.21,22.23,22.35,12.05,7.96,18.85,14.91,14.6,10.61
2018,10,1,201810,10.11,14.36,12.89,19.02,16.73,19.64,18.73,11.26,8.54,6.98,17.04,21.28,20.36,19.57,23.97,22.1,25.81,22.88,21.59,23.51,22.6,12.24,7.98,19.39,14.4,15.47,10.08
2018,10,2,201810,10.27,15.92,14.28,20.82,18.78,22,21.55,13.24,10.46,10.48,19.49,22.94,20.96,20.86,23.79,22.11,25.81,24.08,22.66,24.31,23.23,13.05,10.87,17.7,15.64,16.12,11.84
2018,10,3,201810,13.79,18.04,15.63,21.52,18.89,23.4,22.21,14.84,16.69,15.58,21.97,23.89,21.63,21.28,24.27,23.58,25.42,24.44,22.69,24.99,24.41,13.7,9.56,17.01,15.5,15.85,7.93
2018,10,4,201810,14.67,16.75,16.62,19.97,18.71,20.92,22.13,14.88,10.92,5.32,13.19,21.52,22.37,21.52,24.62,24.07,25.37,24.6,23.18,25.1,24.63,10.72,6.48,17.49,14.14,14.34,7.97
2018,10,5,201810,11.73,16.35,11.8,19.98,15.36,18.05,17.45,6.84,7.42,5.4,13.91,21.8,22.11,20.09,24.53,23.85,25.52,24.61,23.71,25.49,24.48,9.31,5.67,15.22,12.08,12.62,5.89
2018,10,6,201810,7.91,11.9,13.31,18.47,18.45,22.4,22.3,13.74,11.31,7.08,12.11,22.7,21.65,20.85,24.31,24.56,25.49,24.57,23.7,24.81,24.04,6.1,4.66,14.42,11.2,13.38,7.56
2018,10,7,201810,12.54,17.32,17.49,21.32,21.06,20.49,22.94,11.61,8.23,6.27,9.4,19.87,23.1,22.45,23.97,24.34,25.5,24.58,23.55,23.1,23.31,6.69,4.9,13.3,10.25,11.9,6.49
2018,10,8,201810,10.67,15.1,16.22,21.11,21.39,23.1,23.19,14.84,12.63,7.88,12.8,22.88,23.39,22.59,24.33,24.36,25.42,24.03,22.71,24.2,22.66,5.59,3.66,10.46,8.29,11.61,7.62
2018,10,9,201810,14.67,17.52,19.95,21.48,21.55,23.21,23.15,18.47,15.33,8.44,11.28,22.74,22.05,21.89,23.94,23.35,25.83,23.88,22.31,23.1,21.44,2.87,3.35,10.6,7.84,12.76,8.54
2018,10,10,201810,18.83,21.35,21.39,22.47,21.34,22.25,21.09,17.56,15.12,6.01,7.4,20.15,22.18,21.01,24.12,23.65,26.31,23.62,22.18,20.24,18.66,1.65,2.05,11.23,7.15,11.92,6.69
2018,10,11,201810,13.58,20.51,20.05,22.55,20.81,9.34,15.37,11.76,5.4,1.28,4.34,8.34,22.12,21.02,22.98,23.2,26.06,19.3,17.62,13.76,16.75,1.82,1.74,13.57,8.62,11.6,6.05
2018,10,12,201810,12.1,17.2,11.59,17.69,10.98,4.86,5.9,4.35,1.41,2.24,7.13,6.13,14.35,11.56,16.11,16.75,23.35,11.17,8.75,12.41,18.34,4.45,2.87,13.97,8.75,12.4,7.06
2018,10,13,201810,5.7,7.44,6.19,9.19,7.28,6.62,6.74,4.89,2.61,4.66,8.4,8.57,10.56,8.77,15.2,13.98,21.43,13.71,10.86,13.9,19.96,4.88,3.58,13.84,9.1,13.37,7.26
2018,10,14,201810,5.19,7.29,6.34,8.52,6.32,9.36,8.02,6.95,5.73,1.62,5.28,10.67,9.89,8.07,17.78,13.92,23.22,16.91,13.83,16.3,20.7,0.98,-1.34,12.46,7.39,11.78,4.54
2018,10,15,201810,6.85,9.43,8.34,13.62,10.87,8.35,11.2,6.5,2.27,0.65,0.11,7.27,16.55,14.76,21.94,20.44,26.01,20.39,18.29,13.52,12.91,-4.81,-1.5,10.02,2.5,9.35,5.07
2018,10,16,201810,7.7,10.4,6.63,12.99,7.62,4.62,5.2,4.72,2.8,4.16,3.54,5.26,16.45,11.83,24.18,22.87,26.5,16.62,12.21,10.8,6.66,-0.92,2.41,7.63,2.68,9.05,7.35
2018,10,17,201810,5,6.58,5.3,9.68,5.53,6.76,6.17,4.56,3.53,5.02,8.39,8.25,13.81,9.65,23.11,20.85,26.61,15.06,12.4,12.53,9.34,2.97,4.94,9.3,4.98,10.43,8.55
2018,10,18,201810,1.05,3.15,1.44,6.02,4.02,4.76,4.32,2.99,2.83,7.36,9.57,7.44,8.09,6.31,18.09,13.65,25.64,12.83,9.25,13.18,11.27,5.13,6.45,10.47,6.21,11.17,9.29
2018,10,19,201810,1.76,3.79,4.3,5.9,4.3,6.63,5.59,7.51,8.76,10.27,11.18,8.99,7.54,6.62,17.07,11.51,24.74,13.74,9.96,14,13.79,5.44,6.44,11.5,7.54,12.19,9.47
2018,10,20,201810,8.2,10.71,8.57,12.89,9.4,9.37,9.63,6.52,4.48,4.63,9.64,10.81,13.43,11.92,21.49,18.48,25.19,18.02,14.87,16.46,16.2,5.45,6.81,13.26,8.89,12.76,9.57
2018,10,21,201810,3.8,6.32,3.66,8.86,5.06,2.04,3.7,2.69,-0.26,2.54,8.01,4.09,7.14,5.82,13.17,10.97,22.44,9.45,6.06,11.4,14.32,6.53,7.91,15.41,9.25,13.27,9.61
2018,10,22,201810,0.56,2.64,2.99,5.36,4.02,5.95,4.84,4.63,3.26,5.71,10.9,7.91,5.42,4.84,9.58,7.79,19.91,8.02,6.69,10.56,13.11,8.09,7.36,15.37,10.03,12.59,9.4
2018,10,23,201810,3.21,6.64,6.4,9.99,6.85,7.85,7.17,5.56,4.08,4.2,10.51,11,8.73,7.86,15.19,11.68,22.57,12.04,9.72,13.59,14.43,7.81,6.97,14.85,10.33,11.89,9.33
2018,10,24,201810,4.03,6.68,4.69,7.38,4.95,5.55,5.41,3.55,3.74,4.6,9.76,7.71,7.31,6.18,14.69,11.31,21.91,11.6,8.96,13.54,14.1,7.32,7.67,14.09,9.12,12.03,8.59
2018,10,25,201810,1.14,2.64,2.25,5.61,3.71,5.7,4.41,3.59,4.02,7.88,9.33,7.85,5.44,5.05,12.37,7.98,21.68,11.54,8.44,12.36,14.49,5.73,6.62,13.43,8.56,12.44,8.03
2018,10,26,201810,-0.66,1.38,1.4,4.98,3.83,8.27,7.09,6.2,6.53,8.43,9.86,8.58,6.81,6.4,13.89,10,23.36,12.49,9.07,12.91,15.66,5.61,6.18,12.67,8.95,13.52,9.86
2018,10,27,201810,0.26,4.4,2.79,9.86,5.17,8.9,8.04,6.59,6.3,8.23,11.31,9.86,9.12,8.09,12.77,11.56,20.32,12.12,10.05,13.95,16.12,6.52,7.85,13.38,10.3,14.95,9.74
2018,10,28,201810,3.49,9.41,2.91,8.5,5.26,9.54,7.9,5.38,6.32,7.59,11.88,11.92,9.59,8.07,12.6,11.26,16.66,13.03,10.99,16,17.25,7.7,6.96,14.35,10.68,14.12,9.26
2018,10,29,201810,5.1,8.03,5.14,10.02,6.94,7.96,8.32,6.14,5.95,6.32,10.68,9.3,9.44,8.52,14.95,12.14,18.09,14.3,9.82,15.76,18.23,7.91,6.84,14.41,10.07,12.32,6.38
2018,10,30,201810,4.36,5.8,4.11,7.09,5.89,10.59,8.61,6.14,6.41,6.57,11.45,13.74,8.08,7.95,12.38,9.95,19.98,14.29,10.84,18.26,19.59,4.84,2.33,13.46,7.78,9.89,4.78
2018,10,31,201810,2.5,4.48,5.23,8.77,8.77,13.62,13.45,9.01,6.6,5.08,7.37,13.48,11.29,11.54,15.02,12.65,20.13,18.02,16.09,17.8,18.63,0.77,0.15,9.28,4.87,8.55,5.62
2018,11,1,201811,7.37,11.65,9.96,14.4,13.98,9.55,12.05,6.11,4.32,4.27,6.1,9.28,15.63,15.76,18.32,16.76,22.71,19.18,17.76,14.15,12.85,-0.32,2.32,6.68,4.19,11.13,10.09
2018,11,2,201811,10,15.09,12.39,17.9,15.04,6.45,7.98,3.96,3.05,4.09,6.51,6.47,17.89,15.41,18.79,20.03,23.1,12.77,11.59,9.74,10.99,2.14,4.37,9.14,6.12,12.58,9.83
2018,11,3,201811,11.77,14.74,8.5,14.72,8.3,7.26,6.45,3.95,2.9,3.96,7.14,7.23,11.29,9.06,11.08,12.79,18.37,9.99,7.97,11.02,13,2.82,3.47,10.48,6.46,12.6,6.6
2018,11,4,201811,2.57,4.39,3.03,6.47,4.42,9.3,7.25,3.85,4.04,3.47,5.81,9.94,7.05,6.12,11.45,10.27,19.1,11.45,9.31,13.2,14.81,0.03,1.96,9.84,5.48,12.43,7.43
2018,11,5,201811,1.69,4.63,3.78,8.64,6.54,8.84,10.35,7.73,6.04,3.88,6.49,7.38,13.03,10.56,18.39,17.68,23.35,15.55,13.13,12.84,15.71,2.04,2.22,10.96,6.51,11.69,4.68
2018,11,6,201811,7.24,10.64,8.05,13.97,10.42,9.39,11.55,7.34,5.85,2.53,5.44,8.69,15.83,13.81,21.04,19.89,24.52,18.8,16.29,15.56,17.92,-0.27,-1.19,11.1,5.55,10.2,3.9
2018,11,7,201811,9.76,11.83,8.4,13.16,8.36,5.18,6.1,4.33,1.49,-2,2.13,6.14,12.23,9.68,19.1,17.02,24.48,14.18,10.78,13.88,18.3,-1.69,-3.31,10.87,5,9.57,2.73
2018,11,8,201811,5.24,6.4,4.27,9.14,4.34,1.81,2.47,1.85,-1.74,-4.25,0.84,2.83,10.53,6.75,19.36,16.17,24.45,12.01,8.44,10.4,15.17,-3.16,-4.99,9.87,3.22,7.91,0.71
2018,11,9,201811,2.68,3.24,2.1,6.45,2.49,2.23,3.17,0.65,-2.67,-6.41,-1.64,2.39,9.11,6.63,18.08,14.37,24.2,11.97,8.86,8.15,10.95,-4.95,-6.21,6.07,0.68,6.03,0.54
2018,11,10,201811,3.31,6.78,1.57,7.51,1.4,-3.31,-1.42,-1.32,-5.71,-8.58,-5.05,-3.42,5.87,3.04,12.52,12.08,21.56,4.77,2.45,2.63,6.26,-3.16,-2.99,6.18,0.87,6.35,2.18
2018,11,11,201811,-2.63,-0.32,-1.42,1.3,-0.65,-1.69,-1.77,-1.69,-4.01,-4.52,-0.78,-0.69,-0.49,-1.13,6.96,3.6,18.5,2.92,0.38,4.03,7.96,-3.26,-4.83,6.64,1.41,5.93,0.35
2018,11,12,201811,-2.62,0.82,0.43,2.76,0.49,0.5,0.81,-0.12,-3.82,-6.64,-2.39,1.11,3.33,2.59,11.24,7.64,21.79,8.22,5.55,5.99,7.81,-7.16,-6.7,1.77,-2.05,5.14,0.23
2018,11,13,201811,1.04,4.95,2.01,8.57,2.94,-2.84,0.98,-2.44,-7.89,-7.8,-5,-3.24,8.54,5.48,16.4,14.87,23.52,7.72,5.01,1.63,1.05,-7.71,-4.14,0.51,-3.01,5.61,1.27
2018,11,14,201811,-4.29,-0.53,-3.29,2.32,-1.43,-4.53,-3.09,-4.46,-7.76,-3.42,-0.76,-4.52,3.46,0.51,12.48,9.74,21.5,3.6,1.7,0.09,1.58,-2.62,-0.8,2.15,-0.13,6.73,3.4
2018,11,15,201811,-7.89,-4.48,-5.43,0.29,-2.94,-2.32,-1.51,-2.03,-3.63,-0.06,2.1,-2.22,2.74,0.18,9.65,8.1,18.68,2.38,2.37,1.37,4.44,0.35,0.54,4.19,2.08,7.14,5.49
2018,11,16,201811,-3.64,1.24,-2.05,4.38,-1.18,-0.58,-0.34,0.56,-0.96,-0.62,4.41,1.31,3.07,0.83,4.67,5.87,11.92,2.96,2.09,5.41,7.52,0.91,0.75,5.86,3.15,7.86,5.95
2018,11,17,201811,-1.59,1.28,0.18,2.64,-0.82,1.37,0.77,-0.57,-2.87,-5.78,2.1,3.87,3.98,1.99,7.5,6.86,12.1,6.81,6.05,8.44,9.63,-0.67,-2.85,6.33,3.04,8.03,4.05
2018,11,18,201811,-3.01,0.37,-1.66,2.41,-0.14,2.28,2.71,-1.98,-6.02,-7.2,-2.26,3.36,5.47,3.71,10.86,8.9,16.9,9.14,8.49,8.63,10.81,-3.64,-4.41,6.15,1.71,7.47,1.41
2018,11,19,201811,-2.13,3.09,0,6.76,2.53,1.53,3.77,-1.68,-3.98,-5.06,-0.26,3.57,8.49,7.28,13.47,13.03,19.18,10.67,10.1,8.44,8.89,-3.3,-2.63,5.47,1.09,7.28,1.67
2018,11,20,201811,-1.1,3.61,-0.29,7.99,2.48,0.57,2.26,-2.68,-5.49,-5.6,1.17,1.09,9.23,6.74,12.84,12.15,19.36,9.87,7.9,6.5,8.47,-2.1,-2.02,6.19,0.9,7.62,1.88
2018,11,21,201811,-3.02,0.26,-2.24,2.28,-0.86,0.31,0.25,-3.55,-4.97,-3.46,3.35,2.11,3.67,1.53,9.54,7.83,17.17,5.44,3.6,5.25,7.34,-0.5,-1.09,7.01,2.29,7.43,2.65
2018,11,22,201811,-11.85,-8.41,-11.52,-3.98,-6.83,2.39,-0.04,-6.49,-3.92,-2.94,4.55,4.32,1.97,-0.05,7.39,5.38,14.88,5.21,4.6,6.86,9.09,0.35,-0.11,7.87,4.08,8.26,4.56
2018,11,23,201811,-11.51,-9.66,-11.17,-6.75,-7.31,4.45,1.48,-0.74,0.64,0.59,6.75,5.57,-0.7,-1.34,8.7,3.97,17.65,6.94,6.15,8.85,12.08,0.49,0.42,7.16,4.03,7.5,3.74
2018,11,24,201811,-5.68,-2.92,-3.68,0.46,-2.22,8.15,6.29,3.25,2.96,-0.17,5.2,7.95,3.45,2.69,12.35,9.56,20.4,11.44,9.59,11.03,11.97,0.12,-0.76,6.89,4.33,9.15,3.09
2018,11,25,201811,-0.4,3.32,2.41,8.66,3.73,6.4,6.22,2.54,-1.57,-5.74,1.3,7.75,6.83,6.41,12.17,9.71,20.12,11.32,9.85,10.96,12.27,-4.44,-4.26,5.81,1.11,8.41,1.74
2018,11,26,201811,0.19,3.76,1.69,6.8,3.74,0.96,5.04,-0.7,-5.35,-7.8,-2.78,-1.78,8.19,6.37,12.64,11.3,19.8,7.38,5.77,2.8,5.49,-5.67,-4.26,4.36,-0.66,7.64,3.17
2018,11,27,201811,0.2,4.17,1.47,5.14,1.19,-4.68,-1.51,-2.07,-6.82,-9.28,-2.86,-3.83,1.65,0.6,2.7,3.7,13.25,0.24,-1.4,1.7,5.04,-2.97,-1.44,4.96,1.52,8.56,5.96
2018,11,28,201811,0.12,1.1,-0.68,1.36,-1.53,-5.14,-3.49,-2.31,-6.1,-5.18,-0.39,-3.7,-1.72,-2.63,0.11,-0.3,7.38,0.2,-2.57,4.05,8.37,0.09,0.76,6.54,3.64,8.44,4.61
2018,11,29,201811,-0.25,1.12,-0.5,1.89,-1.19,0.04,-1.61,-1.67,-3.02,-1.96,2.76,2.52,-1.4,-1.96,2.69,0.96,8.53,5.34,2.31,11.29,12.9,1.08,-0.64,6.76,4.1,7.43,3.58
2018,11,30,201811,-3.15,-0.41,-2.05,1.87,-0.32,3.06,3.69,0.08,-1.6,-1.63,2.77,5.83,4,3.66,9.52,6.7,14.49,13.61,10.91,14.37,14.85,-0.1,-1.35,6.86,3.53,6.06,2.87
2018,12,1,201812,-3.29,0.54,-0.8,3.9,1.06,7.28,5.6,0.57,-0.84,-1.65,4.53,10.7,7.32,5.88,13.2,11.75,19.65,14.63,12.34,15.62,13.81,-2.05,-2.44,5.01,0.8,4.86,1.42
2018,12,2,201812,-1.28,3.37,2.04,9.38,6.25,7.24,9.98,3.02,0.56,-3.44,0.78,6.03,11.91,10.57,17.2,15.82,23.16,15.03,12.31,9.42,9.79,-5.79,-4.24,4.32,-0.9,3.01,0.06
2018,12,3,201812,2.29,7.87,3.58,10.78,6.36,1.86,4.19,0.63,-1.61,-4.2,-2.08,1.29,11.31,8.15,15.26,15.44,22.58,9.27,5.89,6.01,8.66,-6.47,-5.51,1.18,-2.89,1.74,-1.23
2018,12,4,201812,-2.96,0.78,-2.38,3.35,0.29,0.03,0.6,-2.06,-3.61,-4.03,-2.87,0,4.21,2.67,8.65,7.83,18.75,4.41,3.24,2.73,5.17,-7.96,-7.15,1.27,-3.75,3.46,-2.54
2018,12,5,201812,-8.01,-3.74,-5.07,-0.72,-2.52,-0.63,-0.75,-1.63,-2.86,-4.17,-2.96,-0.16,1.31,-0.5,3.26,4.44,12.63,1.83,1.26,2.42,5.61,-7.13,-8.29,4.02,-1.79,4.95,-3.37
2018,12,6,201812,-6.6,-2.46,-2.88,-0.3,-1.56,-0.87,-0.94,-2.02,-4.65,-6.79,-3.08,0.23,-0.63,-0.93,2.09,1.62,8.51,1.65,0.35,3.78,8.98,-5.39,-9.17,7.21,0.9,5.19,-4.57
2018,12,7,201812,-4.03,-1.42,-3.69,0.52,-1.58,-3.7,-2.42,-4.94,-8.74,-9.05,-5.79,-2.2,1.22,0.27,4.14,3.39,12.73,4.43,3.22,5.96,10.17,-4.13,-8.86,7.22,1.37,5.51,-4.86
2018,12,8,201812,-10.8,-5.99,-7.08,-2.52,-4.03,-4.59,-4.36,-4.57,-6.08,-9.31,-6.3,-3.05,0.02,-2.27,7.46,4.8,16.75,4.95,3.13,4.96,6.33,-4.69,-6.73,6.33,0.95,5.83,-2.23
2018,12,9,201812,-9.85,-4.24,-4.78,-1.58,-4.29,-5.45,-4.73,-4.4,-7,-9.22,-5.36,-4.57,-0.72,-2.19,7.38,3.47,20.21,4.18,1.12,1.96,3.93,-4.67,-6.34,6.07,-0.33,6,-0.67
2018,12,10,201812,-6.2,-2.65,-5,-0.94,-4.08,-5.06,-4.63,-3.66,-6.9,-8.44,-4.86,-3.99,0.28,-1.46,3.65,2.64,14.21,1.32,0.26,0.88,4.64,-4.98,-5.01,5.42,-0.36,6.43,1.17
2018,12,11,201812,-9.38,-4.12,-5.59,-0.83,-4.13,-3.14,-3.79,-3.17,-6.66,-6.68,-2.84,-1.52,-2.14,-2.44,5.27,2.22,10.3,1.65,-0.12,2.35,6.05,-2.5,-4.09,6.59,0.23,4.92,0.69
2018,12,12,201812,-8.2,-2.81,-3.47,-0.53,-2.29,0.14,-1.24,-2.4,-3.39,-5.03,-0.19,2.6,-0.96,-0.8,3.78,2.18,9.41,3.23,1.63,6.32,10.5,-2.22,-3.01,6.64,1.28,5.39,1.39
2018,12,13,201812,-11.22,-4.89,-3.97,1.82,0.1,1.52,1.57,0.37,-3.12,-3.28,1.1,6.13,2.29,3.09,6.73,4.77,15.47,8.85,7.35,11.41,11.99,-4.69,-5.57,3.12,-1.46,4.68,1.11
2018,12,14,201812,-4.72,0.17,-0.09,5.66,2.01,5.45,5.41,1.14,-2.68,-3.39,-1.51,6.57,3.15,4.28,13.78,9.27,20.58,12.3,9.7,9.59,5.69,-5.25,-4.65,1.75,-2.22,5.3,1.7
2018,12,15,201812,1.04,4.13,1.94,9.42,5.62,4.17,6.52,0.91,-2.14,-2.67,-0.29,4.19,8.07,8.26,14.76,13.5,20.09,10.99,10.29,6.7,5.24,-2.39,-2.28,4.4,0.26,6.49,1.72
2018,12,16,201812,-2.04,2.16,0.1,7.11,4.31,2.6,5.19,0.74,-2.1,-1.89,1.07,3.62,7.36,7.4,11.48,10.93,16.33,9.5,8.13,7.08,6.83,-1.07,-2.46,6.17,1.58,6.94,2.73
2018,12,17,201812,-1.23,2.68,-0.03,4.86,1.76,0.74,1.62,-1,-4.08,-4.02,1.29,2.59,5.85,4.32,9.28,8.58,13.58,7.97,6.21,7.68,9.05,-0.92,-1.36,6.99,2.91,6.86,3.72
2018,12,18,201812,-6.14,-4.07,-6.14,0.01,-2.23,0.15,-0.5,-2.59,-4.24,-3.05,1.77,2.66,2.48,0.66,7.3,5.95,12.13,6.89,4.22,8.4,9.42,-0.4,-1.04,5.58,2.53,5.83,3.98
2018,12,19,201812,-8.87,-5.12,-5.31,-1.15,-2.36,1.84,0.52,-0.22,-1.38,-0.23,3.79,5.45,2.15,1.09,8.42,5.54,13.67,7.59,5.27,9.12,10.99,-1.16,-0.4,4.58,2.05,6.37,3.19
2018,12,20,201812,-4.63,-0.54,-1.42,2.21,0.25,5.85,2.86,1.33,-0.29,-1.6,2.61,6.82,4.59,3.24,13.24,11.45,18.39,10.42,8.22,9.37,9.56,-3.47,-2.36,6.03,1.47,6.59,4.24
2018,12,21,201812,1.42,6.74,4.84,10.97,8.21,2.37,4.39,0.53,-2.93,-4.76,0.69,1.57,12.5,9.37,11.7,14.86,15.77,7.28,6.58,4.97,5.93,-1.94,-1.41,6.57,1.91,7.07,1.36
2018,12,22,201812,4.95,8.46,1.97,8.07,3.4,-0.04,1.29,-2.35,-4.56,-3.11,1.17,1.35,5.95,4.05,5.74,7.22,11.36,4.49,2.75,4.96,8.18,-1.45,-4.28,6.76,2.05,5.69,-0.73
2018,12,23,201812,-4.05,-1.43,-3.04,1.8,-0.05,0.15,0.93,-1.54,-2.82,-3.41,0.46,1.53,2.94,1.65,5.52,5.1,10.78,6.77,3.33,7.57,8.62,-5.84,-6.31,5.2,0.49,5.94,1.56
2018,12,24,201812,-6.56,-1.31,-1.87,3.24,0.57,-0.75,-0.09,-1.12,-5.25,-5.69,0.18,0.86,3.68,2.13,8.65,6.82,12.97,4.8,1.85,4.89,7,-3.33,-3.36,5.63,1.67,6.33,2.41
2018,12,25,201812,-7.48,-1.4,-3.21,1.37,-0.96,1.22,-0.15,-1.75,-4.83,-5.06,1.51,3.76,0.64,0.04,6.46,3.72,14.27,4.85,2.36,7.78,11.4,-3.01,-4,5.65,2.49,5.62,0.97
2018,12,26,201812,-9.28,-4.04,-3.89,0.65,-0.54,2.45,0.91,-0.57,-2.71,-5.65,2.62,6.61,1.6,0.74,8.6,4.23,16.46,9,6.6,12.58,14.45,-2.31,-5.3,4.62,1.06,3.46,-1.06
2018,12,27,201812,-8.48,-2.22,-3.5,2.03,0.81,5.38,2.16,0.25,0.28,-3.74,2.52,10.41,2.29,1.92,10.9,5.62,19.86,10.64,8.26,13.7,12.38,-6.53,-7.76,1.86,-1.52,2.54,-0.86
2018,12,28,201812,-5.12,0.99,1.1,6.92,5.51,6.44,9.31,3.76,0.08,-10.05,-4.85,3.39,10.77,9.44,18.38,15.83,21.7,16.09,14.4,7.09,6.46,-10.46,-9.35,0.29,-4.2,0.19,-2.66
2018,12,29,201812,1.66,6.23,2.46,9.39,5.21,-1.32,1.17,-3.42,-7.55,-14.48,-7.7,-2.7,10.85,7.13,16.92,15.95,21.44,8.54,5.41,2.9,3.57,-10.84,-9.19,-2.68,-6.56,0.64,1.27
2018,12,30,201812,-8.71,-2.02,-3.8,2.35,0.61,-0.71,0.14,-3.14,-6.86,-7.7,-4.38,-0.39,5.83,2.78,14.96,11.64,21.5,9.57,6.31,4.77,3.78,-7.1,-4.41,-2.33,-4.47,3.09,1.83
2018,12,31,201812,-5.66,-0.01,-1.22,3.33,1.22,4.05,3.58,-1.2,-3.4,-8.99,-2.95,5.55,7.69,5.13,17.68,13.85,21.42,15.49,13.63,9.68,7.09,-7.03,-9.45,-0.76,-4.23,1.91,-2.52
2019,1,1,201901,0.32,5.2,2.19,9.8,7.26,2.9,6.67,-3.09,-7.41,-18.5,-10.01,1.3,13.06,10.91,17.71,17.34,20.92,14.38,12.69,6.4,5.17,-12.98,-14.57,-1.01,-6.74,-0.86,-4.29
2019,1,2,201901,-9.75,-2.29,-4.9,2.21,0.81,0.14,1.92,-4.93,-9.62,-13.1,-7.47,-0.73,7.5,4.8,16.88,14.29,20.96,10.74,7.66,5.01,3.91,-12.09,-10.25,-3.94,-7.01,-0.22,-2.73
2019,1,3,201901,-7.21,-0.12,-1.78,3.98,1.52,-0.28,0.77,-2.65,-5.81,-5.33,-3.64,0.09,8,4.82,16.02,14.36,21.2,10.33,7.54,6.48,5.02,-8.11,-5.81,-3.26,-5.13,1.42,0.3
2019,1,4,201901,-3.86,0.13,-0.67,2.57,0.89,0.77,1.25,-0.32,-2.79,-2.41,-0.04,1.83,5.69,3.21,16.87,12.79,20.4,10.23,8.69,5.57,4.81,-3.02,-3.21,-0.35,-2.73,2.73,2.55
2019,1,5,201901,-1.06,2.1,0.59,6.07,3.45,1.79,2.74,-0.1,-2.4,-1.92,2.16,2.82,7.68,6.36,9.6,11.14,15.83,7.02,6.45,5.86,6.95,-1.28,-2.94,1.89,-0.65,3.82,2.27
2019,1,6,201901,-1.57,1.14,-1.19,4.32,1.7,3.06,2.49,-1.43,-3.42,-5.18,2.92,5.89,5.54,4.03,8.36,8.25,12.53,7.82,6.74,8.61,9.78,-0.4,-2.1,4.26,1.49,4.28,1.84
2019,1,7,201901,-10.9,-6.19,-8.12,-1.5,-2.76,8.54,4.46,-1.75,-0.19,-0.58,6.29,11.42,4.11,2.88,11.58,9.64,15.53,10.29,10.24,12.28,14.24,-2.02,-3.97,3.15,0.94,5.01,-0.39
2019,1,8,201901,-7.37,-1.67,-1.63,3.08,2.28,7.01,8.44,1.38,-1.93,-3.75,3.13,7.67,7.75,7.16,12.67,13.01,18.42,13.45,12.3,11.88,12.59,-2.39,-5.95,4.59,1.15,6.47,-0.47
2019,1,9,201901,-0.26,2.45,0.23,4.74,1.13,-1.69,-0.66,-4.43,-9.24,-11.31,-1.07,0.26,4.94,2.75,9.42,8.73,16,6.27,3.22,5.9,8.96,-2.8,-4.29,6.31,2.04,7.26,2.5
2019,1,10,201901,-4.26,-1.89,-5.04,-0.89,-3.93,-5.41,-4.43,-6.86,-10,-11.19,-1.62,-3.06,-2.62,-3.93,1.86,0.44,8.54,-0.01,-2.18,2.33,7.11,-0.96,-2.15,7.19,3.08,6.42,3.77
2019,1,11,201901,-10.68,-6.61,-10.59,-3.35,-6.08,-3.8,-4.16,-6.21,-6.01,-7.85,0.65,-0.9,-3.18,-4.07,2.21,-0.43,9.08,0.51,-1.55,4,9.7,-1.26,-2.58,5.73,2.19,5.77,2.85
2019,1,12,201901,-16.22,-9.78,-11.67,-4.97,-6.11,-0.51,-2.16,-4.03,-3.7,-7.19,-0.05,1.11,-2.04,-2.86,5.26,1.02,16.33,4.49,2.7,6.87,10,-3.18,-4.75,3.62,-0.53,5.85,1.85
2019,1,13,201901,-14.68,-8.45,-10.54,-2.65,-4.23,-0.33,-1.29,-5.51,-3.78,-5.46,-1.23,0.65,-0.37,-0.97,10,4.91,19.24,7.12,5.6,4.9,5.37,-5.13,-5.44,3.83,-1.68,4.44,0.22
2019,1,14,201901,-12.91,-5.98,-9.63,-2.56,-5.13,-3.12,-3.7,-4.7,-3.3,-6.65,-1.88,-1.36,-0.58,-1.03,7.78,3.04,14.59,3.9,3.01,3.1,4.91,-5.59,-6.01,4.6,-1.57,4.37,-1.42
2019,1,15,201901,-9.55,-4.77,-6.22,-3.19,-5.06,-4.53,-4.9,-2.68,-4.05,-8.01,-1.86,-2.08,-1.3,-2.92,6.25,3.66,10.64,2.56,1.56,3.79,6.6,-4.79,-5.99,5.89,0.44,5.28,-1.43
2019,1,16,201901,-5.4,-2.53,-3.61,-1.38,-2.87,-1.87,-2.43,-5.24,-8.25,-13.16,-2.46,0.39,0.06,-1.53,4.65,4.06,9.19,3.62,2.33,6.09,9.5,-1.74,-5.01,6.91,2.34,6.81,-0.32
2019,1,17,201901,-13.45,-6.2,-9.75,-1.75,-4.24,-0.99,-2.16,-7.43,-8.89,-11.65,-0.96,2.82,0.98,-0.24,5.63,4.37,10.85,6.16,4.16,10.59,11.9,-1.59,-3.63,6.86,3.31,7.75,2
2019,1,18,201901,-10.42,-3.8,-5.25,0.5,-1.32,-1.3,-0.13,-5.39,-10.17,-13.34,-0.76,1.01,4.44,2.29,10.33,8.14,14.83,10.35,7.64,10.19,12.51,-0.65,-3.82,7.34,2.64,6.83,2.07
2019,1,19,201901,-9.84,-2.41,-5.98,0.9,-1.89,-1.27,-1.28,-8.98,-11.5,-16.56,-5.61,0.5,4.53,1.49,13.68,10.61,17.07,12.2,10.2,8.38,9.59,-5.15,-5.1,4.44,0.94,7.63,3.38
2019,1,20,201901,-11.87,-1.25,-8.76,4.11,-4.04,-10.53,-7.59,-13.19,-15.91,-17.6,-5.52,-8.84,5.64,0.98,8.87,11.06,15.66,1.44,-0.07,-1.04,3.16,-2.76,-2.24,5.28,1.62,7.51,2.58
2019,1,21,201901,-15.96,-14.29,-18.86,-11.78,-15.76,-12.31,-13.24,-14.83,-15.84,-16.12,-5.32,-6.69,-8.65,-11.8,0.4,-2.39,7.04,-2.55,-5.02,0.94,5.76,-1.9,-3.12,5.61,1.87,4.94,0
2019,1,22,201901,-17.81,-14.23,-16.64,-10.14,-13.88,-6.52,-9.76,-10.81,-9.83,-11.11,-3.8,-0.96,-7.5,-8.88,1.78,-3.1,12.04,1.12,-1.52,6.63,11.34,-5.69,-7.52,1.96,-1.75,1.69,-1.76
2019,1,23,201901,-10.52,-5.55,-6.24,-1.87,-4.21,-0.18,1.58,-3.8,-8.12,-10.51,-5.9,-0.75,0.15,0.46,11.33,4.87,18.62,10.19,6.9,5.74,5.63,-9.23,-7,-0.46,-3.63,2.83,2.36
2019,1,24,201901,1.27,4.33,1.61,7.45,2.63,-6.81,-1.66,-4.83,-10.72,-12.94,-4.41,-4.36,9.17,5.47,13.6,13.68,18.83,4.55,3.56,1.26,3.45,-6.59,-6.98,1.85,-1.63,4.3,1.4
2019,1,25,201901,-2.35,0.1,-4.22,0.54,-4.2,-11.38,-7.73,-10.29,-18,-18.57,-6.94,-8.1,-0.03,-2.62,3.24,3.71,11.26,0.03,-1.96,0.42,4.57,-8.04,-6.59,2.61,-1.92,4.5,1.09
2019,1,26,201901,-8.54,-4.49,-8.87,-2.89,-7.32,-8.21,-6.92,-14.42,-19.05,-15.28,-2.88,-3.06,-1.78,-4.15,2.66,2.01,9.83,1.21,-0.64,3.09,7,-6.64,-4.76,2.67,-1.57,5.56,1.65
2019,1,27,201901,-6.71,-2.47,-5.87,0.53,-3.51,-7.35,-4.17,-12.77,-18.04,-15.08,-0.19,-1.82,0.33,-0.83,4.03,2.8,11.42,4.1,1.85,5.75,8.06,-4.47,-2.6,3.67,-0.43,7.12,2.9
2019,1,28,201901,-7.18,-2.5,-9.05,-0.72,-5.93,-3.96,-4.99,-14.88,-15.21,-11.58,-0.02,0.6,0.5,-1.51,6.51,4.62,10.63,5.15,3.73,6.13,7.77,-4.29,-5.01,5.58,0.74,8.09,1.56
2019,1,29,201901,-14.03,-4.94,-7.31,-1.19,-3.74,-10.09,-6.38,-11.38,-16.04,-18.33,-5.39,-6.22,1.45,-0.86,6.48,5.47,10.92,2.37,-0.1,1.45,3.95,-8.96,-9.06,6.01,0.14,8.89,-0.1
2019,1,30,201901,-5.91,-2.17,-8.86,-2.39,-9.38,-19.2,-14.99,-17,-24.56,-27.12,-11.35,-13.49,-3.88,-7.23,0.73,0.98,10.24,-2.95,-5.42,-0.42,3.22,-8.07,-9.51,6.3,0.38,7.76,-0.43
2019,1,31,201901,-14.93,-12.32,-16.56,-11.85,-17.43,-19.91,-18.56,-18.34,-26.35,-23.43,-7.46,-11.33,-9.14,-14.03,1.28,-1.55,9.69,-2.12,-5.97,1.31,7,-5.68,-5.22,6.57,1.03,7.51,1.17
2019,2,1,201902,-15.35,-12.36,-15.7,-10.17,-14.07,-8.15,-9.62,-16.55,-17.82,-13.7,-0.14,-0.66,-3.29,-7.04,4.62,2.4,14.6,3.32,1.23,8.26,11.26,-3.13,-2.84,7.93,2.45,7.1,1.95
2019,2,2,201902,-14.52,-10.16,-12.6,-6.71,-9.18,-2.1,-4.09,-8.37,-8.98,-7.85,3.46,4,1.24,-1.86,10.26,6.71,17.66,7.81,5.87,11.33,13.31,-1.92,-1.66,7.88,3.99,7.76,3.62
2019,2,3,201902,-8.15,-1.96,-2.87,0.21,-0.7,4.72,3.31,-1.24,-1.97,-7.82,6.67,10.03,4.82,3.26,12.19,9.11,18.46,11.99,9.33,13.53,14.54,1.02,-2.56,8.5,4.17,5.82,2.41
2019,2,4,201902,-1.47,1.5,1.58,2.96,2.61,8.65,6.89,0.58,-1.83,-12.6,3.34,12.3,7.76,6.39,12.3,10.07,17.92,13.53,12.2,15.86,16.09,0.49,-7.99,7.31,3.81,4.5,-0.7
2019,2,5,201902,1.23,3.63,2.9,6.01,5.65,2.06,7.38,-4.3,-10.18,-18.17,-4.09,4.39,10.39,9.95,15.81,12.64,17.51,16.07,15.27,15.02,16.81,0.15,-8.44,6.47,2.68,1.6,-4.51
2019,2,6,201902,-3.61,0.69,-2.07,4.74,3.36,5.14,8.4,-4.16,-6.52,-14.65,-4.14,8.36,12.04,10.08,16.93,15.19,17.93,17.86,16.63,17.98,17.95,-2.73,-11.52,3.4,-0.65,-0.47,-5.49
2019,2,7,201902,-1.63,1.78,1.31,6.81,6.46,6.53,10.35,-2.69,-5.28,-15.43,-10.72,4.56,15.32,12.28,17.72,17.5,18.57,18.42,17.8,13.14,14.52,-11.92,-15.29,-1.25,-4.74,-0.36,-6.85
2019,2,8,201902,0.32,3.67,2.22,6.83,5.44,-9.11,-1.59,-7.34,-14,-20.26,-12,-9.02,12.4,8.01,15.16,15.98,18.77,7.36,4.62,-0.47,2.06,-11.87,-14.31,-0.19,-5.21,0.77,-4.4
2019,2,9,201902,-9.15,-4.54,-8.19,-2.81,-7.22,-10.67,-8.69,-11.55,-18.41,-20.86,-8.09,-8.12,-1.14,-4.52,7.04,4.65,16.95,0.68,-1.7,-0.49,1.17,-7.01,-11.93,2.18,-2.95,2.07,-3.22
2019,2,10,201902,-11.42,-6.86,-8.43,-4.28,-6.67,-4.27,-4.77,-8.45,-9.62,-15.05,-4.04,-2.24,-2.3,-3.35,6.29,1.87,17.46,5.08,1.67,4.33,5.06,-5.82,-11.91,2.79,-0.75,1.84,-6.13
2019,2,11,201902,-11.06,-4.38,-5.95,-1.41,-2.13,0.5,0.92,-5.15,-5.48,-12.05,-4.02,2.12,2.85,1.55,11.76,8.51,20.35,11.25,9.12,10.69,11.87,-5.92,-11.07,2.49,-2.4,0.11,-3.56
2019,2,12,201902,-12.33,-6.05,-6.93,-0.48,-1.99,2.34,4.52,-4.93,-4.43,-9.57,-2.69,3.38,4.68,3.89,16.44,12.62,21.34,15.02,13.21,10.56,9.57,-7.62,-9.92,0.69,-3.58,1.36,-0.44
2019,2,13,201902,-4.55,0.53,-2.75,2.73,-1,-2.86,-1.3,-5.57,-6.98,-13.3,-0.86,0.53,4.35,1.79,9.33,10.23,15.97,5.38,3.28,5.59,6.85,-3.31,-6.19,3.87,-0.13,4.69,0.2
2019,2,14,201902,-6.14,-2.43,-4.73,0.62,-2.03,2.32,0.99,-5.74,-6.89,-9.48,1.98,4.9,2.08,0.93,6.1,4.81,12.49,6.62,4.72,9.51,11.36,0.95,-5.24,6.31,3.56,6.83,-0.73
2019,2,15,201902,-5.21,0.51,-0.9,4.2,2.16,-2.38,2.82,-3.34,-9.55,-16.86,-6.36,-1.33,7.06,5.72,10.85,9.98,16.38,12.55,9.84,11.01,15.38,-0.16,-5.18,8.44,4.65,4.16,0.13
2019,2,16,201902,-1.2,1.1,-2.67,3.46,-1.95,-4.97,-2.54,-7.48,-12.76,-16.22,-7.35,-4.24,6.12,2.18,15.5,12.81,18.49,10.53,5.12,5.84,13.31,-2.86,-6.82,5.91,1.42,2.67,-1.3
2019,2,17,201902,-8.69,-4.02,-7.25,-0.99,-3.83,-0.88,-1.82,-8.62,-10.23,-12.24,-4.96,-0.11,1.31,0.01,15.76,7.46,20.71,12,7.45,7.81,11.66,-8.32,-10.23,1.47,-2.58,1.02,-2.2
2019,2,18,201902,-9.45,-2.08,-5.28,2.51,-0.89,-1.73,-0.46,-7.73,-9.5,-13.87,-8.78,-3.03,5.52,3.5,15.43,11.88,21.68,8.61,5,3.08,5.59,-10.02,-12.94,1.1,-4.12,-0.56,-4.5
2019,2,19,201902,-12.73,-6.64,-10.04,-2.4,-5.55,-3.45,-2.53,-10.26,-12.68,-15.1,-7.56,-2.11,1.44,-1.04,10.12,6.09,20.68,5.15,2.13,2.56,4.87,-10.59,-14,-0.28,-5.48,-1.21,-4.35
2019,2,20,201902,-13.48,-7.31,-8.66,-2.34,-4.29,0.3,-1.1,-7.44,-8.11,-9.91,-4.23,1.74,1,-0.18,11.34,5.86,21.76,10.41,7.06,6,5.95,-10.95,-11.75,-1.75,-4.96,0.68,-1.83
2019,2,21,201902,-5.32,-1.18,-1.54,3.07,0.18,0.24,1.7,-2.42,-5.29,-9.75,-4.8,1.11,6.07,5.47,17.46,12.57,22.8,12.15,9.08,6.94,8.05,-8.39,-10.76,0.83,-3.94,1.03,-3.8
2019,2,22,201902,-2.96,-0.25,-2,2.55,-0.76,-0.42,1.05,-4.3,-7.87,-9.97,-3.11,1.44,7.03,4.3,18.21,12.96,22.38,12.71,9.97,9.52,10.75,-5.42,-12,1.34,-3.27,-1.05,-5.44
2019,2,23,201902,-5.94,-1.52,-2.96,1.58,-0.83,3.62,3.12,-3.12,-3.08,-6.56,-1.06,6.58,5.75,4.43,17.65,9.83,22.76,17.04,14.14,13.31,12.5,-6.02,-10.58,-0.36,-3.72,0.26,-2.32
2019,2,24,201902,-3.36,0.58,0.6,5.88,3.45,3.97,7.43,-0.04,-3.81,-11.13,-4.74,3.02,8.73,7.91,18.05,14.54,22.13,13.47,11.57,7.3,7.36,-7.88,-10.47,1.18,-2.08,2.91,-0.91
2019,2,25,201902,-2.67,-0.67,-3.55,2,-2.96,-6.45,-4.34,-9.54,-16.8,-20.26,-8.06,-2.07,2.05,-0.29,7.45,6.2,16.51,4.38,2.42,5.2,7.54,-6.01,-10.38,3.23,0.71,4.58,-2.23
2019,2,26,201902,-13.75,-8.23,-10.73,-2.63,-5.85,-3.95,-3.25,-12.38,-17.06,-19,-9.02,0.54,1.94,-0.61,10.46,6.3,18.14,7.87,5.61,8.16,11.62,-4.43,-9.04,4.97,2.81,5.85,-3.92
2019,2,27,201902,-16.89,-11.05,-11.46,-3.43,-4.78,-0.3,-0.77,-9.34,-11.55,-15.38,-8.41,4.49,3.8,1.25,15.52,10.92,19.95,12.28,10.29,12.32,14.27,-3.14,-8.06,7.37,4.34,7.09,-3.69
2019,2,28,201902,-12.94,-6.78,-8.23,-0.21,-2.69,-5.24,-1.7,-9.14,-15.57,-14.36,-9.89,-2.6,7.18,3.9,16.03,13.58,20.08,13.7,11.1,8.87,13.25,-2.78,-4.55,7.88,4.86,6.87,-2.07
2019,3,1,201903,-11.19,-6.53,-7.67,-1.44,-3.15,-2.3,-0.72,-7.28,-11.14,-10.98,-5.68,-1.74,5.18,2.47,16.88,13.24,20.44,12.74,8.58,7,11.66,-0.55,-5.24,8.95,4.57,6.23,-2.44
2019,3,2,201903,-7.13,-2.38,-4.26,1.11,-0.85,-0.54,0.68,-4.45,-7.54,-12.94,-6.32,-0.14,5.25,3.51,16.13,13.16,20.83,11.97,6.89,8.74,13.68,-2.38,-9.54,9.2,4.41,7.02,-2.49
2019,3,3,201903,-3.9,-1,-2.98,1.16,-1.35,-3.49,-0.9,-8.51,-14.35,-19.34,-12.05,-3.93,6.31,3.1,17.35,13.71,21.23,10.37,6.05,5.23,11.13,-6.6,-14.16,9.31,4.2,7.27,-4.46
2019,3,4,201903,-2.8,-0.44,-3.92,2.14,-2.7,-12.18,-7.37,-13.61,-18.52,-18.91,-16.04,-11.71,3.26,-0.37,11.6,11.04,19.44,1.5,-0.98,-3.7,-0.13,-8.64,-13.92,8.13,1.61,6.05,-5.55
2019,3,5,201903,-7.9,-6.43,-9.45,-2.98,-7.89,-9.82,-9.77,-12.45,-13.73,-14.45,-12.51,-9.78,-1.31,-4.95,4.6,4.44,13.83,-1.82,-4.22,-2.81,-0.95,-7.66,-10.71,8.86,2.11,6.18,-4.48
2019,3,6,201903,-10.18,-7.52,-10.33,-5.25,-9.51,-7.89,-8.77,-12.1,-12.91,-14.5,-8.72,-7.54,-4.4,-7.21,0.33,-0.23,8,-2.12,-4.52,-0.72,2,-2.21,-6.08,10.23,4.2,7.89,-0.86
2019,3,7,201903,-13.23,-9.71,-10.81,-5.73,-8.04,-4.05,-5.25,-9.21,-11.67,-14.35,-3.78,-1.38,-3.36,-5.41,3.1,1.17,9.33,1.31,-1.15,4.01,9.47,0.01,-3.91,10.94,6.2,6.3,-0.45
2019,3,8,201903,-10.24,-7.03,-7.9,-2.79,-5.27,-0.47,-1.56,-8.15,-9.55,-8.99,-1.5,2.6,1.01,-1.09,8.94,5.81,15.88,8.69,4.96,12.3,16.22,0.64,-3.78,8.8,5.08,3.98,-2.14
2019,3,9,201903,-7.56,-4.1,-5.44,0.82,-1.82,2.27,0.81,-4.13,-3.32,-4.39,2.54,7.88,5.13,2.54,14.67,11.05,19.77,14.64,10.71,16.74,17.61,-1.57,-5.89,3.75,1.45,2.46,-2.58
2019,3,10,201903,-6.67,-1.76,-1.86,4.16,3.1,4.35,7.08,-1.13,-2.03,-6.06,-1.44,4.65,10.8,8.73,18.1,15.7,22.01,16.43,13.29,11.83,14.14,-2.66,-6.81,4.97,1.59,3.6,-3.31
2019,3,11,201903,-0.46,2,0.27,6.98,2.93,1.74,2.39,-2.54,-6.18,-8.68,-0.32,4.67,9.41,6.44,16.92,14.38,22.49,12.18,8.42,11.68,14.86,-0.77,-5.83,8.32,3.37,3.56,-2.6
2019,3,12,201903,-2.85,-0.39,-2.17,2.03,-0.48,3.1,1.18,-4.15,-6.43,-5.48,4.5,5.96,4.53,2.3,12.26,8.99,20.56,9.73,7.37,12.74,17.06,2.59,-3.66,7.8,5.23,4.7,0.43
2019,3,13,201903,-5.17,-1.62,-2.77,1.65,0.3,9.79,4.73,0.28,1.48,-2.32,8.35,11.59,4.77,3.45,12.92,8.1,19.85,14.26,12.14,16.56,16.97,3.27,-3.12,5.1,1.8,3.61,-0.84
2019,3,14,201903,-1.04,2.06,2.88,6.57,6.65,14.63,11.9,4.25,4.13,0.06,2.98,12.24,10.07,9.83,17.38,12.99,20.71,18.69,16.6,14.87,13.34,-4.07,-5.75,1.98,-1.37,2.42,-1.19
2019,3,15,201903,2.92,6.2,7.64,12.21,12.15,4.12,7.76,2.36,0.17,-4.17,-0.12,3.76,15.85,13.77,19.04,17.86,21.56,13.44,11.72,7.48,7.74,-5.06,-5.64,3.13,-0.48,4.02,0.64
2019,3,16,201903,1.89,5.99,1.69,8.28,3.25,1.49,1.68,-2.86,-3.51,-5.03,1.73,3.19,7.41,4.86,11.75,11.55,19.07,6.77,4.58,6.08,6.8,-2.67,-4.05,6.41,1.15,5.6,1.79
2019,3,17,201903,-5.3,-1.49,-4.13,1.27,-1.57,2.56,0.66,-3.53,-3.61,-5.1,2.9,4.28,2.91,1.43,8.54,6.2,16.72,5.5,4.17,7.82,8.67,-1.31,-2.78,8.38,3.18,7.53,3.39
2019,3,18,201903,-6.31,-2.56,-4.03,0.75,-1.2,2.57,1.14,-2.16,-2.61,-5.31,2.99,4.58,4.21,2.04,8.45,6.87,15.79,6.38,4.45,9.13,9.47,-0.57,-2.09,10.06,4.77,9.47,3.7
2019,3,19,201903,-5.16,-0.88,-2.51,1.94,-0.28,4.2,2.92,-0.39,-1.05,-2.28,4.41,5.57,2.57,1.53,7.52,6.01,14.5,5.98,3.87,9.24,10.48,0.45,-1.32,10.62,5.6,10.1,4.78
2019,3,20,201903,-3.76,0.56,0.1,3.5,1.78,5.83,4.17,1.06,0.15,-0.39,4.77,7.84,3.29,2.91,8.53,6.33,15.75,6.81,5.53,9.32,12.13,-1.05,0.07,10.69,5.94,8.86,6.11
2019,3,21,201903,0.02,2.8,3.02,6.07,4.88,6.16,6.67,2.77,0.85,0.4,5.51,5.96,7.01,5.83,9.54,9.47,15.28,9.22,7.75,9.59,12.64,1.51,1.62,9.38,5.85,6.04,6.62
2019,3,22,201903,1.35,4.29,3.29,7.12,4.52,4.67,4.12,0.25,-0.29,0.14,7.43,6.34,6.49,5.53,9.2,8.37,13.68,8.29,6.71,10.22,14.35,2.41,1.93,6.61,5.42,5.69,6.14
2019,3,23,201903,-0.23,1.31,-2.4,2.47,-0.59,3.9,1.51,-2.26,-0.34,-0.44,7.53,6.71,3.43,1.87,9.05,6.87,13.71,8.69,6.99,11.93,15.6,0.53,2.25,7.66,4.46,7.31,5.84
2019,3,24,201903,-1.8,1.38,-0.57,3.2,1.48,7.34,4.5,0.69,1.89,1.48,7.88,10.66,5.12,4.13,11.55,8.51,16.6,10.95,8.73,14.79,16.85,1.11,2.12,8.26,4.69,5.82,4.74
2019,3,25,201903,-2.98,2.43,-0.93,7.42,4.45,7.5,6.87,-2.34,-2.11,-1.5,7.61,10.75,10.45,8.9,15.79,13.48,19.68,14.62,12.99,15.37,17.1,1.77,1.66,9.5,5.53,7.71,5.09
2019,3,26,201903,-6.09,-1.73,-4.46,2.6,-0.95,2.71,1.12,-2.94,-1.6,0.41,7.98,6.78,7.04,3.97,15.24,12.08,19.49,11.1,9.17,11.93,14.78,2.89,2.79,11.33,7.39,8.38,5.39
2019,3,27,201903,-5.08,-2.32,-2.9,0.9,-0.57,4,2.24,0.27,2.73,5.31,10.98,7.03,3.02,2.54,10.71,5.76,17.04,8.44,6.52,11.04,15.16,6.6,3.69,12.14,9.1,8.79,4.58
2019,3,28,201903,-1.53,0.39,1.28,3.1,3.08,9.84,6.88,4.43,5.44,4.25,12.59,12,4.94,5.7,9.07,7.08,16.1,11.24,9.96,13.79,17.14,7.44,3.16,11.76,8.69,7.38,4.85
2019,3,29,201903,2.36,5.42,5.55,8.03,8.63,11.74,11.86,2.84,0.56,0.61,7.63,13.15,9.79,10.34,13.46,11.24,17.62,13.14,11.53,16.13,18.18,3.16,1,9.32,6.02,6.28,4.68
2019,3,30,201903,2.18,8.22,6.26,11.63,10.53,8.4,11.41,1.15,-0.18,-0.12,3.27,9.42,12.72,12.29,16.8,14.4,19.08,16.18,14.76,14.68,15.5,-1.86,-0.34,7.4,3.59,6.44,4.95
2019,3,31,201903,6.19,10.96,5.68,11.08,7.29,0.81,1.65,-3.02,-3.31,-0.56,0.66,1.66,11.46,8.58,15.9,15.68,19.83,9.94,7.07,6.64,7.25,-2.52,0.05,7.62,2.54,8.06,6.12
2019,4,1,201904,-0.88,1.29,-2.4,2.21,-1.33,2.03,-0.33,-1.54,0.44,1.65,3.81,3.05,1.75,0.22,8.56,5.53,17.14,4.57,2.57,4.99,6.54,-0.53,1.05,7.85,4,10.35,6.88
2019,4,2,201904,-2.17,0.18,-0.77,2.83,0.87,4.94,3.14,2.04,3.47,3.08,6,5.6,3.06,2.83,9.75,5.65,17.96,7.78,5.93,6.97,8.78,1.48,1.91,10.37,6.98,10.55,7.22
2019,4,3,201904,1.18,4.32,2.71,6.74,3.97,7.36,5.86,1.62,1.9,2.24,8.08,9.5,7.04,6.2,11.06,8.67,16.69,9.46,8.15,10.93,13.67,3.8,2.82,9.95,7.14,9.04,7.17
2019,4,4,201904,-1.48,2.19,-0.28,5.63,3.12,9.84,7.74,0.5,1.42,2.89,10.12,10.97,9.25,7.36,13.16,11.78,19.22,12.78,11.33,14.96,17.74,4.71,4.81,10.5,7.57,9.69,6.5
2019,4,5,201904,-3.35,0.03,-1.02,4.77,3.77,11.64,9.72,2,5.04,7.17,12.46,12.42,9.17,8.42,17.31,13.65,21.73,16.12,13.76,16.36,18.03,6.48,6.5,10.73,8.29,8.73,7.29
2019,4,6,201904,1.96,5.65,5.06,9.65,8.52,13.6,13.23,6.89,8.47,9.53,14.66,14.76,11.83,11.38,19.12,15.63,22.73,18.2,16.27,17.95,19.36,6.39,6.1,10.44,7.24,8.49,5.07
2019,4,7,201904,3.69,8.31,8.12,12.04,11.71,16.2,14.65,9.73,10.34,11.75,14.47,18.2,13.85,13.78,21.49,17.39,23.16,20.65,19.44,19.93,18.72,5.77,4.84,11.48,8.11,10.52,6.93
2019,4,8,201904,1.58,8.72,11.08,14.27,15.1,17.49,17.77,10.72,10.79,10.57,12.98,17.43,17.4,16.38,21.84,19.56,22.97,20.11,18.64,19.03,18.37,6.37,6.48,13.49,10.28,13.11,7.96
2019,4,9,201904,0.33,6.93,8.7,16.07,13.82,13.8,13.89,7.08,7.39,7.51,14.55,15.65,18.63,16.58,20.52,20.38,23.04,19.24,18.54,18.22,18.91,8.91,6.78,14.38,10.29,11.38,5.94
2019,4,10,201904,0.1,4.78,3.37,10.37,7.01,10.49,9.16,2.63,1.7,2.42,12.89,15.13,13.58,10.83,20.34,17.97,22.05,17.75,15.75,18.82,19.48,6.49,2.65,10.17,6.19,6.99,3.65
2019,4,11,201904,0.19,2.69,0.88,6.87,5.71,13.47,10.62,0.61,-0.34,-0.13,4.02,17.36,12.72,11.13,20.06,16.49,22.39,18.8,17.81,16.84,15.87,-2.88,-0.58,5.9,2.95,7.53,4.84
2019,4,12,201904,2.28,6.29,7.52,11.26,12.44,10.48,15.27,5.05,1.22,-0.97,0.4,6.89,16.11,15.17,21.51,18.25,23.52,17.65,17.41,11.32,12.75,-2.58,-0.86,6.89,3.52,7.59,5.06
2019,4,13,201904,9.28,14.08,13.18,16.04,14.63,5.85,9.04,2.98,0.56,0.37,2.65,6.23,17.4,15.83,21.88,19.83,23.91,16.16,13.42,12.07,14.17,-1.47,0.33,7.93,4.38,9.31,5.19
2019,4,14,201904,7.1,12.57,7.2,16.22,12.53,5.13,9.48,1.35,-0.29,1.25,4.62,5.4,17.56,15.48,22.71,20.99,24.26,17.57,16.16,10.52,10.37,0.82,3.24,9.69,6.19,10.77,4.72
2019,4,15,201904,7.23,13.55,8.34,14.5,10.67,4.68,6.1,1.71,0.35,3.38,10.06,7.29,13.44,10.81,13.71,16.43,20.06,9.53,7.98,11.3,14.2,6.02,3.7,11.54,8.73,9.94,3.97
2019,4,16,201904,2.34,4.5,2.34,6.55,4.55,11.91,8.87,4.58,7.01,7.73,13.89,14.33,7.9,7.39,11.51,10.35,16.84,12.43,11.16,15.9,17.68,6.94,4.15,11.41,8.78,8.39,5.38
2019,4,17,201904,3.18,5.55,5.73,10.59,10.69,17.03,15.21,7.83,8.94,9.86,15.62,18.35,13.73,13.49,15.63,14.31,19.61,16.12,15.21,18.87,19.74,6.64,4.46,9.75,7.22,9.31,7.08
2019,4,18,201904,4.02,5.97,9.43,11.98,13.72,16.43,16.97,9.92,8.34,7.97,10.58,16.11,16.18,15.33,19.17,17.67,22.19,18.91,17.75,18.41,17.72,4.45,5.1,11.24,8.44,12.89,9.07
2019,4,19,201904,10.89,14.08,15.46,16.44,16.78,8.07,11.99,5.54,5.22,8.04,8.52,9,17.52,16.71,19.79,19.4,22.8,15.14,14.22,11.93,13.88,5.2,8.23,13.94,10.48,14.88,11.67
2019,4,20,201904,13.22,16.34,14.25,17.27,16.07,6.53,7.39,5.02,7.25,11.67,11.99,7.91,14.54,14.26,10.43,13.67,17.63,9.25,7.2,11.01,14.6,8.93,10.18,14.97,11.73,13.67,9.72
2019,4,21,201904,13.15,14.54,12.95,14.18,11.35,10.98,8.88,7.4,11.06,13.15,15.9,13.22,10.31,10.06,11.94,11.3,15.91,10.73,9.55,14.77,18.09,9.06,7.82,12.54,10.02,10.14,6.9
2019,4,22,201904,12.42,12.39,11.81,12.61,11.93,15.65,13.17,10.2,12.93,11.44,14.24,17.49,12.76,12.59,14.03,13.57,16.92,14.55,13.74,17.78,19.45,6.47,6.31,11.64,9.13,10.76,7.47
2019,4,23,201904,9.6,11.88,12.78,15.41,14.19,17.48,16.59,11.3,10.8,10.44,10.6,16.88,15.54,15.26,17.75,16.86,18.94,17.3,16.83,18.08,19.22,5.79,7.79,12.34,9.24,13.23,10.43
2019,4,24,201904,6.78,11.96,10.05,14.82,12.48,13.49,12.29,6.47,9.13,12.43,12.19,16.25,17.25,15.92,18.58,18.51,20.4,18.64,18.3,18.09,17.82,7.25,9.14,13.9,10.8,15.54,9.21
2019,4,25,201904,5.55,9.37,7.78,11.81,9.62,15.38,13.92,9.92,10.9,11.78,13.79,17.24,17.21,14.77,19.17,19.04,21.99,19.74,19.04,19.01,17.76,8.25,7.17,15.4,12.47,16.41,8.01
2019,4,26,201904,7.06,9.37,10.94,14.49,13.41,12.81,14.21,9.72,8.54,7.03,11.65,12.75,16.62,14.89,19.72,18.92,22.77,17.6,16.01,16.6,18.4,8.27,7.49,16.74,13.2,15.72,8.86
2019,4,27,201904,6.35,9,5.97,11.29,6.92,8.8,7.59,2.74,3.8,6.36,12.28,12.59,10.64,9.19,13.67,12.8,19.61,13.1,11.22,16.17,19.17,9.28,5.88,15.81,12.59,14.79,5.75
2019,4,28,201904,3.83,4.7,2.83,9.75,6.66,8.28,8.96,3.44,3.47,4.93,8.06,9.77,14.31,11.18,16.76,16.28,20.63,16.79,15.71,17.08,20.34,8.6,4.14,15.02,11.49,13.27,3.19
2019,4,29,201904,3.06,5.35,3.26,7.77,5.39,12.1,9.94,3.51,4.68,5.13,10.3,14.48,12.59,10.27,20.41,18.45,22.58,18.6,17.14,19.98,21.09,5.84,-0.38,14.46,9.94,12.84,3.9
2019,4,30,201904,2.91,7.39,6.19,13.07,11.51,13.84,14.52,4.94,5.62,5.36,7.86,17.74,18.54,17.02,21.1,20.67,22.75,20.6,20.66,21.22,21.43,4.23,0.36,11.88,8.92,10.87,3.93
2019,5,1,201905,2.85,6.03,6.69,12.86,14.44,16.95,18.24,6.62,5.15,5.57,9.44,19.35,20.46,18.83,21.95,20.86,23.14,21.89,21.3,21.54,21.79,3.82,0.44,12.09,6.91,9.36,4.54
2019,5,2,201905,5.38,9.08,11.83,16.16,17.35,17.63,19.36,8.17,6.96,6.98,9.92,18.67,20.28,19.27,21.58,20.45,22.97,22.05,21.71,21.12,21.74,2.97,1.92,12.36,8.1,10.62,5.51
2019,5,3,201905,7.14,9.44,12.57,15.41,17.28,15.39,18.35,9.59,8.14,8.36,10.84,15.39,19.89,19.71,22.24,20.55,24.05,22.02,21.19,19.81,21.07,4.77,4.33,13.06,9.72,11.79,6.93
2019,5,4,201905,10.19,13.24,13.05,16.33,16.8,13.57,15.29,9.34,9.26,9.72,12.95,14.86,20.55,19.07,23.66,22.13,24.41,21.56,20.96,19.51,20.58,6.78,6.51,13.65,10.9,12.57,9.36
2019,5,5,201905,10.83,12.11,11.54,15.28,14.05,13.6,13.56,10.56,10.89,9.24,14.65,14.93,19.58,16.49,22.6,22.32,24.77,19.27,17.89,18.47,20.87,8.17,7.25,14,11.82,12.2,10.95
2019,5,6,201905,10.32,10.67,12.26,13.51,13.66,15.82,14.49,10.38,9.8,7.19,15.13,16.23,15.68,14.28,20.52,19.59,24.18,18.05,16.62,20.14,21.54,9.22,6.83,13.36,12,11.92,11.15
2019,5,7,201905,10.08,11.42,11.91,15.21,14.89,15.89,16.13,6.28,6.07,6.41,12.55,18.4,16.65,15.44,21.3,20.04,24.06,19.63,18.63,21.41,22.11,8.95,7.56,12.07,11.83,12.39,11.33
2019,5,8,201905,7.21,11.88,8.47,15.71,13.66,15.93,15.43,5.09,4.41,7.26,11.76,19.99,19.96,17.73,22.4,21.21,24.29,21.42,21.17,21.68,21.57,5.63,6.21,12.08,9.87,13.67,10.91
2019,5,9,201905,4.86,7.57,8.24,13.1,14.78,19.42,19.31,9.51,6.82,6.48,7.41,16.92,19.9,18.46,21.68,20.4,24.26,22.67,21.46,19.38,19.62,1.79,4.27,12.63,8.92,14.25,11.3
2019,5,10,201905,7.02,9.9,13.27,15.71,16.9,11.71,16.47,8.69,6.32,6.97,7.14,11.35,19.68,18.55,23.39,21.02,24.81,21.37,20.11,15.78,14.98,2.31,5.05,12.99,7.45,12.84,11.42
2019,5,11,201905,9.49,13.44,9.87,17.54,12.36,9.87,10.43,6.2,7.49,9.01,9.58,10.91,19.67,16.65,23.9,21.83,24.75,20.82,19.22,16.42,15.48,5.09,7.85,12.62,8.46,12.81,13.02
2019,5,12,201905,6.39,7.79,6.53,11.14,9.62,9.13,9.85,7.29,7.16,9.48,10.33,11.37,18.41,14.76,22.77,22.1,25.18,20.01,18.42,16.99,17.29,6.36,9.73,13.72,11.07,14.73,13.06
2019,5,13,201905,6.8,6.34,6.12,8.2,7.72,10.42,10.04,7.72,8.79,11.46,12.52,11.32,14.8,11.64,21.34,20.45,24.88,17.37,15.02,17.26,18.68,9.08,11.83,14.35,12.45,14.87,11.74
2019,5,14,201905,5.26,5.79,6.12,9.32,7.71,12.15,10.28,9.25,10.84,14.32,17.2,13.72,11,9.23,16.73,15.37,23.41,15.09,12.75,18.84,19.71,11.27,12.29,16.56,13.31,14.31,11.11
2019,5,15,201905,5.7,7.7,7.99,10.76,9.62,15.83,13.43,11.44,13.32,14.68,19.5,18.36,10.76,10.48,16.26,13.4,22.32,16.9,14.42,20.89,21.42,12.04,12.6,17.01,13.72,13.29,10.48
2019,5,16,201905,7.64,10.95,10.06,14.01,12.48,19.99,16.6,12.32,15.1,16.39,20.81,21.77,14.46,13.96,19.86,17.1,23.32,20.5,19.23,22.46,22.37,12.81,12.07,15.63,13.03,10.49,11.12
2019,5,17,201905,9.26,11.84,12.45,16.2,15.72,22.24,21.23,12.5,12.51,11.82,20.55,21.84,17.73,17.28,22.56,21.28,23.03,22.82,22.14,22.14,23.22,11.22,8.39,11.66,9.82,7.72,8.85
2019,5,18,201905,10.3,13.38,10.97,17.67,15.58,20.9,20.69,9.2,9.57,11.04,18.92,21.3,21.39,20.26,23.97,23.16,23.38,22.49,22.02,22.59,23,5.51,4.96,10.02,7.88,8.76,8.2
2019,5,19,201905,10.65,13.64,15.4,17.9,19.83,20.99,21.6,13.36,9.54,7.64,12.53,19.57,22.21,20.98,23.37,23.31,24.06,22.64,21.82,21.52,21.09,4.66,4.69,11.22,8.5,8.72,9.19
2019,5,20,201905,15.35,18.49,19.24,21.69,20.78,13.8,17.59,9.78,6.81,7.07,8.69,14.24,21.89,20.92,23.45,22.39,24.81,22.74,21.58,20.4,23.36,5.38,4.12,9.84,8.58,7.7,8.61
2019,5,21,201905,12.24,14.65,11.15,16.45,11.8,11.68,11.06,7.46,7.9,8.87,9.25,15.25,17.58,14.77,23.77,22.64,25.32,22.01,19.96,22.41,21.25,2.83,4.78,8.6,6.28,8.19,7.98
2019,5,22,201905,8.98,10.54,10.01,12.74,11.29,19.26,15.54,10.57,10.89,9.28,10.15,20.29,16.03,14.76,24.22,20.96,25.22,22.97,22.98,21.84,20.69,2.67,4.64,9.37,6.98,7.89,9.16
2019,5,23,201905,11.56,12.61,15.23,15.8,18.35,21.96,22.65,15.63,13.65,10.7,11.65,22,20.3,19.92,24.45,22.89,24.8,24.11,23.8,24.66,24.2,5.07,6.13,9.57,9.35,10.2,11.06
2019,5,24,201905,12.07,15.25,14.99,19.11,17.24,20.71,19.62,11.55,12.55,12.37,14.9,23.07,22.71,20.92,23.99,24.3,23.99,24.38,23.81,24.39,24.39,4.85,6.82,10.45,9.33,11.73,10.85
2019,5,25,201905,12.41,13.59,13.94,15.77,16.7,23.94,22.83,15.95,17.14,14.07,17.93,23.39,21.12,20.12,25.44,24.66,24.36,24.69,24.37,24.02,24.03,7.94,7.87,12.66,11.23,12.41,8.86
2019,5,26,201905,14.47,16.32,17.77,19.92,20.52,22.33,22.51,15.87,14.84,14.03,19.17,22.61,23.34,22.27,26.11,25.32,25.2,24.77,24.35,24.32,24.2,10.8,9.67,12.99,11.79,10.34,9.42
2019,5,27,201905,13.88,16.99,14.34,20.05,17.43,21.71,20.51,12.49,13.41,13.79,20.42,22.94,22.62,21.36,26.15,24.27,25.73,24.76,24.19,23.89,23.76,10.27,9.25,11.38,10.07,8.57,11.23
2019,5,28,201905,9.02,12.55,12.12,18.19,18.14,22.54,23.06,13.04,11.27,12.64,18.24,23.08,22.83,21.59,25.5,24.91,25.43,24.42,24.16,24.04,23.76,7.06,8.45,10.21,9.8,11.23,12.44
2019,5,29,201905,9.78,12.75,13.89,22.14,21.17,22.65,22.35,13.36,14.36,14.53,15.17,23.48,23.8,22.97,24.78,24.45,25.21,24.32,24.32,23.43,22.98,5.79,9.24,12.88,10.8,14.24,13.23
2019,5,30,201905,12.35,14.28,15.38,20.14,19.35,22.28,21.5,14.72,16.74,16.92,14.57,19.81,22.56,21.36,24.94,24.77,25.39,23.67,23.11,22.02,22.83,7.48,11.01,14.95,12.23,15.41,14.2
2019,5,31,201905,12.97,16.99,15.39,20.58,17.88,20.12,19.67,14.73,18.21,17.89,17.49,18.47,21.88,20.03,24.99,24.3,26.34,23.61,21.67,21.25,23.41,10,11.82,15.9,13.08,15.2,14.91
2019,6,1,201906,11.99,16.3,14.7,19.5,17.91,21.23,19.99,15.08,16.83,15.24,18.86,20.99,20.01,18.77,23.3,21.45,27.04,22.38,20.43,22.97,24.68,11.8,12.3,16.27,14.59,15.71,15.23
2019,6,2,201906,13.99,16.67,16.22,20.01,18.43,19.52,19.51,11.13,11.81,13.93,18.26,20.72,20.03,19.16,23.54,22.18,26.9,23.09,22.04,24.29,25.56,13.27,13.66,16.24,15.24,16.31,15.31
2019,6,3,201906,12.87,14.2,10,16.43,11.43,15.85,13.59,7.95,11.52,16.6,19.99,18.37,18.22,15.37,23.97,22.8,26.98,22.8,21.19,24.62,25.54,13.96,14.58,16.61,15.77,17.1,14.05
2019,6,4,201906,9.14,10.2,8.94,12.92,10.8,18.28,15.86,12.57,16.29,20.36,22.16,21.43,14.25,13.32,23.45,19.83,27.35,22.03,18.87,25.25,25.14,13.57,13.8,16.76,16.39,18.03,11.92
2019,6,5,201906,11.48,15.35,14.51,18.42,17.57,24.07,20.84,16.17,19.72,20.33,21.43,24.96,19.41,18.78,25.49,23.27,27.24,25.04,23.55,25.36,23.88,12.84,13.56,17.52,16.28,19.06,12.49
2019,6,6,201906,15.62,19,17.12,22.16,19.77,23.48,22.05,15.43,18.99,19.85,21.18,24.77,22.63,21.62,25.33,24.37,26.93,24.64,23.61,23.32,23.99,13.31,14.38,18.52,16.08,17.9,11
2019,6,7,201906,14,18.06,15.2,20.64,17.86,22.4,20.54,17.02,19.65,20.97,21.31,23.02,22.12,20.85,24.66,23.76,27.1,23.38,21.02,22.82,23.9,14.51,13.13,18.58,15.27,14.36,6.84
2019,6,8,201906,13.29,16.66,15.48,19.01,17.47,20.4,19.56,17.08,18.35,19.88,21.73,22.08,20.31,19.38,24.26,23.78,26.73,23.41,21.5,23.65,24.48,14.12,7.65,17.77,12.96,13.14,7.06
2019,6,9,201906,13.14,15.27,15.36,17.17,17.33,21.04,20.32,16.27,17.16,15.48,17.64,21.97,19.54,18.89,24.34,22.99,26.51,23.57,21.72,24.46,26.1,9.58,6.16,17.13,12.18,14.73,9.95
2019,6,10,201906,16.37,15.38,16.1,18.24,17.68,18.81,19.88,16.02,14.77,13.37,13.42,18.45,20.2,19.34,23.97,23.38,26.3,23.63,21.6,21.74,22.8,8.07,8.97,18.47,13.03,17.78,13.23
2019,6,11,201906,15.72,18.53,16.31,19.87,16.35,16.29,15.73,13.23,14.24,14.89,15.52,16.29,19.15,17.29,23.79,22.51,26.37,20.68,18.26,18.58,20.12,11.17,11.79,19.8,15.11,20.09,15.79
2019,6,12,201906,12.84,14.34,13.26,15.34,13.87,16.54,16.44,14.65,14.44,14.01,15.8,16.22,16.35,15.25,22.9,19.67,26.51,20.22,18.01,19.29,21.59,11.01,13.5,19.99,16.83,21,18.34
2019,6,13,201906,12.59,12.61,13.46,17.13,15.01,14.58,15.84,11.98,10.58,13.81,15.55,15.22,18.7,16.78,22.15,21.18,25.91,18.58,16.35,19.32,22.19,12.95,15.43,20.47,17.43,20.13,18.55
2019,6,14,201906,12.76,14.64,12.46,16.36,13.22,15.39,13.54,11.27,12.8,17.53,18.78,16.45,14.79,13.83,19.5,17.94,25.3,18.09,16.51,19.6,23.21,14.45,15.39,18.52,17.36,18.32,14.88
2019,6,15,201906,13.85,14.79,13.81,16.85,14.94,19.22,17.24,14.44,17.13,18.55,21.49,21.25,16.27,15.86,21.49,18.56,25.3,21.46,19.36,24.24,25.38,12.94,14.01,17.68,16.2,18.22,14.24
2019,6,16,201906,15.98,17.82,15.66,20.85,18.68,22.96,21.37,12.69,13.26,16.63,20.32,23.93,20.93,20.46,25.45,23.4,25.93,25.21,24.11,25.15,25.3,13.56,14.27,18.94,16.49,18.11,15.16
2019,6,17,201906,16.01,18.44,15.79,21.48,18.13,21.55,21.7,14.11,14.74,16.25,19.57,22.68,23.86,22.18,25.96,25.62,25.77,25.32,24.01,23.3,24.27,13.75,14.12,19.27,16.95,18.18,15.44
2019,6,18,201906,16.2,18.45,17.44,21.94,19.56,22.09,21.68,16.29,17.87,16.38,19.72,22.64,24.02,22.27,25.33,25.24,26.08,24.69,24.11,24.33,25.32,13.14,13.97,18.5,16.57,19.17,15.16
2019,6,19,201906,17.55,18.67,18.7,21.67,20.2,22.33,21.7,16.43,16.88,16.82,19,23.01,23.31,21.95,25.19,24.95,26.65,24.86,23.67,25.9,26.44,12.51,13.8,18.34,16.48,19.26,12.13
2019,6,20,201906,17.07,17.8,18.83,21.95,20.62,20.84,21.59,15.47,15.83,17.28,20.12,21.62,23.61,22.22,25.94,25.49,27.49,25.89,24.41,26.28,26.41,13.91,10.89,18.32,16.02,18.16,8.75
2019,6,21,201906,15.83,18.05,16.79,21.24,18.03,19.7,18.49,14.69,16.58,17.26,22.58,23.72,20.56,19.23,26.57,24.37,27.85,25.76,24.06,27.38,26.54,12.91,8.03,17.91,13.83,15.76,8.8
2019,6,22,201906,14.9,15.96,14.96,17.5,15.41,21.21,19.04,14.61,15.56,17.14,20.68,25.5,19.12,17.9,27.69,23.7,27.94,26.39,26.04,27.47,26.78,10.06,7.99,17.16,12.78,15.2,11.19
2019,6,23,201906,15.54,16.52,15.61,18.23,16.14,23.69,19.67,16.01,17.53,17.25,17.85,24.79,19.12,17.94,26.54,23.97,27.58,26.06,25.12,26.55,26.11,8.32,9.94,15.6,12.89,16.64,12.16
2019,6,24,201906,14.85,17.96,17.57,19.92,19.43,22.7,23.23,19.09,19.33,17.42,17.02,22.08,22.46,22.02,26.52,25.52,27.74,26.11,24.98,24.93,25.43,9.44,11.25,16.77,14.09,17.48,11.14
2019,6,25,201906,15.51,18.06,19.72,22.87,22.16,20.6,21.53,18.1,17.63,17.62,19.8,20.48,24.15,22.62,26.26,25.7,27.97,24.94,22.95,24.47,25.21,13.15,12.07,17.87,15.7,17.2,11.87
2019,6,26,201906,17.18,19.86,19.77,23.31,20.28,22.93,21.99,19.46,18.96,19.04,23.17,23.71,22.28,21.48,25.6,23.96,28.17,24.93,23.77,25.67,25.07,14.73,13.98,18.35,16.31,15.95,12.25
2019,6,27,201906,18.37,21.39,20.43,23.27,21.8,25.03,24.35,20.09,20.59,21.84,24.63,25.2,23.32,23.07,24.84,24.51,27.2,25.46,24.7,25.96,25.69,15.69,15.4,18.85,16.58,14.41,11.72
2019,6,28,201906,19.33,21.11,19.72,23.24,22.39,25.03,24.46,21.52,22.67,22.7,25.42,25.92,24.36,23.81,25.14,25.18,26.93,24.68,23.95,26.19,25.71,16.82,15.07,19.32,16.77,15.13,10.54
2019,6,29,201906,20.04,21.63,21.43,24.54,23.52,25.33,24.58,21.43,23.47,24.58,26.02,26.22,24.17,23.97,24.73,24.45,26.16,24.82,24.16,25.93,25.27,17.51,15.56,21.39,17.07,15.85,12.16
2019,6,30,201906,17.15,20,18.39,23.14,20.99,26.7,25.09,18.97,23.21,25.4,25.51,25.87,23.99,23.46,25.81,25.55,26.41,25.43,24.81,25.43,24.71,17.58,15.69,21.96,17.65,16.85,14.13
2019,7,1,201907,16.77,17.87,17.34,19.48,17.69,26.26,23.31,20.58,23.71,22.31,24,25.41,22.3,20.68,26.51,25.57,27.58,26.09,25.57,25.22,24.81,16.73,15.85,21.67,17.82,16.74,15.21
2019,7,2,201907,19.15,19.92,18.99,21.6,20.56,26.05,25.22,21.76,23.11,21.8,24.13,25.05,23.02,22.36,27.3,26.06,28.17,26.33,25.33,25.39,25.17,16.86,16.05,20.82,17.63,16.77,13.89
2019,7,3,201907,19.64,21.07,20.87,24.74,23.08,26.11,25.18,21.48,23.19,22.56,24.21,25,24.12,23.69,27.03,26.5,28.45,26.32,25.19,25.88,25.42,16.6,14.67,19.74,17.13,16.42,12.67
2019,7,4,201907,21.03,22.56,22.18,24.86,23.2,25.64,24.67,21.89,22.82,21.94,24.39,25,25.03,23.86,27,26.8,28.5,26.19,25.08,26.23,26.17,16.17,13.71,19.19,16.71,16.33,14.34
2019,7,5,201907,21.98,22.36,23.11,24.44,23.81,25.66,25.23,22.93,23.26,21.22,24.6,25.61,25.02,24.01,27.12,26.07,28.29,26.57,25.26,26.65,26.59,16.11,14,19.28,16.81,17.22,15.29
2019,7,6,201907,22.57,23.35,23.26,25.42,23.87,26.06,25.54,20.84,20.6,19.95,23.35,25.27,25.04,24.56,26.99,25.83,27.53,26.72,25.72,26.51,26.19,16.41,15.4,19.6,17.83,18.02,14.95
2019,7,7,201907,18.1,21.86,20.19,24.7,22.71,24.08,24.68,18.08,17.34,20,22.93,26.29,24.8,23.96,26.66,26.29,27.17,26.59,26.04,26.42,26.35,15.6,16.47,20.24,17.42,17.38,13.7
2019,7,8,201907,15.59,18.4,17.54,22.26,20.88,23.04,23.14,17.41,18.92,22.37,23.76,25.27,24.06,22.75,26.86,26.65,27.32,26.69,26.55,27.04,26.57,16.04,15.7,18.91,17.09,16.63,13.34
2019,7,9,201907,17.15,19.12,18.08,21.58,21.03,24.22,22.95,18.77,19.54,22.45,24.22,26.41,22.56,22.17,27.33,26.09,27.37,27.11,26.99,27.12,26.75,15.22,13.97,17.82,16.54,16.56,14.77
2019,7,10,201907,18.43,20.41,20.22,23.72,23.29,27.24,25.48,21.55,22.72,19.87,23.16,27.08,23.95,23.98,26.72,25.41,27.08,27.49,26.41,28,27.09,15.79,14.89,20.32,18.27,18.19,16.4
2019,7,11,201907,19.11,21.63,22.67,24.44,23.93,24.18,25.62,21,19.25,20.34,21.16,23.86,24.88,24.25,26.59,26.02,26.9,27.19,26.47,26.89,27.24,17.6,17.76,22.44,19.51,19.44,16.53
2019,7,12,201907,18.93,22.06,21.13,24.44,21.78,22.36,21.46,17.11,19.43,22.3,23.11,24.07,24.7,23.46,26.43,26.67,26.74,26.3,25.92,25.48,26.27,18.2,18.39,22.92,19.71,20.08,16.65
2019,7,13,201907,19.59,21.5,19.43,23.3,20.77,23.06,21.7,20.09,22.2,22.94,24.32,24.44,25.17,23.44,26.06,26.77,27.19,25.47,25.83,25.68,25.61,18.22,19.04,23.37,20.34,20.81,17.24
2019,7,14,201907,20.03,22.12,20.61,24.33,21.77,25.9,24.2,18.39,21.57,24.17,24.22,25.76,25.05,23.54,26.05,26.29,27.31,25.79,25.06,24.43,25.43,18.01,19.1,23.37,19.81,20.23,16.37
2019,7,15,201907,17.59,19.63,18.29,21.82,19.81,25.15,24.72,20.78,24.02,25.11,24.86,23.73,24.61,23.41,26.25,26.5,27.34,25.66,24.54,23.88,26.16,18.32,18.11,23.59,19.11,19.4,15.38
2019,7,16,201907,19.03,20.12,20.27,22.32,22.12,23.42,24.06,23.49,24.41,22.93,25.09,22.73,25.57,24.01,27.47,27.47,27.86,25.81,24.68,25.78,26.89,18.65,16.5,23.28,19.27,19.16,14.48
2019,7,17,201907,21.78,23.58,22.96,26.33,23.9,24.47,23.18,22.66,24.28,23.52,26.25,26.45,25.66,24.51,27.55,27.29,27.61,26.18,25.03,27.23,27.02,18.58,16.01,22.42,19.3,18.69,14.52
2019,7,18,201907,19.52,22.68,22.04,26.14,22.73,26.86,24.72,23.05,24.08,23.85,26.54,27.61,24.79,23.34,27.17,26.62,27.56,27.15,26.27,27.08,26.97,17.64,16.16,22.13,19.58,18.85,14.39
2019,7,19,201907,20.07,21.98,23.34,25.66,24.93,28,27.1,25.07,26.39,24.37,26.81,27.36,25.7,25.45,27.08,26.88,27.38,27.26,25.96,27.1,26.96,17.86,15.45,22.02,19.76,18.55,12.15
2019,7,20,201907,24.59,26.37,25.61,27.98,26.58,28.47,27.79,26.11,26.01,22.05,26.61,27.69,26.67,26.52,25.95,27.21,26.89,26.74,26.14,27.01,26.79,18.6,14.35,21.21,19.39,18.24,12.97
2019,7,21,201907,23.69,26.23,24.65,28.53,26.32,27.05,26.96,20.96,20,18.84,24.27,27.44,26.87,26.73,26.14,27.09,26.93,25.98,25.61,26.77,26.43,17.91,15.24,21.79,20.13,19.3,15.15
2019,7,22,201907,19.39,22.72,19.16,27.35,22.86,22.84,23.18,16.97,17.68,17.7,20.49,24.46,25.37,24.24,26.14,26.35,26.58,25.35,24.68,26.08,26.18,16.99,17.32,22.71,20.51,20.83,17.65
2019,7,23,201907,17.02,19.43,17.89,22.39,18.77,19.23,18.54,16.41,17.59,18.64,18.78,20.17,21.76,20.29,25.82,25.42,26.5,23.98,22.11,23.06,24.94,16.95,19.27,23.5,19.96,21.16,17.78
2019,7,24,201907,17.31,18.28,17.47,20.65,17.75,19.87,18.06,16.77,19.39,20.25,19.95,20.46,19.8,18.69,24.39,22.65,26.24,21.59,20.09,21.52,22.55,17.85,19.42,23.38,19.59,21.04,15.31
2019,7,25,201907,17.43,19.1,17.08,20.98,17.72,20.46,18.83,19.11,20.07,21.43,21.18,21.34,20.24,18.73,23.84,22.82,26.13,21.38,19.98,21.94,21.91,17.94,16.7,23.69,19.88,21.6,14.71
2019,7,26,201907,18.78,20,18.96,21.47,19.22,21.45,20.39,20.57,20.84,21.74,22.62,22.17,20.81,19.86,23.81,22.39,26.22,22.78,20.48,22.82,22.87,17.8,16.9,24.03,20.23,21.21,17.38
2019,7,27,201907,19.89,20.49,20.1,22.29,20.21,22.98,21.79,21.66,22.49,21.59,22.87,22.78,21.06,20.47,22.85,22.14,26.22,23.56,21.53,24.18,24.22,17.76,17.78,24.21,19.86,20.94,16.9
2019,7,28,201907,20.41,21.81,21.35,23.11,21.48,23.78,23.06,21.92,22.36,22.05,23.11,23.69,22.34,21.88,24,23.37,26.57,24.26,22.86,24.73,25.19,17.22,16.74,23.99,20.22,21.58,15.62
2019,7,29,201907,21.91,23.48,22.57,24.66,23.02,24.68,23.89,22.32,21.98,19.38,22.57,25,22.93,22.88,24.6,23.59,26.61,24.47,23.18,25.5,26.3,16.97,16.64,23.45,20.36,20.61,16.42
2019,7,30,201907,22.84,24.22,22.62,25.01,22.6,22.88,23.08,19.19,16.79,17.19,21.28,22.66,22.98,22.57,24.75,23.68,26.7,24.85,23.86,25.94,26.54,18.04,18.19,23.28,19.6,19.53,16.34
2019,7,31,201907,22.93,24.03,21.41,24.38,21.99,20.02,22.48,16.21,16.2,19.21,22.89,21.52,22.94,22.56,26.27,24.79,27.09,25.36,24.61,25.7,26.68,18.19,18.51,22.95,19.51,18.61,15.83
2019,8,1,201908,20.56,21.95,19.28,23.64,21.14,18.6,21.54,16.59,17.55,21.64,23.97,21.89,23.4,22.64,26.51,25.64,26.85,25.85,24.38,26.02,26.64,17.94,18.62,22.7,19.61,18.76,16.98
2019,8,2,201908,17.88,20.41,18.48,23.04,21.2,19.86,21.28,18.29,19.54,22.32,23.63,21.97,23.5,22.57,25.67,25.09,26.15,25.63,24.13,26.12,26.78,18.06,18.76,23.88,19.77,19.1,17.41
2019,8,3,201908,18.9,21.05,20.01,23.37,21.42,21.54,20.84,19.9,21.35,22.14,23.45,24.25,23.12,22.28,25.21,24.43,26.39,25.51,24.43,26.41,26.84,18.27,18.8,24.07,19.91,19.68,16.94
2019,8,4,201908,18.24,21.66,18.99,24.6,21.23,22.48,20.95,20.57,22.36,23.12,23.6,24.3,23.8,22.78,25.63,24.85,27.04,25.36,24.98,25.94,26.63,17.96,18.59,23.87,20.11,20.52,17.51
2019,8,5,201908,15.27,18.79,17.39,22.99,20.15,24.06,22.86,21.39,22.42,22.91,24.2,24.89,22.57,21.91,25.52,24.5,26.9,25.42,23.87,26.47,26.77,18.22,18.65,24.04,20.3,20.85,18.49
2019,8,6,201908,17.85,20,19.93,23.76,21.72,24.67,22.67,21.11,21.92,20.98,24.16,26,23.1,22.72,25.84,25,26.71,26.03,24.61,27.11,27.21,18.5,18.77,23.78,20.48,20.42,19.3
2019,8,7,201908,19.73,21.84,21.42,24.17,22.49,23.22,22.95,20.34,20.23,20.63,25.14,24.67,23.43,22.67,26.44,25.66,27.12,26.79,25.88,27.6,27.76,18.59,18.35,23.15,20.6,20.37,19.46
2019,8,8,201908,19.12,22.23,20.49,23.79,20.93,23.73,22.4,19.67,18.81,18.41,24.43,25.46,23.46,22.3,27.13,26.06,27.47,26.76,25.17,27.87,28.05,18.02,17.72,22.85,20.12,18.9,18.61
2019,8,9,201908,18.57,20.8,18.3,22.5,19.9,22.1,21.63,16.86,15.95,18.91,23.45,25.37,22.83,22.23,27.21,25.32,27.94,26.8,25.68,27.6,27.9,17.54,17.55,22.81,19.45,17.47,17.93
2019,8,10,201908,15.69,17.68,15.84,20.63,17.31,20.19,18.48,16.88,17.8,20.46,25.13,25.18,22.07,20.1,27.14,25.42,28.13,26.42,25.95,27.65,27.7,17.45,17.21,22.1,18.27,16.73,16.57
2019,8,11,201908,13.78,16.3,15.27,19.23,17.04,21.46,19.37,18.72,19.05,21.14,26.32,26.53,21.2,19.06,27.34,25.81,27.64,26.03,26.15,28.03,27.74,17.76,16.26,21.4,17.49,15.99,14.26
2019,8,12,201908,17.47,18.86,18.2,20.05,18.8,26.23,22.28,20.89,21.49,20.29,25.37,27.63,22.7,20.68,27.99,26.5,27.85,26.87,26.39,28.21,27.92,16.76,14.47,21.09,17.57,17.69,14.09
2019,8,13,201908,19.1,21.18,20.86,23.31,21.6,26.26,24.65,19.89,19.49,18.75,23.84,27.35,25.1,23.38,28.38,26.84,27.86,28.51,27.75,28.18,28,16.16,14.32,21.21,18.51,18.95,15.51
2019,8,14,201908,16.94,21.46,19.42,23.9,21.68,23.57,23.32,17.38,18.26,17.3,20.91,23.33,25.41,23.96,28.95,27.89,27.97,28.37,27.38,27.41,27.63,16.52,15.55,21.98,19.37,20.23,16.83
2019,8,15,201908,16.75,20.11,17.79,23.01,20.76,20.84,22.34,17.27,17.26,18.5,21.4,21.31,24.54,22.98,27.35,26.79,27.48,25.44,23.69,26,27.06,16.46,16.1,22.16,19.46,20.77,16.37
2019,8,16,201908,16.73,19.08,19.81,22.37,21.85,21.81,21.75,18.26,18.03,19.22,22.6,23.55,24.46,22.99,26.49,26.33,27.19,24.66,23.35,26.38,27.44,16.49,15.36,21.43,19.08,20.2,15.13
2019,8,17,201908,18.33,20.75,21.13,24.08,22.67,24.2,23.01,20.51,19.78,19.45,23.55,25.15,25.01,23.78,26.5,26.04,27.11,25.49,24.43,26.83,27.53,16.44,14.07,21.05,18.28,19.01,14.37
2019,8,18,201908,19.94,22.73,21.5,25.41,23.34,24.91,24.6,21.31,20.49,18.58,23.93,25.92,25.29,24.46,26.13,25.82,27,26.04,24.8,27.18,27.8,15.85,13.91,20.76,18.16,18.21,15.22
2019,8,19,201908,21.52,24.16,22.5,25.66,23.84,25.57,25.1,19.93,17.33,18.91,24.61,26.98,25.71,24.56,25.51,26.66,26.85,26.67,25.82,27.76,27.93,16.96,16.57,20.7,18.57,17.95,15.78
2019,8,20,201908,19.95,22.35,19.95,25.69,22.91,26.23,25.62,20.58,20.88,22.7,26.5,28.03,25.49,24.9,25.86,26.11,26.5,26.56,26.19,27.88,27.49,17.72,17.01,21.41,19.06,18.28,16.95
2019,8,21,201908,18.45,21.44,21.02,25.04,23.13,25.5,24.35,21.72,20.55,18.61,23.96,27.01,24.88,24.14,26.45,26.26,26.78,26.23,26.54,27.33,26.41,17.16,17.4,21.95,19.15,18.72,16.71
2019,8,22,201908,20.53,23.32,20.51,25.81,22.13,22.96,22.99,16.6,15.87,17.41,21.41,25.09,25.44,24.29,26.42,26.47,27.13,26.12,25.97,26.79,26.43,16.39,17.29,21.32,18.59,19.21,14.19
2019,8,23,201908,17.23,20.08,16.3,22.43,18.02,19.68,19.19,15.05,15.34,18.22,22.31,22.86,23.45,20.99,27.05,26.44,27.07,25.64,24.81,26.33,26.69,16.26,15.95,21.49,18.22,19.27,14.28
2019,8,24,201908,14.71,16.06,14.46,17.94,15.28,17.56,16.69,15.46,15.46,19.63,21.35,20.97,19.63,17.56,27,24.31,27.17,24.78,24.35,25.95,26.55,15.57,16.48,21.8,18.89,19.89,15.59
2019,8,25,201908,15.16,16.49,15.93,18.34,16.11,18.31,16.87,16.63,16.44,19.28,21.72,21.32,18.85,17.2,25.18,21.83,27.52,24.58,23.65,25.63,27.06,16.45,16.17,22.5,19.27,20.63,14.42
2019,8,26,201908,13.98,15.12,15.46,18.78,16.54,21.42,18.43,17.51,17.23,18.37,21.92,22.94,19.12,17.83,24.65,22.23,27.11,23.99,23,26.48,27.83,16.1,13.32,23.07,19.03,21.04,13.28
2019,8,27,201908,15.22,15.42,15.75,18.87,17.75,22.43,21.66,19.17,16.83,15.31,18.19,23.35,20.13,19.86,24.54,23.22,27.1,24.37,22.86,26.8,27.84,14.1,12.03,23.1,18.89,21.45,15.1
2019,8,28,201908,16.47,17.77,17.96,20.92,19.54,17.95,20.41,16.16,13.74,14.33,17.44,19.43,21.33,21.02,24.88,23.08,27.38,25.61,23.52,24.71,26.72,14.17,14.43,23.24,19.76,21.32,17.77
2019,8,29,201908,17.93,19.23,17.55,21.2,17.48,19.16,17.49,16.12,15.13,16.92,22.58,20.99,19.97,18.09,23.05,22.37,27.48,21.85,19.4,25.14,26.99,16.25,15.85,23.36,20.11,20.6,18.33
2019,8,30,201908,17.92,18.95,16.58,19.12,17.61,20.96,20.68,16.55,13.95,14.71,22.03,23,19.26,18.59,22.17,21.5,26.27,21.74,20.33,25.52,26.64,16.15,15.75,23.44,19.51,19.44,17.66
2019,8,31,201908,15.5,18.07,14.59,20.94,17.92,18.25,18.41,13.57,13.82,15.32,20.23,20.64,21.85,21.66,24,23.33,26.53,23.09,21.74,25.15,26.28,16.87,16.08,23.27,18.92,19.49,17.56
2019,9,1,201909,13.36,15.31,14.34,18.42,16.62,20.7,19.45,15.44,15.44,17.61,21.43,21.97,22.22,21.01,25.45,23.47,27.18,24.26,23.27,25.03,25.84,17.52,17.54,23.34,18.77,19.94,17.19
2019,9,2,201909,14.33,17.09,17,21.17,20.02,22.1,21.53,17.29,17.87,19.57,23.84,23.54,22.76,21.73,25.33,23.79,26.69,24.92,24.04,25.43,25.56,17.45,17.48,23.28,18.84,20.59,16.3
2019,9,3,201909,16.07,18.69,17.18,22.07,19.09,23.15,21.19,16.5,18.98,19.47,23.61,25.09,22.71,21.14,25.15,24.52,26.33,24.6,24.11,25.7,25.22,16.87,16.76,23.17,19.29,20.34,16.62
2019,9,4,201909,16.58,19.15,18.82,22.34,20.43,21.55,22.14,16.35,14.67,15.94,21.07,23.39,23.23,22,25.67,25,26.75,25.24,24.53,25.9,25.04,17.05,17.5,23.51,19.5,20.45,16.36
2019,9,5,201909,14.68,17.38,14.46,21.13,16.4,17.43,16.82,13.95,14.16,18.36,22.52,20.54,23.32,20.85,25.58,24.47,27.79,24.16,23.22,25.51,24.77,17.69,17.65,22.97,19.31,21.04,17.26
2019,9,6,201909,12.53,14.8,13.77,18.62,16.19,20.28,17.43,15.44,16.64,19.12,22.43,23.32,21.41,19.05,24.42,23.66,27.35,21.83,20.28,25.21,25.03,17.79,17.11,22.74,19.08,19.93,18.01
2019,9,7,201909,11.59,14.59,14.18,17.94,16.49,18.7,18.66,15.66,15.27,15.91,21.23,20.99,20.37,18.98,24.35,23.4,26.82,23.99,23.01,25.79,25.66,16.85,14.81,22.83,18.73,18.86,16.75
2019,9,8,201909,11.94,15.39,14.09,18.54,16.76,18.63,17.72,13.7,12.61,13.19,21.6,21.83,20.45,18.41,25.93,24.11,27.26,24.58,21.34,25.65,25.75,15.31,12.97,21.29,17.36,16.06,15.12
2019,9,9,201909,11.51,15,12.52,19.33,16.21,21.51,18.6,13.86,14.18,15.46,22.37,24.36,22.27,19.6,26.6,25.67,27.91,25.15,22.8,25.8,25.54,14.77,11.62,19.84,15.8,15.26,11.74
2019,9,10,201909,13.43,17.14,14.96,20.44,18.18,24.61,21.37,18.61,20.78,18.66,22.69,24.5,22.56,20.77,26.69,25.54,27.17,25.7,24.01,25.66,25.5,14.45,11.12,20.07,15.3,15.01,11.46
2019,9,11,201909,17.01,20.28,20.79,22.29,21.85,25.67,24.68,20.32,19.33,17.84,23.44,24.96,23.98,23.18,25.75,25.38,26.42,25.84,25.34,25.95,25.45,14.56,10.65,19.05,14.77,14.39,11.94
2019,9,12,201909,15.39,18.84,17.86,24.25,22.57,25.75,24.35,17.43,16.77,16.24,22.07,25.14,25.2,23.93,25.62,25.53,26.27,25.78,25.07,26.25,25.59,11.55,9.68,17.97,14.43,15.94,13.29
2019,9,13,201909,10.96,13.08,12.71,18.21,17.67,23.75,24.43,18.01,17.68,14.35,17,22.54,23.31,22.18,24.89,24.99,26.06,25.86,25.43,25.3,25.2,10.19,10.96,18.53,15.33,17.9,14.24
2019,9,14,201909,10.88,13.18,15.8,17.67,18.42,18.07,19.85,15.4,14.24,15.63,19.65,19.4,21.39,21.12,24.82,23.82,26.15,24.76,24.28,24.08,24.7,13.19,12.69,20.53,16.86,19.09,14.08
2019,9,15,201909,15.49,18.8,16.01,21.85,17.71,20.81,18.34,16.41,18.82,19.57,22.59,22.87,22.29,19.99,25.42,24.44,26.23,24.01,23.39,24.85,24.56,14.13,14.52,20.1,16.06,17.83,13.62
2019,9,16,201909,13.01,15.92,15.44,19.62,18.09,23.92,21.22,19.47,20.33,21.38,22.76,24.52,21.79,19.76,25.02,24.28,26.72,24.43,23.17,25.44,24.59,14.39,14.76,19.85,15.33,15.91,11.05
2019,9,17,201909,11.74,13.24,13.31,18.82,17.42,22.14,20.57,18.83,20.15,22.71,22.94,24.94,21.73,20.88,24.52,23.84,26.92,24.88,24.34,25.21,24.91,14.32,13.33,19.71,13.91,13.75,9.16
2019,9,18,201909,9.96,12.8,12.55,15.27,14.16,20.41,18.53,18.3,20.03,21.47,22.11,23.81,19.31,18.38,25.17,22.07,26.24,24.41,24.19,25.45,24.82,13.32,10.2,18.65,13.87,13.71,9.47
2019,9,19,201909,8.92,9.95,11.48,13.39,13.3,21.67,18.54,18.63,21.11,19.15,22.03,23.65,16.81,15.94,22.57,18.55,24.84,24.16,22.53,25.41,25.26,13.85,11.11,18.24,13.8,13.37,9.78
2019,9,20,201909,12.87,12.84,13.78,13.93,13.85,23.46,20.81,19.32,21.19,21.43,22.85,23.37,15.4,15.95,20.13,17.36,23.76,22.99,21.4,24.71,25.67,13.88,10.33,16.37,12.47,12.58,10.5
2019,9,21,201909,17.08,17.59,16.81,16.92,17.79,23.62,22.15,20.95,21.74,20.94,21.83,23.36,18.42,18.79,21.31,19.09,24.48,21.44,20.01,24.62,25.57,10.57,8.28,15.52,12.27,14.05,11.2
2019,9,22,201909,17.24,18.22,19.15,19.83,20.65,22.57,21.4,20.64,19.9,15.34,18.33,22.51,21.16,20.93,21,20.04,24.36,22.66,20.74,24.92,25.24,8.67,8.6,15.91,12.78,15.65,12.1
2019,9,23,201909,20.16,20.91,20.39,22.18,20.18,19.88,20.35,17.56,15.12,14.42,16.68,20.95,20.87,20.15,21.57,20.66,24.26,23.01,21.92,24.77,25.31,10.14,11.04,18.09,13.73,15.73,11.2
2019,9,24,201909,17.53,19.09,15.98,19.96,16.57,16.74,16.03,15.13,15,16.73,19.98,17.52,19.68,17.9,23.01,21.69,24.35,22.75,21.41,24.56,25.8,12.07,11.29,17.31,13.96,16.17,12.17
2019,9,25,201909,12.67,14.06,14.51,17.34,15.54,19.52,17.55,17.41,17.81,15.26,20.23,20.58,16.95,16.33,23.79,20.99,25.15,21.9,19.14,24.56,25.54,12.39,10.2,17.23,14.94,18.51,11.46
2019,9,26,201909,13.68,16.22,15.77,18.8,16.31,17.41,18.68,14.42,11.78,11.57,15.97,18.67,20.09,18.6,24.32,23.62,25.96,23.78,22.21,24.41,25.52,12.66,9.86,18.2,15.52,18.51,11.64
2019,9,27,201909,13,14.91,12.81,16.31,13.69,17.76,16.13,13.34,13.56,13.11,18.55,20.84,20.3,17.64,25.46,24.25,26.05,23.64,22.12,24.68,25.09,12.87,9.89,17.06,15.03,17.17,10.51
2019,9,28,201909,13.85,15.68,16.5,18.75,18.25,22.58,22.3,16.01,12.15,9.93,15.24,22.83,23.21,21.26,25.55,24.76,26.11,24.83,24.25,24.74,25.36,10.72,7.31,17.94,14.01,14.3,6.28
2019,9,29,201909,14.1,17.23,15.46,21.75,19.02,21.89,21.27,11.28,10.02,10.48,19.57,23.98,23.45,22.47,24.8,24.51,25.83,25.17,24.28,26.24,26.09,12.92,5.42,17.26,11.24,9.69,3.61
2019,9,30,201909,7.35,11.45,11.29,17.14,16.74,24.24,23.29,15.88,16.95,15.07,23.16,24.54,22.34,21.88,24.53,24.62,25.44,25.11,24.34,25.98,25.91,12.57,2.96,14.69,10.07,8.03,3.38
2019,10,1,201910,10.65,14.03,17.17,19.12,20.23,24.66,24.09,20.34,19.62,11.08,18.54,24.55,22.53,22.17,24.9,24.15,25.67,25.09,24.25,26.01,25.46,10.64,1.91,13.66,10.08,8.09,3.7
2019,10,2,201910,14.34,18.82,18.65,22.66,21.95,23.82,23.76,14.61,12.79,8,13.59,23.4,23.37,22.87,25.22,24.14,25.8,25.4,24.16,24.94,24.9,7.71,1.77,13.32,9.17,9.07,4.49
2019,10,3,201910,6.84,11.4,10.2,18.9,18.28,19.33,21.37,11.66,10.19,7.45,11.06,18.16,23.53,22.62,25.41,24.46,25.58,25.56,23.91,23.5,24.32,6.34,2.71,14.57,10.37,10.94,7.11
2019,10,4,201910,7.28,11.14,10.17,16.99,14.68,12.66,14.03,9.38,7.28,7.16,11.47,14.27,20.98,18.38,25.07,24.38,25.45,23.53,21.09,21.4,23.09,9.42,5.58,16.2,10.94,10.46,6.69
2019,10,5,201910,5.07,6.22,5.38,9.43,7.6,12.66,12.36,8.61,7.55,9.67,14.5,16,13.97,12.37,23.61,19.55,26.01,21.23,18.21,22.47,23.92,8.11,3.92,15.35,10.26,11.32,6.66
2019,10,6,201910,6.59,8.55,9.65,13.49,12.95,15.86,17.35,13.06,11.17,9.43,10.82,16.36,17.58,16.63,22.27,20.11,25.06,23.32,21.27,22.63,23.94,4.93,3.56,15.4,9.99,12.99,6.68
2019,10,7,201910,14.27,17.24,14.75,19.88,16.21,12.93,13.89,11.57,9.9,9.16,9.91,12.55,20.02,18.22,22.78,21.55,23.43,20.98,18.23,18.39,20.49,4.51,4.57,14.67,9.46,14.59,8.5
2019,10,8,201910,11.94,14.02,10.98,16.16,11.83,12.44,11.74,10.6,9.89,10.73,11.37,12.34,16.41,13.45,22.7,21.15,23.17,17.37,14.69,15.66,17.8,7.45,7.36,16.48,11.63,14.47,9.18
2019,10,9,201910,8.61,10.85,8.74,13.17,10.35,12.78,12.29,11.94,11.23,11.41,14.24,12.76,14.59,13.5,21.95,17.85,24.12,18.41,16.17,17.11,20.64,9.09,3.81,15.11,11.2,12.91,2.8
2019,10,10,201910,8.95,10.94,9.97,12.88,11.37,15.82,14.7,12.2,12.12,7.53,10.44,17.28,14.22,14.05,20.16,17.61,24.11,21.01,18.96,21.13,23.53,1.34,-4.43,12.7,6.12,9.33,0.43
2019,10,11,201910,8.54,10.37,9.07,12.51,11.51,16.15,17.18,14.58,12.35,2.24,0.29,11.87,14.69,14.62,18.66,16.48,23.63,21.12,19.21,15.08,15.41,-5.72,-4.41,8.02,2.44,8.6,2.34
2019,10,12,201910,9.78,11.8,10.31,13.96,11.61,4.75,8.72,6.29,1.79,-0.06,2.76,4.17,14.51,14.03,19.79,17.51,23.31,14.58,11.54,8.16,8.6,-0.15,-1.01,10.42,4.37,10.13,4.52
2019,10,13,201910,11.39,12.91,9.39,13.73,8.47,7.01,6.43,5.13,2.41,1.16,6.51,7.35,14.88,10.53,20.8,19.46,24.31,13.2,10.65,11,13.54,3.47,1.45,12.74,7.82,11.01,6.89
2019,10,14,201910,10.67,12.08,8.68,14.26,9.11,7.43,7.49,5,2.9,1.92,9.76,9.96,15.28,11.83,20.18,19.4,25.17,15.13,12.23,15.82,18.63,5.58,3.75,13.6,8.85,10.49,6.02
2019,10,15,201910,8.67,10.17,7.54,10.85,8.08,11.19,9.92,5.89,4.72,4.44,10.8,14.15,12.72,11.16,21.53,17.35,25.72,17.69,15.71,19.72,21.69,5.04,3.81,14,9.56,11.34,6.73
2019,10,16,201910,6.66,8.91,8.59,12.67,10.06,9.71,11.5,8.33,6.17,4.38,6.13,8.71,13.64,12.66,21.3,18.41,25.46,17.67,15.46,15.38,18.38,5.55,6.3,14.11,9.35,12.59,8.89
2019,10,17,201910,8.75,11.34,8.37,11.49,7.83,8.22,7.32,6.25,5.88,6.21,9.82,8.34,8.97,8.32,13.26,11.68,22.38,10.77,8.22,12.02,14.19,8.05,8.06,14.76,9.76,12.57,8.03
2019,10,18,201910,6.94,8.62,6.37,9.91,6.9,8.61,7.78,6.02,6.61,8.94,12.23,10.4,7.73,7.97,12.41,10.13,20.81,11.06,9.13,13.53,16.43,7.31,5.53,13.51,8.34,9.61,5.79
2019,10,19,201910,5.56,6.39,4.89,7.85,5.93,10.23,8.77,7.81,8.67,9.02,11.38,11.46,9.16,8.38,15.72,11.19,23.49,13.3,11.22,15.73,19.73,3,2.32,10.86,6.75,9.96,5.95
2019,10,20,201910,5.74,7.97,7.13,10.29,9.16,14,13.91,10.99,8.9,7.36,10.03,13.88,12.8,11.79,17.56,18.06,23.12,16.55,15.85,18.1,19.54,1.7,1.71,10.77,6.01,10.24,3.96
2019,10,21,201910,8.53,11.33,9.42,13.74,11.02,15.01,15.41,10.61,9.34,7.64,8.18,15.16,14.01,13.89,19.42,17.41,24.37,20.05,17.92,18.39,18.56,-1.58,0.82,9,4.72,12,6.1
2019,10,22,201910,8.93,10.62,11.21,13.61,13.04,9.85,13.13,10.15,7.22,4.79,6.09,8.86,16.17,15.12,20.95,19.92,25.68,16.26,13.78,11.46,13.3,0.5,2.45,10.71,6.19,13.39,8.98
2019,10,23,201910,10.45,13.38,10.67,14.1,9.9,7.29,8.41,6.47,4.11,3.31,8.77,8.71,11.94,10.53,12.3,14.34,21.23,10.4,8.87,11.4,14.6,3.33,2.65,11.95,7.42,13.7,6.16
2019,10,24,201910,7.9,9.11,7.67,9.72,7.55,9.16,9.43,6.42,3.71,2.53,4.43,9.23,10.26,9.09,12.95,12.39,21.63,11.44,10.06,12.27,16.96,-1.45,-0.02,10.56,4.62,12.65,5.85
2019,10,25,201910,7.67,9.82,7.7,11.45,9,7.82,9.98,4.81,2.58,3.3,3.48,8.03,12.11,10.95,19.8,16.69,24.85,14.28,10.65,11.11,9.69,-1.76,2.88,8.36,3.08,12.51,8.66
2019,10,26,201910,6.71,10.45,7.43,12.92,9.44,7.64,9.12,4.42,3.14,5.91,6.33,7.92,15.5,12.13,22.53,20.13,25.18,17.31,15.69,11.03,8.5,3.63,4.4,10.68,6.15,13.25,6.08
2019,10,27,201910,4.91,8.07,8.84,15.02,12.47,9.48,13.12,8.65,4.56,2.4,4.97,9.64,18.23,15.75,21.26,21.73,25.13,15.16,14.58,11.96,11.87,0.85,-3.5,10.98,4.9,9.73,0.84
2019,10,28,201910,7.13,10.46,10.28,13.91,10.59,10.72,10.88,7.22,3.37,-1.07,0.03,10.84,14.35,12.78,18.49,18.85,24.61,15.26,15.04,12.71,14.26,-5.41,-6.66,8.38,1.54,5.42,-0.12
2019,10,29,201910,8.54,10.97,10.66,13.24,11.33,8.39,12.39,6.49,-0.05,-2.65,-2.57,6.72,14.45,13.86,20.69,18.92,25.65,16.81,15.47,11.79,14.95,-7.89,-8.84,4.84,0.84,5.82,-1.91
2019,10,30,201910,10.97,14.49,12.95,15.33,14.53,4.84,10.93,3.33,-1.55,-3.99,-3.05,4.3,15.73,15.28,21.84,20.48,25.76,17.97,16.2,10.51,11.83,-11.09,-11.06,3.14,-3.11,4.46,-4.11
2019,10,31,201910,13.81,16.18,14.63,17.87,16.38,1.87,11.2,3.34,-1.66,-3.49,-4.84,0.74,19.58,17.86,22.65,22.57,25.8,14.83,12.75,4.92,3.76,-9.4,-6.89,1.33,-3.36,4.1,-1.1
2019,11,1,201911,11.54,12.15,8.01,11.68,6.58,-1.19,1.04,1.36,-1.71,-0.35,-0.2,0.66,8.69,5.73,8.98,11.99,19.76,3.76,2.51,3.46,5.06,-3.88,-3.51,5.21,0.97,6.59,1.33
2019,11,2,201911,1.2,3,2.02,4.86,2.23,2.22,2.1,2.65,0.83,1.04,1.09,2.92,5.25,3.46,8.9,8.4,19.3,5.38,4.16,5.64,7.92,-4.54,-3.01,7.5,2.34,8.58,2.73
2019,11,3,201911,2.99,5.62,3.11,5.44,3.06,3.99,3.76,2.08,0.76,1.6,3.33,3.78,4.47,3.45,7.57,7.4,18.17,5.47,4.18,6.62,9.15,-1.21,-0.61,9.69,4.71,10.33,4.46
2019,11,4,201911,2.59,4.23,2.79,5.37,3.48,6.31,5.48,4.53,3.12,1.87,5.32,6.17,5.33,4.56,9.55,8.05,20.24,7.96,6.03,9.41,13.69,0.13,0.11,10.42,6.49,10.97,5.63
2019,11,5,201911,6.26,8.56,6.62,10.73,6.68,5.99,7.22,2.56,-0.55,-2.04,4.62,7.66,9.83,7.37,15.43,15.31,23.17,11.37,9.04,13.56,16.64,0.98,0.7,11.49,6.9,11.39,6.32
2019,11,6,201911,4.68,6.52,3.13,7,3.25,4.26,3.8,-0.14,-3.33,-2.77,5.51,6.6,9.13,6.27,16.69,14.34,23.64,11.51,8.99,14.21,18.6,2.07,-0.61,12.83,7.91,11.99,5.73
2019,11,7,201911,2.02,4.41,2.98,6.69,4.35,2.4,5.39,-0.77,-6.09,-7.09,-0.26,4.3,9.23,7.47,16.58,13.86,23.76,13.9,10.3,13.12,17.08,-0.51,-2.44,11.92,7.15,11.21,4.2
2019,11,8,201911,-0.69,2.56,-1.68,4.21,0.43,-4,-1.44,-3.12,-7.85,-5.35,-0.32,-2.42,5.57,2.4,16.38,12.13,23.27,7.81,3.22,5.49,8.71,1.21,0.19,11.35,6.21,11.27,5.18
2019,11,9,201911,-3.79,-2.19,-3.09,-0.84,-1.88,-0.69,-0.76,-1.38,-2.56,-0.31,5.62,1.23,0.06,-0.37,7.21,3.13,18.74,3.72,1.2,5.31,9.96,4.25,2.65,10.88,6.75,11.36,6.1
2019,11,10,201911,-0.65,1.15,0.07,3.19,1.74,4.31,3.55,0.76,-0.75,-1.59,7.44,6.98,3.83,3.92,6.5,5.06,16.34,7.05,5.14,9.93,13.35,5.06,1.32,12.32,7.46,11.32,7.97
2019,11,11,201911,0.54,4.32,1.5,8.17,5.6,2.36,4.95,-2.71,-6.76,-9.39,-2.17,3.58,8.08,7.94,10.58,8.97,19.07,10.57,8.53,10.28,15.19,-1.14,-4.12,11.82,6.44,11.4,5.91
2019,11,12,201911,-0.01,6.72,-2,7.76,2.07,-8.09,-3.2,-5.96,-11.1,-11.72,-8.97,-7.85,6.8,4.49,12.45,10.58,21.23,4.27,0.85,-1.14,1.17,-4.22,-2.69,10.18,2.7,12.14,5.75
2019,11,13,201911,-7.79,-6.18,-8.21,-3.71,-5.45,-7.92,-6.87,-6.81,-9.5,-5.83,-2.56,-6.54,-3.01,-4.65,2.28,0.53,14.52,-2.12,-3.33,-2.23,0.91,0.2,0.69,10.01,4.47,11.69,6.17
2019,11,14,201911,-6.65,-3.71,-5.34,-1.4,-3.69,-3.11,-2.84,-2.77,-5.73,-5.2,0.7,-2.52,-1.57,-2.41,3.44,1.64,16.86,1.45,0.01,1.96,5.27,0.34,0.57,10.34,5.62,10.51,5.65
2019,11,15,201911,-1.24,1.02,-1.75,2.25,-1.56,-4.17,-2.89,-2.59,-4.84,-2.68,3.28,-1.2,3.99,1.08,9.13,8.47,19.11,3.9,2.07,3.73,6.08,2.5,2.17,10.98,5.55,10.16,6.98
2019,11,16,201911,-6.2,-2.39,-4.86,0.74,-2.47,-0.91,-1.16,-3.34,-2.83,-0.01,5.07,0.94,3.29,0.79,8.5,7.97,15,3.07,1.79,4.22,7.36,4.12,2.72,10.85,6.03,10.38,5.08
2019,11,17,201911,-6.82,-2.2,-5.66,2.13,-3.54,0.5,-0.88,-1.02,-0.36,1.26,5.96,3.04,2.89,1.14,8.73,6.81,13.35,4.96,3.84,5.54,9.44,1.53,1.29,9.83,5.39,11.04,7.02
2019,11,18,201911,-3.16,2.03,-1.93,5.37,0.88,3.47,3.08,1.21,-0.16,1.97,7.1,4.45,5.5,4.89,11.55,8.06,15.31,7.24,6.63,7.84,11.5,3.55,3.79,10.28,6.19,12.09,7.98
2019,11,19,201911,-0.01,3.63,0.93,7.18,3.19,4.65,3.16,1.21,-0.48,2.53,8.09,7.79,6.36,5.26,9.69,7.78,15.71,8.62,7.11,10.8,13.41,4.2,3.63,11.46,7.3,11.23,7.11
2019,11,20,201911,-0.28,3.07,-0.09,5.56,3.81,5.08,4.58,1.17,0.61,1.92,8.02,8.02,7.07,5.64,9.13,8.44,14.46,9.69,7.59,12.55,16.16,4.64,1.36,10.25,6.76,8.37,3.18
2019,11,21,201911,-0.49,2.38,-0.36,3.54,2.19,8.43,5.69,2.42,2.89,-0.41,5.17,11.55,5.04,5.02,10.26,7.83,14.75,10.32,9.18,15.28,18.14,0.46,-2.18,7.04,4.47,5.92,0.97
2019,11,22,201911,0.81,4.75,2.68,7.3,5.59,3.31,6.26,0.64,-3.11,-3.71,-0.05,4.52,8.52,8.26,12.78,10.24,18.92,13.24,11.17,12.07,15.22,-2.57,-2.66,5.91,2.55,6.28,0.86
2019,11,23,201911,-3.1,-0.08,-1.69,2.2,-0.06,1.41,1.33,-0.41,-2.44,-1.53,0.03,3.62,5.53,3.24,16.2,12.87,20.17,13.31,11.68,8.77,10.17,-2.38,-1.96,5.87,1.87,6.66,1.37
2019,11,24,201911,-1.35,2.44,0.3,5.8,2.14,2.11,2.42,0.88,-0.01,0.92,3.31,3.22,6.79,4.98,11.34,11.64,17.83,7.4,6.47,6.61,10.13,-0.85,-0.32,6.44,1.85,7.03,3.11
2019,11,25,201911,0.18,2.99,0.88,4.17,2.44,4.74,4.25,2.93,1.45,1.87,4.89,6.23,4.55,3.92,7.37,7.01,13.83,7.01,5.79,8.65,12.09,-1,-1.83,6.91,1.9,6.62,0.98
2019,11,26,201911,1.03,5.39,3.39,6.37,4.76,6.04,6.44,3.28,0.56,-1.23,1.76,8.64,6.68,6.35,9.19,8.68,15.42,10.76,8.28,13.36,15.52,-4.78,-5.28,3.7,-0.64,2.56,-1.05
2019,11,27,201911,2.07,6.49,4.22,7.97,6.82,8.08,8.49,4.34,1.27,-2.4,-1.57,7.09,9.51,9.03,14.26,11.9,18.74,15.25,12.37,10.95,11.08,-9.16,-6.84,2.62,-1.95,3.43,-1.98
2019,11,28,201911,1.55,6,2.8,7.01,3.64,0.75,2.17,0.44,-2,-4.51,-3.19,0.27,5.68,4.17,11.82,9.95,19.2,7.19,3.77,6.29,9.34,-3.69,-5.35,7.41,-0.57,2.35,-3.06
2019,11,29,201911,-2.32,-0.37,-2.56,0.93,-1.23,3.12,2.38,-0.69,-0.76,-2.6,-1.14,3.11,3.31,1.99,10.23,6.19,16.65,9.02,6.21,8.2,13.59,-1.47,-5.65,6.29,0.37,1.4,-5.17
2019,11,30,201911,-7.7,-3.15,-4.05,0.73,-0.81,5.61,3.79,-0.47,-0.33,-1.58,1.38,8.59,4.55,3.16,13.15,8.57,17.94,13.68,11.56,14.95,17.33,-4.78,-7.26,1.68,-2.45,1.14,-5.76
2019,12,1,201912,-8.38,-4.05,-5.35,1.02,-0.5,5.4,6.37,-0.42,-0.64,-3.07,-1.23,3.9,6.79,6.32,15.56,11.83,20.44,14.25,12.06,8.67,10.04,-6.79,-8.49,1.77,-3.04,4.53,-3.19
2019,12,2,201912,-5.53,0.66,-2.3,4.49,1.04,0.64,2.23,-2.11,-5.66,-7.18,-3.28,-0.3,4.12,2.72,7.26,7.65,16.47,4.08,2.36,3.26,6.47,-3.63,-4.28,3.51,-0.21,6.55,-0.03
2019,12,3,201912,-4.86,-1.01,-3.99,1.35,-0.64,0.27,0.82,-2.41,-4.68,-3.63,0.38,1.21,2.84,1.83,2.74,3.22,8.3,2.51,1.36,4.11,8.03,-1.01,-2.57,5.17,1.47,7.48,1.29
2019,12,4,201912,-4.73,-3.11,-3.28,1.01,-0.29,1.7,1.34,-0.33,-2.61,-2.83,1.66,2.98,3.24,1.9,4.42,4.58,10.96,4.56,3.12,7.17,10.48,-1.29,-2.13,7.22,2.29,7.8,1.94
2019,12,5,201912,-2.28,0.01,-1.2,2.58,0.21,2.69,1.31,-1.38,-3.8,-3.51,2.73,5.48,2.81,1.83,6.76,4.98,11.75,6.88,5.09,10.27,12.52,-0.39,-2.12,7.54,3.02,7.15,2.12
2019,12,6,201912,-4.17,-2.61,-3.4,1.82,-0.26,3.83,3.05,-0.56,-3.94,-6.57,-0.02,5.99,3.31,2.48,8.72,6.02,13.65,9.43,7.95,11.38,13.33,-2.02,-2.78,7.28,1.8,8,2.49
2019,12,7,201912,-6.2,-3.1,-4.85,1.32,-1.4,-0.07,-0.18,-2.76,-5.2,-4.96,0.23,1.22,4.93,2.25,12.23,9.33,16.39,10.05,8.59,7.9,9.64,-1.03,-1.54,8.46,2.87,8.69,3.11
2019,12,8,201912,-8.03,-5.79,-5.53,-0.72,-2.25,2.49,1.8,0.27,-1.13,-3.8,2.99,4,1.51,1,12.25,6.02,18.07,11.11,9.29,8.72,11.8,0.95,-1.02,9.18,4.39,8.4,3.63
2019,12,9,201912,-0.36,1.71,0.78,6.02,2.45,9.17,8.94,2.22,-2.49,-9.91,0.31,8.86,6.9,6.01,15.4,12.06,20.82,15.17,13.37,13.19,15.43,-2.04,-5.73,7.65,2.52,6.26,0.99
2019,12,10,201912,4.62,7.23,3.84,11.99,7.59,-3.33,2.71,-3.64,-12.02,-14.41,-3.79,-2.03,13.23,10.41,16.67,16.82,21.38,11.82,9.03,6.23,8.79,-5.33,-6.88,5.05,0.44,5.92,-0.2
2019,12,11,201912,-3.55,0.54,-3.05,4.52,-1.84,-4.47,-4.43,-8.83,-16.09,-16.26,-2.78,-1.46,3.41,-0.34,9.65,9.28,19.27,2.09,-0.24,2.63,5.34,-3.77,-5.19,5.26,0.54,6.63,1.77
2019,12,12,201912,-7.19,-4,-5.78,-2.39,-4.35,-1.66,-2.59,-7.5,-10.94,-12.56,0.12,1.13,-0.85,-2.02,5.69,2.87,16.53,2.9,1.43,4.03,6.68,-2.57,-2.8,5.52,2.12,8.65,3.15
2019,12,13,201912,-4.72,-1.58,-2.95,1.52,-1.89,0.77,0.43,-0.75,-4.88,-9.36,1.46,2.41,1.62,0.65,9.04,7.33,18.63,6.45,4.9,7.26,9.89,-1.16,-2.41,6.88,3.27,8.9,2.21
2019,12,14,201912,3.12,5.29,2.27,8.76,3.64,1.58,2.81,-0.59,-4.85,-11.48,-0.74,2.71,7.05,5.52,11.67,12.3,19.13,9.22,7.28,8.5,10.92,-2.59,-4.92,7.38,3.36,7.5,0.28
2019,12,15,201912,2.43,3.39,0.33,5.24,1.57,-3.32,-0.05,-3.24,-12.18,-14.73,-3.69,-1.76,5.11,3.63,9.2,7.63,15.4,9.09,6.25,7.73,12.1,-4.71,-6.77,6.44,1.73,4.19,-0.89
2019,12,16,201912,-7.41,-2.4,-4.47,1.08,-1.43,-2.35,-0.91,-4.91,-10.03,-10.59,-4.47,-1.36,6.04,2.54,13.19,10.43,18.53,13.71,12.49,9.61,11.58,-8.33,-9.01,0.98,-2.62,1.45,-2.93
2019,12,17,201912,-6.77,-2.25,-3.92,2.81,-1.37,-3.02,-1.06,-4.23,-9.61,-9.37,-5.39,-3.28,10.25,3.9,17.26,15.7,22.03,10.38,8.54,3.12,3.43,-10.62,-8.99,-2.07,-5.92,1.48,-1.61
2019,12,18,201912,-4.92,-1.21,-4.54,0.14,-4.08,-6.65,-5.21,-8.49,-16.29,-12.85,-4.64,-4.27,1.22,-2.08,6.64,6.95,16.2,1.39,0.04,1.56,1.64,-6.59,-6.66,-1.16,-4.56,2.83,-0.55
2019,12,19,201912,-10.75,-8.53,-11.63,-5.63,-8.9,-6.02,-7.06,-8.54,-11.1,-9.85,-2.75,-2.24,-3.28,-5.47,2.29,0.48,10.29,0.79,-0.29,2.52,2.58,-4.73,-5.89,0.62,-3.32,3.94,1.1
2019,12,20,201912,-11.93,-9.27,-10.63,-4.75,-7.06,-2.31,-3.49,-4.56,-6.47,-10.01,-2.24,-0.16,-1.44,-2.69,3.9,1.21,15.01,2.59,1.77,3.44,5.46,-5.86,-3.69,0.99,-1.74,5.37,4.54
2019,12,21,201912,-8.38,-5.75,-8.58,-3.46,-5.75,-0.59,-1.03,-2.33,-4.95,-6.34,-0.26,1.61,-0.66,-0.96,7.93,3,17.55,6.15,4.36,6.38,7.33,-2.98,-1.78,2.32,-0.53,6.03,4.64
2019,12,22,201912,-4.23,-1.55,-3.5,-0.44,-2.43,0.71,0.45,0.14,-2.52,-3.35,1.31,2.88,2.18,1.26,11.24,6.45,19.58,8.68,6.89,6.59,6.72,-1.35,-1.7,3.51,0.86,6.02,2.97
2019,12,23,201912,-1.86,0.36,-0.61,1.31,0.59,1.38,2.06,0.65,-2.84,-5.62,2.25,4.06,5.47,3.68,13.04,9.55,18.37,9.17,9.05,7.74,7.26,-0.51,-2.36,4.61,1.48,5.27,2.02
2019,12,24,201912,-3.21,-0.21,-2.38,1.68,0.59,2.4,2.59,-1.09,-2.77,-6.12,2.79,6.06,7.14,5.09,13.96,12.9,15.6,10.67,9.2,9.17,8.8,-0.39,-1.73,6.23,1.92,4.02,-0.58
2019,12,25,201912,-6.17,-2.05,-3.2,0.76,-0.07,3.84,3.87,0.41,-1.18,-7.2,3.99,8.29,4.63,4.64,13.01,7.95,18.25,13.08,11.06,11.32,10.99,-0.46,-3.73,4.13,0.75,2.94,-1.25
2019,12,26,201912,-6.12,-0.63,-1.23,2.59,2.09,8.48,7.71,3.03,0.26,-6.16,2.13,10.68,6.22,6.65,11.63,8.65,19.83,14.17,12.03,13.65,12.68,-3.62,-5.63,2.38,-0.54,2.84,-1.69
2019,12,27,201912,-3.47,1.13,2.29,5.69,5.37,5.44,10.36,1.52,-5.15,-8.52,0.41,6.28,8.1,8.3,15.28,12.07,20.39,14.9,13.04,13.1,14.38,-4.34,-7.54,3.45,-1.03,2.1,-1.3
2019,12,28,201912,0.22,2.22,0.75,6.09,4.05,4.96,5.96,-1.08,-4.32,-6.34,2.71,9.08,10.6,9.39,17.1,14.62,20.29,16.2,14.7,15.11,14.78,-4.95,-8.18,0.84,-2.64,1.97,-0.93
2019,12,29,201912,-3.09,-0.17,-0.61,3.91,3.78,13.15,11.2,2.34,2.52,-3.83,0.39,12.51,10.38,9.73,18.79,16.02,20.74,18.04,16.28,13.21,10.15,-9.36,-8.85,-2.26,-4.21,3.37,0.71
2019,12,30,201912,-4.51,0.57,1.25,7.82,7.64,4.26,8.37,2.84,1.25,-6.33,-2.06,2.36,13.68,11.65,17.27,16.89,21.58,11.45,9.76,5.26,4.31,-10.98,-8.53,-0.72,-3.77,4.13,1.16
2019,12,31,201912,-2.13,1.86,0.48,5.15,2.95,-0.57,0.44,-1.75,-5.47,-9.74,-4.31,0.27,6.14,4.57,7.05,7.49,16.15,4.13,3.47,2.84,4.21,-9.79,-7.73,1.17,-3.08,4.11,1.57
